Name,Phone 1 - Type,Phone 1 - Value
Smart-016-331500,Mobile,+855016331500
Smart-016-331501,Mobile,+855016331501
Smart-016-331502,Mobile,+855016331502
Smart-016-331503,Mobile,+855016331503
Smart-016-331504,Mobile,+855016331504
Smart-016-331505,Mobile,+855016331505
Smart-016-331506,Mobile,+855016331506
Smart-016-331507,Mobile,+855016331507
Smart-016-331508,Mobile,+855016331508
Smart-016-331509,Mobile,+855016331509
Smart-016-331510,Mobile,+855016331510
Smart-016-331511,Mobile,+855016331511
Smart-016-331512,Mobile,+855016331512
Smart-016-331513,Mobile,+855016331513
Smart-016-331514,Mobile,+855016331514
Smart-016-331515,Mobile,+855016331515
Smart-016-331516,Mobile,+855016331516
Smart-016-331517,Mobile,+855016331517
Smart-016-331518,Mobile,+855016331518
Smart-016-331519,Mobile,+855016331519
Smart-016-331520,Mobile,+855016331520
Smart-016-331521,Mobile,+855016331521
Smart-016-331522,Mobile,+855016331522
Smart-016-331523,Mobile,+855016331523
Smart-016-331524,Mobile,+855016331524
Smart-016-331525,Mobile,+855016331525
Smart-016-331526,Mobile,+855016331526
Smart-016-331527,Mobile,+855016331527
Smart-016-331528,Mobile,+855016331528
Smart-016-331529,Mobile,+855016331529
Smart-016-331530,Mobile,+855016331530
Smart-016-331531,Mobile,+855016331531
Smart-016-331532,Mobile,+855016331532
Smart-016-331533,Mobile,+855016331533
Smart-016-331534,Mobile,+855016331534
Smart-016-331535,Mobile,+855016331535
Smart-016-331536,Mobile,+855016331536
Smart-016-331537,Mobile,+855016331537
Smart-016-331538,Mobile,+855016331538
Smart-016-331539,Mobile,+855016331539
Smart-016-331540,Mobile,+855016331540
Smart-016-331541,Mobile,+855016331541
Smart-016-331542,Mobile,+855016331542
Smart-016-331543,Mobile,+855016331543
Smart-016-331544,Mobile,+855016331544
Smart-016-331545,Mobile,+855016331545
Smart-016-331546,Mobile,+855016331546
Smart-016-331547,Mobile,+855016331547
Smart-016-331548,Mobile,+855016331548
Smart-016-331549,Mobile,+855016331549
Smart-016-331550,Mobile,+855016331550
Smart-016-331551,Mobile,+855016331551
Smart-016-331552,Mobile,+855016331552
Smart-016-331553,Mobile,+855016331553
Smart-016-331554,Mobile,+855016331554
Smart-016-331555,Mobile,+855016331555
Smart-016-331556,Mobile,+855016331556
Smart-016-331557,Mobile,+855016331557
Smart-016-331558,Mobile,+855016331558
Smart-016-331559,Mobile,+855016331559
Smart-016-331560,Mobile,+855016331560
Smart-016-331561,Mobile,+855016331561
Smart-016-331562,Mobile,+855016331562
Smart-016-331563,Mobile,+855016331563
Smart-016-331564,Mobile,+855016331564
Smart-016-331565,Mobile,+855016331565
Smart-016-331566,Mobile,+855016331566
Smart-016-331567,Mobile,+855016331567
Smart-016-331568,Mobile,+855016331568
Smart-016-331569,Mobile,+855016331569
Smart-016-331570,Mobile,+855016331570
Smart-016-331571,Mobile,+855016331571
Smart-016-331572,Mobile,+855016331572
Smart-016-331573,Mobile,+855016331573
Smart-016-331574,Mobile,+855016331574
Smart-016-331575,Mobile,+855016331575
Smart-016-331576,Mobile,+855016331576
Smart-016-331577,Mobile,+855016331577
Smart-016-331578,Mobile,+855016331578
Smart-016-331579,Mobile,+855016331579
Smart-016-331580,Mobile,+855016331580
Smart-016-331581,Mobile,+855016331581
Smart-016-331582,Mobile,+855016331582
Smart-016-331583,Mobile,+855016331583
Smart-016-331584,Mobile,+855016331584
Smart-016-331585,Mobile,+855016331585
Smart-016-331586,Mobile,+855016331586
Smart-016-331587,Mobile,+855016331587
Smart-016-331588,Mobile,+855016331588
Smart-016-331589,Mobile,+855016331589
Smart-016-331590,Mobile,+855016331590
Smart-016-331591,Mobile,+855016331591
Smart-016-331592,Mobile,+855016331592
Smart-016-331593,Mobile,+855016331593
Smart-016-331594,Mobile,+855016331594
Smart-016-331595,Mobile,+855016331595
Smart-016-331596,Mobile,+855016331596
Smart-016-331597,Mobile,+855016331597
Smart-016-331598,Mobile,+855016331598
Smart-016-331599,Mobile,+855016331599
Smart-016-331600,Mobile,+855016331600
Smart-016-331601,Mobile,+855016331601
Smart-016-331602,Mobile,+855016331602
Smart-016-331603,Mobile,+855016331603
Smart-016-331604,Mobile,+855016331604
Smart-016-331605,Mobile,+855016331605
Smart-016-331606,Mobile,+855016331606
Smart-016-331607,Mobile,+855016331607
Smart-016-331608,Mobile,+855016331608
Smart-016-331609,Mobile,+855016331609
Smart-016-331610,Mobile,+855016331610
Smart-016-331611,Mobile,+855016331611
Smart-016-331612,Mobile,+855016331612
Smart-016-331613,Mobile,+855016331613
Smart-016-331614,Mobile,+855016331614
Smart-016-331615,Mobile,+855016331615
Smart-016-331616,Mobile,+855016331616
Smart-016-331617,Mobile,+855016331617
Smart-016-331618,Mobile,+855016331618
Smart-016-331619,Mobile,+855016331619
Smart-016-331620,Mobile,+855016331620
Smart-016-331621,Mobile,+855016331621
Smart-016-331622,Mobile,+855016331622
Smart-016-331623,Mobile,+855016331623
Smart-016-331624,Mobile,+855016331624
Smart-016-331625,Mobile,+855016331625
Smart-016-331626,Mobile,+855016331626
Smart-016-331627,Mobile,+855016331627
Smart-016-331628,Mobile,+855016331628
Smart-016-331629,Mobile,+855016331629
Smart-016-331630,Mobile,+855016331630
Smart-016-331631,Mobile,+855016331631
Smart-016-331632,Mobile,+855016331632
Smart-016-331633,Mobile,+855016331633
Smart-016-331634,Mobile,+855016331634
Smart-016-331635,Mobile,+855016331635
Smart-016-331636,Mobile,+855016331636
Smart-016-331637,Mobile,+855016331637
Smart-016-331638,Mobile,+855016331638
Smart-016-331639,Mobile,+855016331639
Smart-016-331640,Mobile,+855016331640
Smart-016-331641,Mobile,+855016331641
Smart-016-331642,Mobile,+855016331642
Smart-016-331643,Mobile,+855016331643
Smart-016-331644,Mobile,+855016331644
Smart-016-331645,Mobile,+855016331645
Smart-016-331646,Mobile,+855016331646
Smart-016-331647,Mobile,+855016331647
Smart-016-331648,Mobile,+855016331648
Smart-016-331649,Mobile,+855016331649
Smart-016-331650,Mobile,+855016331650
Smart-016-331651,Mobile,+855016331651
Smart-016-331652,Mobile,+855016331652
Smart-016-331653,Mobile,+855016331653
Smart-016-331654,Mobile,+855016331654
Smart-016-331655,Mobile,+855016331655
Smart-016-331656,Mobile,+855016331656
Smart-016-331657,Mobile,+855016331657
Smart-016-331658,Mobile,+855016331658
Smart-016-331659,Mobile,+855016331659
Smart-016-331660,Mobile,+855016331660
Smart-016-331661,Mobile,+855016331661
Smart-016-331662,Mobile,+855016331662
Smart-016-331663,Mobile,+855016331663
Smart-016-331664,Mobile,+855016331664
Smart-016-331665,Mobile,+855016331665
Smart-016-331666,Mobile,+855016331666
Smart-016-331667,Mobile,+855016331667
Smart-016-331668,Mobile,+855016331668
Smart-016-331669,Mobile,+855016331669
Smart-016-331670,Mobile,+855016331670
Smart-016-331671,Mobile,+855016331671
Smart-016-331672,Mobile,+855016331672
Smart-016-331673,Mobile,+855016331673
Smart-016-331674,Mobile,+855016331674
Smart-016-331675,Mobile,+855016331675
Smart-016-331676,Mobile,+855016331676
Smart-016-331677,Mobile,+855016331677
Smart-016-331678,Mobile,+855016331678
Smart-016-331679,Mobile,+855016331679
Smart-016-331680,Mobile,+855016331680
Smart-016-331681,Mobile,+855016331681
Smart-016-331682,Mobile,+855016331682
Smart-016-331683,Mobile,+855016331683
Smart-016-331684,Mobile,+855016331684
Smart-016-331685,Mobile,+855016331685
Smart-016-331686,Mobile,+855016331686
Smart-016-331687,Mobile,+855016331687
Smart-016-331688,Mobile,+855016331688
Smart-016-331689,Mobile,+855016331689
Smart-016-331690,Mobile,+855016331690
Smart-016-331691,Mobile,+855016331691
Smart-016-331692,Mobile,+855016331692
Smart-016-331693,Mobile,+855016331693
Smart-016-331694,Mobile,+855016331694
Smart-016-331695,Mobile,+855016331695
Smart-016-331696,Mobile,+855016331696
Smart-016-331697,Mobile,+855016331697
Smart-016-331698,Mobile,+855016331698
Smart-016-331699,Mobile,+855016331699
Smart-016-331700,Mobile,+855016331700
Smart-016-331701,Mobile,+855016331701
Smart-016-331702,Mobile,+855016331702
Smart-016-331703,Mobile,+855016331703
Smart-016-331704,Mobile,+855016331704
Smart-016-331705,Mobile,+855016331705
Smart-016-331706,Mobile,+855016331706
Smart-016-331707,Mobile,+855016331707
Smart-016-331708,Mobile,+855016331708
Smart-016-331709,Mobile,+855016331709
Smart-016-331710,Mobile,+855016331710
Smart-016-331711,Mobile,+855016331711
Smart-016-331712,Mobile,+855016331712
Smart-016-331713,Mobile,+855016331713
Smart-016-331714,Mobile,+855016331714
Smart-016-331715,Mobile,+855016331715
Smart-016-331716,Mobile,+855016331716
Smart-016-331717,Mobile,+855016331717
Smart-016-331718,Mobile,+855016331718
Smart-016-331719,Mobile,+855016331719
Smart-016-331720,Mobile,+855016331720
Smart-016-331721,Mobile,+855016331721
Smart-016-331722,Mobile,+855016331722
Smart-016-331723,Mobile,+855016331723
Smart-016-331724,Mobile,+855016331724
Smart-016-331725,Mobile,+855016331725
Smart-016-331726,Mobile,+855016331726
Smart-016-331727,Mobile,+855016331727
Smart-016-331728,Mobile,+855016331728
Smart-016-331729,Mobile,+855016331729
Smart-016-331730,Mobile,+855016331730
Smart-016-331731,Mobile,+855016331731
Smart-016-331732,Mobile,+855016331732
Smart-016-331733,Mobile,+855016331733
Smart-016-331734,Mobile,+855016331734
Smart-016-331735,Mobile,+855016331735
Smart-016-331736,Mobile,+855016331736
Smart-016-331737,Mobile,+855016331737
Smart-016-331738,Mobile,+855016331738
Smart-016-331739,Mobile,+855016331739
Smart-016-331740,Mobile,+855016331740
Smart-016-331741,Mobile,+855016331741
Smart-016-331742,Mobile,+855016331742
Smart-016-331743,Mobile,+855016331743
Smart-016-331744,Mobile,+855016331744
Smart-016-331745,Mobile,+855016331745
Smart-016-331746,Mobile,+855016331746
Smart-016-331747,Mobile,+855016331747
Smart-016-331748,Mobile,+855016331748
Smart-016-331749,Mobile,+855016331749
Smart-016-331750,Mobile,+855016331750
Smart-016-331751,Mobile,+855016331751
Smart-016-331752,Mobile,+855016331752
Smart-016-331753,Mobile,+855016331753
Smart-016-331754,Mobile,+855016331754
Smart-016-331755,Mobile,+855016331755
Smart-016-331756,Mobile,+855016331756
Smart-016-331757,Mobile,+855016331757
Smart-016-331758,Mobile,+855016331758
Smart-016-331759,Mobile,+855016331759
Smart-016-331760,Mobile,+855016331760
Smart-016-331761,Mobile,+855016331761
Smart-016-331762,Mobile,+855016331762
Smart-016-331763,Mobile,+855016331763
Smart-016-331764,Mobile,+855016331764
Smart-016-331765,Mobile,+855016331765
Smart-016-331766,Mobile,+855016331766
Smart-016-331767,Mobile,+855016331767
Smart-016-331768,Mobile,+855016331768
Smart-016-331769,Mobile,+855016331769
Smart-016-331770,Mobile,+855016331770
Smart-016-331771,Mobile,+855016331771
Smart-016-331772,Mobile,+855016331772
Smart-016-331773,Mobile,+855016331773
Smart-016-331774,Mobile,+855016331774
Smart-016-331775,Mobile,+855016331775
Smart-016-331776,Mobile,+855016331776
Smart-016-331777,Mobile,+855016331777
Smart-016-331778,Mobile,+855016331778
Smart-016-331779,Mobile,+855016331779
Smart-016-331780,Mobile,+855016331780
Smart-016-331781,Mobile,+855016331781
Smart-016-331782,Mobile,+855016331782
Smart-016-331783,Mobile,+855016331783
Smart-016-331784,Mobile,+855016331784
Smart-016-331785,Mobile,+855016331785
Smart-016-331786,Mobile,+855016331786
Smart-016-331787,Mobile,+855016331787
Smart-016-331788,Mobile,+855016331788
Smart-016-331789,Mobile,+855016331789
Smart-016-331790,Mobile,+855016331790
Smart-016-331791,Mobile,+855016331791
Smart-016-331792,Mobile,+855016331792
Smart-016-331793,Mobile,+855016331793
Smart-016-331794,Mobile,+855016331794
Smart-016-331795,Mobile,+855016331795
Smart-016-331796,Mobile,+855016331796
Smart-016-331797,Mobile,+855016331797
Smart-016-331798,Mobile,+855016331798
Smart-016-331799,Mobile,+855016331799
Smart-016-331800,Mobile,+855016331800
Smart-016-331801,Mobile,+855016331801
Smart-016-331802,Mobile,+855016331802
Smart-016-331803,Mobile,+855016331803
Smart-016-331804,Mobile,+855016331804
Smart-016-331805,Mobile,+855016331805
Smart-016-331806,Mobile,+855016331806
Smart-016-331807,Mobile,+855016331807
Smart-016-331808,Mobile,+855016331808
Smart-016-331809,Mobile,+855016331809
Smart-016-331810,Mobile,+855016331810
Smart-016-331811,Mobile,+855016331811
Smart-016-331812,Mobile,+855016331812
Smart-016-331813,Mobile,+855016331813
Smart-016-331814,Mobile,+855016331814
Smart-016-331815,Mobile,+855016331815
Smart-016-331816,Mobile,+855016331816
Smart-016-331817,Mobile,+855016331817
Smart-016-331818,Mobile,+855016331818
Smart-016-331819,Mobile,+855016331819
Smart-016-331820,Mobile,+855016331820
Smart-016-331821,Mobile,+855016331821
Smart-016-331822,Mobile,+855016331822
Smart-016-331823,Mobile,+855016331823
Smart-016-331824,Mobile,+855016331824
Smart-016-331825,Mobile,+855016331825
Smart-016-331826,Mobile,+855016331826
Smart-016-331827,Mobile,+855016331827
Smart-016-331828,Mobile,+855016331828
Smart-016-331829,Mobile,+855016331829
Smart-016-331830,Mobile,+855016331830
Smart-016-331831,Mobile,+855016331831
Smart-016-331832,Mobile,+855016331832
Smart-016-331833,Mobile,+855016331833
Smart-016-331834,Mobile,+855016331834
Smart-016-331835,Mobile,+855016331835
Smart-016-331836,Mobile,+855016331836
Smart-016-331837,Mobile,+855016331837
Smart-016-331838,Mobile,+855016331838
Smart-016-331839,Mobile,+855016331839
Smart-016-331840,Mobile,+855016331840
Smart-016-331841,Mobile,+855016331841
Smart-016-331842,Mobile,+855016331842
Smart-016-331843,Mobile,+855016331843
Smart-016-331844,Mobile,+855016331844
Smart-016-331845,Mobile,+855016331845
Smart-016-331846,Mobile,+855016331846
Smart-016-331847,Mobile,+855016331847
Smart-016-331848,Mobile,+855016331848
Smart-016-331849,Mobile,+855016331849
Smart-016-331850,Mobile,+855016331850
Smart-016-331851,Mobile,+855016331851
Smart-016-331852,Mobile,+855016331852
Smart-016-331853,Mobile,+855016331853
Smart-016-331854,Mobile,+855016331854
Smart-016-331855,Mobile,+855016331855
Smart-016-331856,Mobile,+855016331856
Smart-016-331857,Mobile,+855016331857
Smart-016-331858,Mobile,+855016331858
Smart-016-331859,Mobile,+855016331859
Smart-016-331860,Mobile,+855016331860
Smart-016-331861,Mobile,+855016331861
Smart-016-331862,Mobile,+855016331862
Smart-016-331863,Mobile,+855016331863
Smart-016-331864,Mobile,+855016331864
Smart-016-331865,Mobile,+855016331865
Smart-016-331866,Mobile,+855016331866
Smart-016-331867,Mobile,+855016331867
Smart-016-331868,Mobile,+855016331868
Smart-016-331869,Mobile,+855016331869
Smart-016-331870,Mobile,+855016331870
Smart-016-331871,Mobile,+855016331871
Smart-016-331872,Mobile,+855016331872
Smart-016-331873,Mobile,+855016331873
Smart-016-331874,Mobile,+855016331874
Smart-016-331875,Mobile,+855016331875
Smart-016-331876,Mobile,+855016331876
Smart-016-331877,Mobile,+855016331877
Smart-016-331878,Mobile,+855016331878
Smart-016-331879,Mobile,+855016331879
Smart-016-331880,Mobile,+855016331880
Smart-016-331881,Mobile,+855016331881
Smart-016-331882,Mobile,+855016331882
Smart-016-331883,Mobile,+855016331883
Smart-016-331884,Mobile,+855016331884
Smart-016-331885,Mobile,+855016331885
Smart-016-331886,Mobile,+855016331886
Smart-016-331887,Mobile,+855016331887
Smart-016-331888,Mobile,+855016331888
Smart-016-331889,Mobile,+855016331889
Smart-016-331890,Mobile,+855016331890
Smart-016-331891,Mobile,+855016331891
Smart-016-331892,Mobile,+855016331892
Smart-016-331893,Mobile,+855016331893
Smart-016-331894,Mobile,+855016331894
Smart-016-331895,Mobile,+855016331895
Smart-016-331896,Mobile,+855016331896
Smart-016-331897,Mobile,+855016331897
Smart-016-331898,Mobile,+855016331898
Smart-016-331899,Mobile,+855016331899
Smart-016-331900,Mobile,+855016331900
Smart-016-331901,Mobile,+855016331901
Smart-016-331902,Mobile,+855016331902
Smart-016-331903,Mobile,+855016331903
Smart-016-331904,Mobile,+855016331904
Smart-016-331905,Mobile,+855016331905
Smart-016-331906,Mobile,+855016331906
Smart-016-331907,Mobile,+855016331907
Smart-016-331908,Mobile,+855016331908
Smart-016-331909,Mobile,+855016331909
Smart-016-331910,Mobile,+855016331910
Smart-016-331911,Mobile,+855016331911
Smart-016-331912,Mobile,+855016331912
Smart-016-331913,Mobile,+855016331913
Smart-016-331914,Mobile,+855016331914
Smart-016-331915,Mobile,+855016331915
Smart-016-331916,Mobile,+855016331916
Smart-016-331917,Mobile,+855016331917
Smart-016-331918,Mobile,+855016331918
Smart-016-331919,Mobile,+855016331919
Smart-016-331920,Mobile,+855016331920
Smart-016-331921,Mobile,+855016331921
Smart-016-331922,Mobile,+855016331922
Smart-016-331923,Mobile,+855016331923
Smart-016-331924,Mobile,+855016331924
Smart-016-331925,Mobile,+855016331925
Smart-016-331926,Mobile,+855016331926
Smart-016-331927,Mobile,+855016331927
Smart-016-331928,Mobile,+855016331928
Smart-016-331929,Mobile,+855016331929
Smart-016-331930,Mobile,+855016331930
Smart-016-331931,Mobile,+855016331931
Smart-016-331932,Mobile,+855016331932
Smart-016-331933,Mobile,+855016331933
Smart-016-331934,Mobile,+855016331934
Smart-016-331935,Mobile,+855016331935
Smart-016-331936,Mobile,+855016331936
Smart-016-331937,Mobile,+855016331937
Smart-016-331938,Mobile,+855016331938
Smart-016-331939,Mobile,+855016331939
Smart-016-331940,Mobile,+855016331940
Smart-016-331941,Mobile,+855016331941
Smart-016-331942,Mobile,+855016331942
Smart-016-331943,Mobile,+855016331943
Smart-016-331944,Mobile,+855016331944
Smart-016-331945,Mobile,+855016331945
Smart-016-331946,Mobile,+855016331946
Smart-016-331947,Mobile,+855016331947
Smart-016-331948,Mobile,+855016331948
Smart-016-331949,Mobile,+855016331949
Smart-016-331950,Mobile,+855016331950
Smart-016-331951,Mobile,+855016331951
Smart-016-331952,Mobile,+855016331952
Smart-016-331953,Mobile,+855016331953
Smart-016-331954,Mobile,+855016331954
Smart-016-331955,Mobile,+855016331955
Smart-016-331956,Mobile,+855016331956
Smart-016-331957,Mobile,+855016331957
Smart-016-331958,Mobile,+855016331958
Smart-016-331959,Mobile,+855016331959
Smart-016-331960,Mobile,+855016331960
Smart-016-331961,Mobile,+855016331961
Smart-016-331962,Mobile,+855016331962
Smart-016-331963,Mobile,+855016331963
Smart-016-331964,Mobile,+855016331964
Smart-016-331965,Mobile,+855016331965
Smart-016-331966,Mobile,+855016331966
Smart-016-331967,Mobile,+855016331967
Smart-016-331968,Mobile,+855016331968
Smart-016-331969,Mobile,+855016331969
Smart-016-331970,Mobile,+855016331970
Smart-016-331971,Mobile,+855016331971
Smart-016-331972,Mobile,+855016331972
Smart-016-331973,Mobile,+855016331973
Smart-016-331974,Mobile,+855016331974
Smart-016-331975,Mobile,+855016331975
Smart-016-331976,Mobile,+855016331976
Smart-016-331977,Mobile,+855016331977
Smart-016-331978,Mobile,+855016331978
Smart-016-331979,Mobile,+855016331979
Smart-016-331980,Mobile,+855016331980
Smart-016-331981,Mobile,+855016331981
Smart-016-331982,Mobile,+855016331982
Smart-016-331983,Mobile,+855016331983
Smart-016-331984,Mobile,+855016331984
Smart-016-331985,Mobile,+855016331985
Smart-016-331986,Mobile,+855016331986
Smart-016-331987,Mobile,+855016331987
Smart-016-331988,Mobile,+855016331988
Smart-016-331989,Mobile,+855016331989
Smart-016-331990,Mobile,+855016331990
Smart-016-331991,Mobile,+855016331991
Smart-016-331992,Mobile,+855016331992
Smart-016-331993,Mobile,+855016331993
Smart-016-331994,Mobile,+855016331994
Smart-016-331995,Mobile,+855016331995
Smart-016-331996,Mobile,+855016331996
Smart-016-331997,Mobile,+855016331997
Smart-016-331998,Mobile,+855016331998
Smart-016-331999,Mobile,+855016331999
Smart-016-332000,Mobile,+855016332000
Smart-016-332001,Mobile,+855016332001
Smart-016-332002,Mobile,+855016332002
Smart-016-332003,Mobile,+855016332003
Smart-016-332004,Mobile,+855016332004
Smart-016-332005,Mobile,+855016332005
Smart-016-332006,Mobile,+855016332006
Smart-016-332007,Mobile,+855016332007
Smart-016-332008,Mobile,+855016332008
Smart-016-332009,Mobile,+855016332009
Smart-016-332010,Mobile,+855016332010
Smart-016-332011,Mobile,+855016332011
Smart-016-332012,Mobile,+855016332012
Smart-016-332013,Mobile,+855016332013
Smart-016-332014,Mobile,+855016332014
Smart-016-332015,Mobile,+855016332015
Smart-016-332016,Mobile,+855016332016
Smart-016-332017,Mobile,+855016332017
Smart-016-332018,Mobile,+855016332018
Smart-016-332019,Mobile,+855016332019
Smart-016-332020,Mobile,+855016332020
Smart-016-332021,Mobile,+855016332021
Smart-016-332022,Mobile,+855016332022
Smart-016-332023,Mobile,+855016332023
Smart-016-332024,Mobile,+855016332024
Smart-016-332025,Mobile,+855016332025
Smart-016-332026,Mobile,+855016332026
Smart-016-332027,Mobile,+855016332027
Smart-016-332028,Mobile,+855016332028
Smart-016-332029,Mobile,+855016332029
Smart-016-332030,Mobile,+855016332030
Smart-016-332031,Mobile,+855016332031
Smart-016-332032,Mobile,+855016332032
Smart-016-332033,Mobile,+855016332033
Smart-016-332034,Mobile,+855016332034
Smart-016-332035,Mobile,+855016332035
Smart-016-332036,Mobile,+855016332036
Smart-016-332037,Mobile,+855016332037
Smart-016-332038,Mobile,+855016332038
Smart-016-332039,Mobile,+855016332039
Smart-016-332040,Mobile,+855016332040
Smart-016-332041,Mobile,+855016332041
Smart-016-332042,Mobile,+855016332042
Smart-016-332043,Mobile,+855016332043
Smart-016-332044,Mobile,+855016332044
Smart-016-332045,Mobile,+855016332045
Smart-016-332046,Mobile,+855016332046
Smart-016-332047,Mobile,+855016332047
Smart-016-332048,Mobile,+855016332048
Smart-016-332049,Mobile,+855016332049
Smart-016-332050,Mobile,+855016332050
Smart-016-332051,Mobile,+855016332051
Smart-016-332052,Mobile,+855016332052
Smart-016-332053,Mobile,+855016332053
Smart-016-332054,Mobile,+855016332054
Smart-016-332055,Mobile,+855016332055
Smart-016-332056,Mobile,+855016332056
Smart-016-332057,Mobile,+855016332057
Smart-016-332058,Mobile,+855016332058
Smart-016-332059,Mobile,+855016332059
Smart-016-332060,Mobile,+855016332060
Smart-016-332061,Mobile,+855016332061
Smart-016-332062,Mobile,+855016332062
Smart-016-332063,Mobile,+855016332063
Smart-016-332064,Mobile,+855016332064
Smart-016-332065,Mobile,+855016332065
Smart-016-332066,Mobile,+855016332066
Smart-016-332067,Mobile,+855016332067
Smart-016-332068,Mobile,+855016332068
Smart-016-332069,Mobile,+855016332069
Smart-016-332070,Mobile,+855016332070
Smart-016-332071,Mobile,+855016332071
Smart-016-332072,Mobile,+855016332072
Smart-016-332073,Mobile,+855016332073
Smart-016-332074,Mobile,+855016332074
Smart-016-332075,Mobile,+855016332075
Smart-016-332076,Mobile,+855016332076
Smart-016-332077,Mobile,+855016332077
Smart-016-332078,Mobile,+855016332078
Smart-016-332079,Mobile,+855016332079
Smart-016-332080,Mobile,+855016332080
Smart-016-332081,Mobile,+855016332081
Smart-016-332082,Mobile,+855016332082
Smart-016-332083,Mobile,+855016332083
Smart-016-332084,Mobile,+855016332084
Smart-016-332085,Mobile,+855016332085
Smart-016-332086,Mobile,+855016332086
Smart-016-332087,Mobile,+855016332087
Smart-016-332088,Mobile,+855016332088
Smart-016-332089,Mobile,+855016332089
Smart-016-332090,Mobile,+855016332090
Smart-016-332091,Mobile,+855016332091
Smart-016-332092,Mobile,+855016332092
Smart-016-332093,Mobile,+855016332093
Smart-016-332094,Mobile,+855016332094
Smart-016-332095,Mobile,+855016332095
Smart-016-332096,Mobile,+855016332096
Smart-016-332097,Mobile,+855016332097
Smart-016-332098,Mobile,+855016332098
Smart-016-332099,Mobile,+855016332099
Smart-016-332100,Mobile,+855016332100
Smart-016-332101,Mobile,+855016332101
Smart-016-332102,Mobile,+855016332102
Smart-016-332103,Mobile,+855016332103
Smart-016-332104,Mobile,+855016332104
Smart-016-332105,Mobile,+855016332105
Smart-016-332106,Mobile,+855016332106
Smart-016-332107,Mobile,+855016332107
Smart-016-332108,Mobile,+855016332108
Smart-016-332109,Mobile,+855016332109
Smart-016-332110,Mobile,+855016332110
Smart-016-332111,Mobile,+855016332111
Smart-016-332112,Mobile,+855016332112
Smart-016-332113,Mobile,+855016332113
Smart-016-332114,Mobile,+855016332114
Smart-016-332115,Mobile,+855016332115
Smart-016-332116,Mobile,+855016332116
Smart-016-332117,Mobile,+855016332117
Smart-016-332118,Mobile,+855016332118
Smart-016-332119,Mobile,+855016332119
Smart-016-332120,Mobile,+855016332120
Smart-016-332121,Mobile,+855016332121
Smart-016-332122,Mobile,+855016332122
Smart-016-332123,Mobile,+855016332123
Smart-016-332124,Mobile,+855016332124
Smart-016-332125,Mobile,+855016332125
Smart-016-332126,Mobile,+855016332126
Smart-016-332127,Mobile,+855016332127
Smart-016-332128,Mobile,+855016332128
Smart-016-332129,Mobile,+855016332129
Smart-016-332130,Mobile,+855016332130
Smart-016-332131,Mobile,+855016332131
Smart-016-332132,Mobile,+855016332132
Smart-016-332133,Mobile,+855016332133
Smart-016-332134,Mobile,+855016332134
Smart-016-332135,Mobile,+855016332135
Smart-016-332136,Mobile,+855016332136
Smart-016-332137,Mobile,+855016332137
Smart-016-332138,Mobile,+855016332138
Smart-016-332139,Mobile,+855016332139
Smart-016-332140,Mobile,+855016332140
Smart-016-332141,Mobile,+855016332141
Smart-016-332142,Mobile,+855016332142
Smart-016-332143,Mobile,+855016332143
Smart-016-332144,Mobile,+855016332144
Smart-016-332145,Mobile,+855016332145
Smart-016-332146,Mobile,+855016332146
Smart-016-332147,Mobile,+855016332147
Smart-016-332148,Mobile,+855016332148
Smart-016-332149,Mobile,+855016332149
Smart-016-332150,Mobile,+855016332150
Smart-016-332151,Mobile,+855016332151
Smart-016-332152,Mobile,+855016332152
Smart-016-332153,Mobile,+855016332153
Smart-016-332154,Mobile,+855016332154
Smart-016-332155,Mobile,+855016332155
Smart-016-332156,Mobile,+855016332156
Smart-016-332157,Mobile,+855016332157
Smart-016-332158,Mobile,+855016332158
Smart-016-332159,Mobile,+855016332159
Smart-016-332160,Mobile,+855016332160
Smart-016-332161,Mobile,+855016332161
Smart-016-332162,Mobile,+855016332162
Smart-016-332163,Mobile,+855016332163
Smart-016-332164,Mobile,+855016332164
Smart-016-332165,Mobile,+855016332165
Smart-016-332166,Mobile,+855016332166
Smart-016-332167,Mobile,+855016332167
Smart-016-332168,Mobile,+855016332168
Smart-016-332169,Mobile,+855016332169
Smart-016-332170,Mobile,+855016332170
Smart-016-332171,Mobile,+855016332171
Smart-016-332172,Mobile,+855016332172
Smart-016-332173,Mobile,+855016332173
Smart-016-332174,Mobile,+855016332174
Smart-016-332175,Mobile,+855016332175
Smart-016-332176,Mobile,+855016332176
Smart-016-332177,Mobile,+855016332177
Smart-016-332178,Mobile,+855016332178
Smart-016-332179,Mobile,+855016332179
Smart-016-332180,Mobile,+855016332180
Smart-016-332181,Mobile,+855016332181
Smart-016-332182,Mobile,+855016332182
Smart-016-332183,Mobile,+855016332183
Smart-016-332184,Mobile,+855016332184
Smart-016-332185,Mobile,+855016332185
Smart-016-332186,Mobile,+855016332186
Smart-016-332187,Mobile,+855016332187
Smart-016-332188,Mobile,+855016332188
Smart-016-332189,Mobile,+855016332189
Smart-016-332190,Mobile,+855016332190
Smart-016-332191,Mobile,+855016332191
Smart-016-332192,Mobile,+855016332192
Smart-016-332193,Mobile,+855016332193
Smart-016-332194,Mobile,+855016332194
Smart-016-332195,Mobile,+855016332195
Smart-016-332196,Mobile,+855016332196
Smart-016-332197,Mobile,+855016332197
Smart-016-332198,Mobile,+855016332198
Smart-016-332199,Mobile,+855016332199
Smart-016-332200,Mobile,+855016332200
Smart-016-332201,Mobile,+855016332201
Smart-016-332202,Mobile,+855016332202
Smart-016-332203,Mobile,+855016332203
Smart-016-332204,Mobile,+855016332204
Smart-016-332205,Mobile,+855016332205
Smart-016-332206,Mobile,+855016332206
Smart-016-332207,Mobile,+855016332207
Smart-016-332208,Mobile,+855016332208
Smart-016-332209,Mobile,+855016332209
Smart-016-332210,Mobile,+855016332210
Smart-016-332211,Mobile,+855016332211
Smart-016-332212,Mobile,+855016332212
Smart-016-332213,Mobile,+855016332213
Smart-016-332214,Mobile,+855016332214
Smart-016-332215,Mobile,+855016332215
Smart-016-332216,Mobile,+855016332216
Smart-016-332217,Mobile,+855016332217
Smart-016-332218,Mobile,+855016332218
Smart-016-332219,Mobile,+855016332219
Smart-016-332220,Mobile,+855016332220
Smart-016-332221,Mobile,+855016332221
Smart-016-332222,Mobile,+855016332222
Smart-016-332223,Mobile,+855016332223
Smart-016-332224,Mobile,+855016332224
Smart-016-332225,Mobile,+855016332225
Smart-016-332226,Mobile,+855016332226
Smart-016-332227,Mobile,+855016332227
Smart-016-332228,Mobile,+855016332228
Smart-016-332229,Mobile,+855016332229
Smart-016-332230,Mobile,+855016332230
Smart-016-332231,Mobile,+855016332231
Smart-016-332232,Mobile,+855016332232
Smart-016-332233,Mobile,+855016332233
Smart-016-332234,Mobile,+855016332234
Smart-016-332235,Mobile,+855016332235
Smart-016-332236,Mobile,+855016332236
Smart-016-332237,Mobile,+855016332237
Smart-016-332238,Mobile,+855016332238
Smart-016-332239,Mobile,+855016332239
Smart-016-332240,Mobile,+855016332240
Smart-016-332241,Mobile,+855016332241
Smart-016-332242,Mobile,+855016332242
Smart-016-332243,Mobile,+855016332243
Smart-016-332244,Mobile,+855016332244
Smart-016-332245,Mobile,+855016332245
Smart-016-332246,Mobile,+855016332246
Smart-016-332247,Mobile,+855016332247
Smart-016-332248,Mobile,+855016332248
Smart-016-332249,Mobile,+855016332249
Smart-016-332250,Mobile,+855016332250
Smart-016-332251,Mobile,+855016332251
Smart-016-332252,Mobile,+855016332252
Smart-016-332253,Mobile,+855016332253
Smart-016-332254,Mobile,+855016332254
Smart-016-332255,Mobile,+855016332255
Smart-016-332256,Mobile,+855016332256
Smart-016-332257,Mobile,+855016332257
Smart-016-332258,Mobile,+855016332258
Smart-016-332259,Mobile,+855016332259
Smart-016-332260,Mobile,+855016332260
Smart-016-332261,Mobile,+855016332261
Smart-016-332262,Mobile,+855016332262
Smart-016-332263,Mobile,+855016332263
Smart-016-332264,Mobile,+855016332264
Smart-016-332265,Mobile,+855016332265
Smart-016-332266,Mobile,+855016332266
Smart-016-332267,Mobile,+855016332267
Smart-016-332268,Mobile,+855016332268
Smart-016-332269,Mobile,+855016332269
Smart-016-332270,Mobile,+855016332270
Smart-016-332271,Mobile,+855016332271
Smart-016-332272,Mobile,+855016332272
Smart-016-332273,Mobile,+855016332273
Smart-016-332274,Mobile,+855016332274
Smart-016-332275,Mobile,+855016332275
Smart-016-332276,Mobile,+855016332276
Smart-016-332277,Mobile,+855016332277
Smart-016-332278,Mobile,+855016332278
Smart-016-332279,Mobile,+855016332279
Smart-016-332280,Mobile,+855016332280
Smart-016-332281,Mobile,+855016332281
Smart-016-332282,Mobile,+855016332282
Smart-016-332283,Mobile,+855016332283
Smart-016-332284,Mobile,+855016332284
Smart-016-332285,Mobile,+855016332285
Smart-016-332286,Mobile,+855016332286
Smart-016-332287,Mobile,+855016332287
Smart-016-332288,Mobile,+855016332288
Smart-016-332289,Mobile,+855016332289
Smart-016-332290,Mobile,+855016332290
Smart-016-332291,Mobile,+855016332291
Smart-016-332292,Mobile,+855016332292
Smart-016-332293,Mobile,+855016332293
Smart-016-332294,Mobile,+855016332294
Smart-016-332295,Mobile,+855016332295
Smart-016-332296,Mobile,+855016332296
Smart-016-332297,Mobile,+855016332297
Smart-016-332298,Mobile,+855016332298
Smart-016-332299,Mobile,+855016332299
Smart-016-332300,Mobile,+855016332300
Smart-016-332301,Mobile,+855016332301
Smart-016-332302,Mobile,+855016332302
Smart-016-332303,Mobile,+855016332303
Smart-016-332304,Mobile,+855016332304
Smart-016-332305,Mobile,+855016332305
Smart-016-332306,Mobile,+855016332306
Smart-016-332307,Mobile,+855016332307
Smart-016-332308,Mobile,+855016332308
Smart-016-332309,Mobile,+855016332309
Smart-016-332310,Mobile,+855016332310
Smart-016-332311,Mobile,+855016332311
Smart-016-332312,Mobile,+855016332312
Smart-016-332313,Mobile,+855016332313
Smart-016-332314,Mobile,+855016332314
Smart-016-332315,Mobile,+855016332315
Smart-016-332316,Mobile,+855016332316
Smart-016-332317,Mobile,+855016332317
Smart-016-332318,Mobile,+855016332318
Smart-016-332319,Mobile,+855016332319
Smart-016-332320,Mobile,+855016332320
Smart-016-332321,Mobile,+855016332321
Smart-016-332322,Mobile,+855016332322
Smart-016-332323,Mobile,+855016332323
Smart-016-332324,Mobile,+855016332324
Smart-016-332325,Mobile,+855016332325
Smart-016-332326,Mobile,+855016332326
Smart-016-332327,Mobile,+855016332327
Smart-016-332328,Mobile,+855016332328
Smart-016-332329,Mobile,+855016332329
Smart-016-332330,Mobile,+855016332330
Smart-016-332331,Mobile,+855016332331
Smart-016-332332,Mobile,+855016332332
Smart-016-332333,Mobile,+855016332333
Smart-016-332334,Mobile,+855016332334
Smart-016-332335,Mobile,+855016332335
Smart-016-332336,Mobile,+855016332336
Smart-016-332337,Mobile,+855016332337
Smart-016-332338,Mobile,+855016332338
Smart-016-332339,Mobile,+855016332339
Smart-016-332340,Mobile,+855016332340
Smart-016-332341,Mobile,+855016332341
Smart-016-332342,Mobile,+855016332342
Smart-016-332343,Mobile,+855016332343
Smart-016-332344,Mobile,+855016332344
Smart-016-332345,Mobile,+855016332345
Smart-016-332346,Mobile,+855016332346
Smart-016-332347,Mobile,+855016332347
Smart-016-332348,Mobile,+855016332348
Smart-016-332349,Mobile,+855016332349
Smart-016-332350,Mobile,+855016332350
Smart-016-332351,Mobile,+855016332351
Smart-016-332352,Mobile,+855016332352
Smart-016-332353,Mobile,+855016332353
Smart-016-332354,Mobile,+855016332354
Smart-016-332355,Mobile,+855016332355
Smart-016-332356,Mobile,+855016332356
Smart-016-332357,Mobile,+855016332357
Smart-016-332358,Mobile,+855016332358
Smart-016-332359,Mobile,+855016332359
Smart-016-332360,Mobile,+855016332360
Smart-016-332361,Mobile,+855016332361
Smart-016-332362,Mobile,+855016332362
Smart-016-332363,Mobile,+855016332363
Smart-016-332364,Mobile,+855016332364
Smart-016-332365,Mobile,+855016332365
Smart-016-332366,Mobile,+855016332366
Smart-016-332367,Mobile,+855016332367
Smart-016-332368,Mobile,+855016332368
Smart-016-332369,Mobile,+855016332369
Smart-016-332370,Mobile,+855016332370
Smart-016-332371,Mobile,+855016332371
Smart-016-332372,Mobile,+855016332372
Smart-016-332373,Mobile,+855016332373
Smart-016-332374,Mobile,+855016332374
Smart-016-332375,Mobile,+855016332375
Smart-016-332376,Mobile,+855016332376
Smart-016-332377,Mobile,+855016332377
Smart-016-332378,Mobile,+855016332378
Smart-016-332379,Mobile,+855016332379
Smart-016-332380,Mobile,+855016332380
Smart-016-332381,Mobile,+855016332381
Smart-016-332382,Mobile,+855016332382
Smart-016-332383,Mobile,+855016332383
Smart-016-332384,Mobile,+855016332384
Smart-016-332385,Mobile,+855016332385
Smart-016-332386,Mobile,+855016332386
Smart-016-332387,Mobile,+855016332387
Smart-016-332388,Mobile,+855016332388
Smart-016-332389,Mobile,+855016332389
Smart-016-332390,Mobile,+855016332390
Smart-016-332391,Mobile,+855016332391
Smart-016-332392,Mobile,+855016332392
Smart-016-332393,Mobile,+855016332393
Smart-016-332394,Mobile,+855016332394
Smart-016-332395,Mobile,+855016332395
Smart-016-332396,Mobile,+855016332396
Smart-016-332397,Mobile,+855016332397
Smart-016-332398,Mobile,+855016332398
Smart-016-332399,Mobile,+855016332399
Smart-016-332400,Mobile,+855016332400
Smart-016-332401,Mobile,+855016332401
Smart-016-332402,Mobile,+855016332402
Smart-016-332403,Mobile,+855016332403
Smart-016-332404,Mobile,+855016332404
Smart-016-332405,Mobile,+855016332405
Smart-016-332406,Mobile,+855016332406
Smart-016-332407,Mobile,+855016332407
Smart-016-332408,Mobile,+855016332408
Smart-016-332409,Mobile,+855016332409
Smart-016-332410,Mobile,+855016332410
Smart-016-332411,Mobile,+855016332411
Smart-016-332412,Mobile,+855016332412
Smart-016-332413,Mobile,+855016332413
Smart-016-332414,Mobile,+855016332414
Smart-016-332415,Mobile,+855016332415
Smart-016-332416,Mobile,+855016332416
Smart-016-332417,Mobile,+855016332417
Smart-016-332418,Mobile,+855016332418
Smart-016-332419,Mobile,+855016332419
Smart-016-332420,Mobile,+855016332420
Smart-016-332421,Mobile,+855016332421
Smart-016-332422,Mobile,+855016332422
Smart-016-332423,Mobile,+855016332423
Smart-016-332424,Mobile,+855016332424
Smart-016-332425,Mobile,+855016332425
Smart-016-332426,Mobile,+855016332426
Smart-016-332427,Mobile,+855016332427
Smart-016-332428,Mobile,+855016332428
Smart-016-332429,Mobile,+855016332429
Smart-016-332430,Mobile,+855016332430
Smart-016-332431,Mobile,+855016332431
Smart-016-332432,Mobile,+855016332432
Smart-016-332433,Mobile,+855016332433
Smart-016-332434,Mobile,+855016332434
Smart-016-332435,Mobile,+855016332435
Smart-016-332436,Mobile,+855016332436
Smart-016-332437,Mobile,+855016332437
Smart-016-332438,Mobile,+855016332438
Smart-016-332439,Mobile,+855016332439
Smart-016-332440,Mobile,+855016332440
Smart-016-332441,Mobile,+855016332441
Smart-016-332442,Mobile,+855016332442
Smart-016-332443,Mobile,+855016332443
Smart-016-332444,Mobile,+855016332444
Smart-016-332445,Mobile,+855016332445
Smart-016-332446,Mobile,+855016332446
Smart-016-332447,Mobile,+855016332447
Smart-016-332448,Mobile,+855016332448
Smart-016-332449,Mobile,+855016332449
Smart-016-332450,Mobile,+855016332450
Smart-016-332451,Mobile,+855016332451
Smart-016-332452,Mobile,+855016332452
Smart-016-332453,Mobile,+855016332453
Smart-016-332454,Mobile,+855016332454
Smart-016-332455,Mobile,+855016332455
Smart-016-332456,Mobile,+855016332456
Smart-016-332457,Mobile,+855016332457
Smart-016-332458,Mobile,+855016332458
Smart-016-332459,Mobile,+855016332459
Smart-016-332460,Mobile,+855016332460
Smart-016-332461,Mobile,+855016332461
Smart-016-332462,Mobile,+855016332462
Smart-016-332463,Mobile,+855016332463
Smart-016-332464,Mobile,+855016332464
Smart-016-332465,Mobile,+855016332465
Smart-016-332466,Mobile,+855016332466
Smart-016-332467,Mobile,+855016332467
Smart-016-332468,Mobile,+855016332468
Smart-016-332469,Mobile,+855016332469
Smart-016-332470,Mobile,+855016332470
Smart-016-332471,Mobile,+855016332471
Smart-016-332472,Mobile,+855016332472
Smart-016-332473,Mobile,+855016332473
Smart-016-332474,Mobile,+855016332474
Smart-016-332475,Mobile,+855016332475
Smart-016-332476,Mobile,+855016332476
Smart-016-332477,Mobile,+855016332477
Smart-016-332478,Mobile,+855016332478
Smart-016-332479,Mobile,+855016332479
Smart-016-332480,Mobile,+855016332480
Smart-016-332481,Mobile,+855016332481
Smart-016-332482,Mobile,+855016332482
Smart-016-332483,Mobile,+855016332483
Smart-016-332484,Mobile,+855016332484
Smart-016-332485,Mobile,+855016332485
Smart-016-332486,Mobile,+855016332486
Smart-016-332487,Mobile,+855016332487
Smart-016-332488,Mobile,+855016332488
Smart-016-332489,Mobile,+855016332489
Smart-016-332490,Mobile,+855016332490
Smart-016-332491,Mobile,+855016332491
Smart-016-332492,Mobile,+855016332492
Smart-016-332493,Mobile,+855016332493
Smart-016-332494,Mobile,+855016332494
Smart-016-332495,Mobile,+855016332495
Smart-016-332496,Mobile,+855016332496
Smart-016-332497,Mobile,+855016332497
Smart-016-332498,Mobile,+855016332498
Smart-016-332499,Mobile,+855016332499
Smart-016-332500,Mobile,+855016332500
Smart-016-332501,Mobile,+855016332501
Smart-016-332502,Mobile,+855016332502
Smart-016-332503,Mobile,+855016332503
Smart-016-332504,Mobile,+855016332504
Smart-016-332505,Mobile,+855016332505
Smart-016-332506,Mobile,+855016332506
Smart-016-332507,Mobile,+855016332507
Smart-016-332508,Mobile,+855016332508
Smart-016-332509,Mobile,+855016332509
Smart-016-332510,Mobile,+855016332510
Smart-016-332511,Mobile,+855016332511
Smart-016-332512,Mobile,+855016332512
Smart-016-332513,Mobile,+855016332513
Smart-016-332514,Mobile,+855016332514
Smart-016-332515,Mobile,+855016332515
Smart-016-332516,Mobile,+855016332516
Smart-016-332517,Mobile,+855016332517
Smart-016-332518,Mobile,+855016332518
Smart-016-332519,Mobile,+855016332519
Smart-016-332520,Mobile,+855016332520
Smart-016-332521,Mobile,+855016332521
Smart-016-332522,Mobile,+855016332522
Smart-016-332523,Mobile,+855016332523
Smart-016-332524,Mobile,+855016332524
Smart-016-332525,Mobile,+855016332525
Smart-016-332526,Mobile,+855016332526
Smart-016-332527,Mobile,+855016332527
Smart-016-332528,Mobile,+855016332528
Smart-016-332529,Mobile,+855016332529
Smart-016-332530,Mobile,+855016332530
Smart-016-332531,Mobile,+855016332531
Smart-016-332532,Mobile,+855016332532
Smart-016-332533,Mobile,+855016332533
Smart-016-332534,Mobile,+855016332534
Smart-016-332535,Mobile,+855016332535
Smart-016-332536,Mobile,+855016332536
Smart-016-332537,Mobile,+855016332537
Smart-016-332538,Mobile,+855016332538
Smart-016-332539,Mobile,+855016332539
Smart-016-332540,Mobile,+855016332540
Smart-016-332541,Mobile,+855016332541
Smart-016-332542,Mobile,+855016332542
Smart-016-332543,Mobile,+855016332543
Smart-016-332544,Mobile,+855016332544
Smart-016-332545,Mobile,+855016332545
Smart-016-332546,Mobile,+855016332546
Smart-016-332547,Mobile,+855016332547
Smart-016-332548,Mobile,+855016332548
Smart-016-332549,Mobile,+855016332549
Smart-016-332550,Mobile,+855016332550
Smart-016-332551,Mobile,+855016332551
Smart-016-332552,Mobile,+855016332552
Smart-016-332553,Mobile,+855016332553
Smart-016-332554,Mobile,+855016332554
Smart-016-332555,Mobile,+855016332555
Smart-016-332556,Mobile,+855016332556
Smart-016-332557,Mobile,+855016332557
Smart-016-332558,Mobile,+855016332558
Smart-016-332559,Mobile,+855016332559
Smart-016-332560,Mobile,+855016332560
Smart-016-332561,Mobile,+855016332561
Smart-016-332562,Mobile,+855016332562
Smart-016-332563,Mobile,+855016332563
Smart-016-332564,Mobile,+855016332564
Smart-016-332565,Mobile,+855016332565
Smart-016-332566,Mobile,+855016332566
Smart-016-332567,Mobile,+855016332567
Smart-016-332568,Mobile,+855016332568
Smart-016-332569,Mobile,+855016332569
Smart-016-332570,Mobile,+855016332570
Smart-016-332571,Mobile,+855016332571
Smart-016-332572,Mobile,+855016332572
Smart-016-332573,Mobile,+855016332573
Smart-016-332574,Mobile,+855016332574
Smart-016-332575,Mobile,+855016332575
Smart-016-332576,Mobile,+855016332576
Smart-016-332577,Mobile,+855016332577
Smart-016-332578,Mobile,+855016332578
Smart-016-332579,Mobile,+855016332579
Smart-016-332580,Mobile,+855016332580
Smart-016-332581,Mobile,+855016332581
Smart-016-332582,Mobile,+855016332582
Smart-016-332583,Mobile,+855016332583
Smart-016-332584,Mobile,+855016332584
Smart-016-332585,Mobile,+855016332585
Smart-016-332586,Mobile,+855016332586
Smart-016-332587,Mobile,+855016332587
Smart-016-332588,Mobile,+855016332588
Smart-016-332589,Mobile,+855016332589
Smart-016-332590,Mobile,+855016332590
Smart-016-332591,Mobile,+855016332591
Smart-016-332592,Mobile,+855016332592
Smart-016-332593,Mobile,+855016332593
Smart-016-332594,Mobile,+855016332594
Smart-016-332595,Mobile,+855016332595
Smart-016-332596,Mobile,+855016332596
Smart-016-332597,Mobile,+855016332597
Smart-016-332598,Mobile,+855016332598
Smart-016-332599,Mobile,+855016332599
Smart-016-332600,Mobile,+855016332600
Smart-016-332601,Mobile,+855016332601
Smart-016-332602,Mobile,+855016332602
Smart-016-332603,Mobile,+855016332603
Smart-016-332604,Mobile,+855016332604
Smart-016-332605,Mobile,+855016332605
Smart-016-332606,Mobile,+855016332606
Smart-016-332607,Mobile,+855016332607
Smart-016-332608,Mobile,+855016332608
Smart-016-332609,Mobile,+855016332609
Smart-016-332610,Mobile,+855016332610
Smart-016-332611,Mobile,+855016332611
Smart-016-332612,Mobile,+855016332612
Smart-016-332613,Mobile,+855016332613
Smart-016-332614,Mobile,+855016332614
Smart-016-332615,Mobile,+855016332615
Smart-016-332616,Mobile,+855016332616
Smart-016-332617,Mobile,+855016332617
Smart-016-332618,Mobile,+855016332618
Smart-016-332619,Mobile,+855016332619
Smart-016-332620,Mobile,+855016332620
Smart-016-332621,Mobile,+855016332621
Smart-016-332622,Mobile,+855016332622
Smart-016-332623,Mobile,+855016332623
Smart-016-332624,Mobile,+855016332624
Smart-016-332625,Mobile,+855016332625
Smart-016-332626,Mobile,+855016332626
Smart-016-332627,Mobile,+855016332627
Smart-016-332628,Mobile,+855016332628
Smart-016-332629,Mobile,+855016332629
Smart-016-332630,Mobile,+855016332630
Smart-016-332631,Mobile,+855016332631
Smart-016-332632,Mobile,+855016332632
Smart-016-332633,Mobile,+855016332633
Smart-016-332634,Mobile,+855016332634
Smart-016-332635,Mobile,+855016332635
Smart-016-332636,Mobile,+855016332636
Smart-016-332637,Mobile,+855016332637
Smart-016-332638,Mobile,+855016332638
Smart-016-332639,Mobile,+855016332639
Smart-016-332640,Mobile,+855016332640
Smart-016-332641,Mobile,+855016332641
Smart-016-332642,Mobile,+855016332642
Smart-016-332643,Mobile,+855016332643
Smart-016-332644,Mobile,+855016332644
Smart-016-332645,Mobile,+855016332645
Smart-016-332646,Mobile,+855016332646
Smart-016-332647,Mobile,+855016332647
Smart-016-332648,Mobile,+855016332648
Smart-016-332649,Mobile,+855016332649
Smart-016-332650,Mobile,+855016332650
Smart-016-332651,Mobile,+855016332651
Smart-016-332652,Mobile,+855016332652
Smart-016-332653,Mobile,+855016332653
Smart-016-332654,Mobile,+855016332654
Smart-016-332655,Mobile,+855016332655
Smart-016-332656,Mobile,+855016332656
Smart-016-332657,Mobile,+855016332657
Smart-016-332658,Mobile,+855016332658
Smart-016-332659,Mobile,+855016332659
Smart-016-332660,Mobile,+855016332660
Smart-016-332661,Mobile,+855016332661
Smart-016-332662,Mobile,+855016332662
Smart-016-332663,Mobile,+855016332663
Smart-016-332664,Mobile,+855016332664
Smart-016-332665,Mobile,+855016332665
Smart-016-332666,Mobile,+855016332666
Smart-016-332667,Mobile,+855016332667
Smart-016-332668,Mobile,+855016332668
Smart-016-332669,Mobile,+855016332669
Smart-016-332670,Mobile,+855016332670
Smart-016-332671,Mobile,+855016332671
Smart-016-332672,Mobile,+855016332672
Smart-016-332673,Mobile,+855016332673
Smart-016-332674,Mobile,+855016332674
Smart-016-332675,Mobile,+855016332675
Smart-016-332676,Mobile,+855016332676
Smart-016-332677,Mobile,+855016332677
Smart-016-332678,Mobile,+855016332678
Smart-016-332679,Mobile,+855016332679
Smart-016-332680,Mobile,+855016332680
Smart-016-332681,Mobile,+855016332681
Smart-016-332682,Mobile,+855016332682
Smart-016-332683,Mobile,+855016332683
Smart-016-332684,Mobile,+855016332684
Smart-016-332685,Mobile,+855016332685
Smart-016-332686,Mobile,+855016332686
Smart-016-332687,Mobile,+855016332687
Smart-016-332688,Mobile,+855016332688
Smart-016-332689,Mobile,+855016332689
Smart-016-332690,Mobile,+855016332690
Smart-016-332691,Mobile,+855016332691
Smart-016-332692,Mobile,+855016332692
Smart-016-332693,Mobile,+855016332693
Smart-016-332694,Mobile,+855016332694
Smart-016-332695,Mobile,+855016332695
Smart-016-332696,Mobile,+855016332696
Smart-016-332697,Mobile,+855016332697
Smart-016-332698,Mobile,+855016332698
Smart-016-332699,Mobile,+855016332699
Smart-016-332700,Mobile,+855016332700
Smart-016-332701,Mobile,+855016332701
Smart-016-332702,Mobile,+855016332702
Smart-016-332703,Mobile,+855016332703
Smart-016-332704,Mobile,+855016332704
Smart-016-332705,Mobile,+855016332705
Smart-016-332706,Mobile,+855016332706
Smart-016-332707,Mobile,+855016332707
Smart-016-332708,Mobile,+855016332708
Smart-016-332709,Mobile,+855016332709
Smart-016-332710,Mobile,+855016332710
Smart-016-332711,Mobile,+855016332711
Smart-016-332712,Mobile,+855016332712
Smart-016-332713,Mobile,+855016332713
Smart-016-332714,Mobile,+855016332714
Smart-016-332715,Mobile,+855016332715
Smart-016-332716,Mobile,+855016332716
Smart-016-332717,Mobile,+855016332717
Smart-016-332718,Mobile,+855016332718
Smart-016-332719,Mobile,+855016332719
Smart-016-332720,Mobile,+855016332720
Smart-016-332721,Mobile,+855016332721
Smart-016-332722,Mobile,+855016332722
Smart-016-332723,Mobile,+855016332723
Smart-016-332724,Mobile,+855016332724
Smart-016-332725,Mobile,+855016332725
Smart-016-332726,Mobile,+855016332726
Smart-016-332727,Mobile,+855016332727
Smart-016-332728,Mobile,+855016332728
Smart-016-332729,Mobile,+855016332729
Smart-016-332730,Mobile,+855016332730
Smart-016-332731,Mobile,+855016332731
Smart-016-332732,Mobile,+855016332732
Smart-016-332733,Mobile,+855016332733
Smart-016-332734,Mobile,+855016332734
Smart-016-332735,Mobile,+855016332735
Smart-016-332736,Mobile,+855016332736
Smart-016-332737,Mobile,+855016332737
Smart-016-332738,Mobile,+855016332738
Smart-016-332739,Mobile,+855016332739
Smart-016-332740,Mobile,+855016332740
Smart-016-332741,Mobile,+855016332741
Smart-016-332742,Mobile,+855016332742
Smart-016-332743,Mobile,+855016332743
Smart-016-332744,Mobile,+855016332744
Smart-016-332745,Mobile,+855016332745
Smart-016-332746,Mobile,+855016332746
Smart-016-332747,Mobile,+855016332747
Smart-016-332748,Mobile,+855016332748
Smart-016-332749,Mobile,+855016332749
Smart-016-332750,Mobile,+855016332750
Smart-016-332751,Mobile,+855016332751
Smart-016-332752,Mobile,+855016332752
Smart-016-332753,Mobile,+855016332753
Smart-016-332754,Mobile,+855016332754
Smart-016-332755,Mobile,+855016332755
Smart-016-332756,Mobile,+855016332756
Smart-016-332757,Mobile,+855016332757
Smart-016-332758,Mobile,+855016332758
Smart-016-332759,Mobile,+855016332759
Smart-016-332760,Mobile,+855016332760
Smart-016-332761,Mobile,+855016332761
Smart-016-332762,Mobile,+855016332762
Smart-016-332763,Mobile,+855016332763
Smart-016-332764,Mobile,+855016332764
Smart-016-332765,Mobile,+855016332765
Smart-016-332766,Mobile,+855016332766
Smart-016-332767,Mobile,+855016332767
Smart-016-332768,Mobile,+855016332768
Smart-016-332769,Mobile,+855016332769
Smart-016-332770,Mobile,+855016332770
Smart-016-332771,Mobile,+855016332771
Smart-016-332772,Mobile,+855016332772
Smart-016-332773,Mobile,+855016332773
Smart-016-332774,Mobile,+855016332774
Smart-016-332775,Mobile,+855016332775
Smart-016-332776,Mobile,+855016332776
Smart-016-332777,Mobile,+855016332777
Smart-016-332778,Mobile,+855016332778
Smart-016-332779,Mobile,+855016332779
Smart-016-332780,Mobile,+855016332780
Smart-016-332781,Mobile,+855016332781
Smart-016-332782,Mobile,+855016332782
Smart-016-332783,Mobile,+855016332783
Smart-016-332784,Mobile,+855016332784
Smart-016-332785,Mobile,+855016332785
Smart-016-332786,Mobile,+855016332786
Smart-016-332787,Mobile,+855016332787
Smart-016-332788,Mobile,+855016332788
Smart-016-332789,Mobile,+855016332789
Smart-016-332790,Mobile,+855016332790
Smart-016-332791,Mobile,+855016332791
Smart-016-332792,Mobile,+855016332792
Smart-016-332793,Mobile,+855016332793
Smart-016-332794,Mobile,+855016332794
Smart-016-332795,Mobile,+855016332795
Smart-016-332796,Mobile,+855016332796
Smart-016-332797,Mobile,+855016332797
Smart-016-332798,Mobile,+855016332798
Smart-016-332799,Mobile,+855016332799
Smart-016-332800,Mobile,+855016332800
Smart-016-332801,Mobile,+855016332801
Smart-016-332802,Mobile,+855016332802
Smart-016-332803,Mobile,+855016332803
Smart-016-332804,Mobile,+855016332804
Smart-016-332805,Mobile,+855016332805
Smart-016-332806,Mobile,+855016332806
Smart-016-332807,Mobile,+855016332807
Smart-016-332808,Mobile,+855016332808
Smart-016-332809,Mobile,+855016332809
Smart-016-332810,Mobile,+855016332810
Smart-016-332811,Mobile,+855016332811
Smart-016-332812,Mobile,+855016332812
Smart-016-332813,Mobile,+855016332813
Smart-016-332814,Mobile,+855016332814
Smart-016-332815,Mobile,+855016332815
Smart-016-332816,Mobile,+855016332816
Smart-016-332817,Mobile,+855016332817
Smart-016-332818,Mobile,+855016332818
Smart-016-332819,Mobile,+855016332819
Smart-016-332820,Mobile,+855016332820
Smart-016-332821,Mobile,+855016332821
Smart-016-332822,Mobile,+855016332822
Smart-016-332823,Mobile,+855016332823
Smart-016-332824,Mobile,+855016332824
Smart-016-332825,Mobile,+855016332825
Smart-016-332826,Mobile,+855016332826
Smart-016-332827,Mobile,+855016332827
Smart-016-332828,Mobile,+855016332828
Smart-016-332829,Mobile,+855016332829
Smart-016-332830,Mobile,+855016332830
Smart-016-332831,Mobile,+855016332831
Smart-016-332832,Mobile,+855016332832
Smart-016-332833,Mobile,+855016332833
Smart-016-332834,Mobile,+855016332834
Smart-016-332835,Mobile,+855016332835
Smart-016-332836,Mobile,+855016332836
Smart-016-332837,Mobile,+855016332837
Smart-016-332838,Mobile,+855016332838
Smart-016-332839,Mobile,+855016332839
Smart-016-332840,Mobile,+855016332840
Smart-016-332841,Mobile,+855016332841
Smart-016-332842,Mobile,+855016332842
Smart-016-332843,Mobile,+855016332843
Smart-016-332844,Mobile,+855016332844
Smart-016-332845,Mobile,+855016332845
Smart-016-332846,Mobile,+855016332846
Smart-016-332847,Mobile,+855016332847
Smart-016-332848,Mobile,+855016332848
Smart-016-332849,Mobile,+855016332849
Smart-016-332850,Mobile,+855016332850
Smart-016-332851,Mobile,+855016332851
Smart-016-332852,Mobile,+855016332852
Smart-016-332853,Mobile,+855016332853
Smart-016-332854,Mobile,+855016332854
Smart-016-332855,Mobile,+855016332855
Smart-016-332856,Mobile,+855016332856
Smart-016-332857,Mobile,+855016332857
Smart-016-332858,Mobile,+855016332858
Smart-016-332859,Mobile,+855016332859
Smart-016-332860,Mobile,+855016332860
Smart-016-332861,Mobile,+855016332861
Smart-016-332862,Mobile,+855016332862
Smart-016-332863,Mobile,+855016332863
Smart-016-332864,Mobile,+855016332864
Smart-016-332865,Mobile,+855016332865
Smart-016-332866,Mobile,+855016332866
Smart-016-332867,Mobile,+855016332867
Smart-016-332868,Mobile,+855016332868
Smart-016-332869,Mobile,+855016332869
Smart-016-332870,Mobile,+855016332870
Smart-016-332871,Mobile,+855016332871
Smart-016-332872,Mobile,+855016332872
Smart-016-332873,Mobile,+855016332873
Smart-016-332874,Mobile,+855016332874
Smart-016-332875,Mobile,+855016332875
Smart-016-332876,Mobile,+855016332876
Smart-016-332877,Mobile,+855016332877
Smart-016-332878,Mobile,+855016332878
Smart-016-332879,Mobile,+855016332879
Smart-016-332880,Mobile,+855016332880
Smart-016-332881,Mobile,+855016332881
Smart-016-332882,Mobile,+855016332882
Smart-016-332883,Mobile,+855016332883
Smart-016-332884,Mobile,+855016332884
Smart-016-332885,Mobile,+855016332885
Smart-016-332886,Mobile,+855016332886
Smart-016-332887,Mobile,+855016332887
Smart-016-332888,Mobile,+855016332888
Smart-016-332889,Mobile,+855016332889
Smart-016-332890,Mobile,+855016332890
Smart-016-332891,Mobile,+855016332891
Smart-016-332892,Mobile,+855016332892
Smart-016-332893,Mobile,+855016332893
Smart-016-332894,Mobile,+855016332894
Smart-016-332895,Mobile,+855016332895
Smart-016-332896,Mobile,+855016332896
Smart-016-332897,Mobile,+855016332897
Smart-016-332898,Mobile,+855016332898
Smart-016-332899,Mobile,+855016332899
Smart-016-332900,Mobile,+855016332900
Smart-016-332901,Mobile,+855016332901
Smart-016-332902,Mobile,+855016332902
Smart-016-332903,Mobile,+855016332903
Smart-016-332904,Mobile,+855016332904
Smart-016-332905,Mobile,+855016332905
Smart-016-332906,Mobile,+855016332906
Smart-016-332907,Mobile,+855016332907
Smart-016-332908,Mobile,+855016332908
Smart-016-332909,Mobile,+855016332909
Smart-016-332910,Mobile,+855016332910
Smart-016-332911,Mobile,+855016332911
Smart-016-332912,Mobile,+855016332912
Smart-016-332913,Mobile,+855016332913
Smart-016-332914,Mobile,+855016332914
Smart-016-332915,Mobile,+855016332915
Smart-016-332916,Mobile,+855016332916
Smart-016-332917,Mobile,+855016332917
Smart-016-332918,Mobile,+855016332918
Smart-016-332919,Mobile,+855016332919
Smart-016-332920,Mobile,+855016332920
Smart-016-332921,Mobile,+855016332921
Smart-016-332922,Mobile,+855016332922
Smart-016-332923,Mobile,+855016332923
Smart-016-332924,Mobile,+855016332924
Smart-016-332925,Mobile,+855016332925
Smart-016-332926,Mobile,+855016332926
Smart-016-332927,Mobile,+855016332927
Smart-016-332928,Mobile,+855016332928
Smart-016-332929,Mobile,+855016332929
Smart-016-332930,Mobile,+855016332930
Smart-016-332931,Mobile,+855016332931
Smart-016-332932,Mobile,+855016332932
Smart-016-332933,Mobile,+855016332933
Smart-016-332934,Mobile,+855016332934
Smart-016-332935,Mobile,+855016332935
Smart-016-332936,Mobile,+855016332936
Smart-016-332937,Mobile,+855016332937
Smart-016-332938,Mobile,+855016332938
Smart-016-332939,Mobile,+855016332939
Smart-016-332940,Mobile,+855016332940
Smart-016-332941,Mobile,+855016332941
Smart-016-332942,Mobile,+855016332942
Smart-016-332943,Mobile,+855016332943
Smart-016-332944,Mobile,+855016332944
Smart-016-332945,Mobile,+855016332945
Smart-016-332946,Mobile,+855016332946
Smart-016-332947,Mobile,+855016332947
Smart-016-332948,Mobile,+855016332948
Smart-016-332949,Mobile,+855016332949
Smart-016-332950,Mobile,+855016332950
Smart-016-332951,Mobile,+855016332951
Smart-016-332952,Mobile,+855016332952
Smart-016-332953,Mobile,+855016332953
Smart-016-332954,Mobile,+855016332954
Smart-016-332955,Mobile,+855016332955
Smart-016-332956,Mobile,+855016332956
Smart-016-332957,Mobile,+855016332957
Smart-016-332958,Mobile,+855016332958
Smart-016-332959,Mobile,+855016332959
Smart-016-332960,Mobile,+855016332960
Smart-016-332961,Mobile,+855016332961
Smart-016-332962,Mobile,+855016332962
Smart-016-332963,Mobile,+855016332963
Smart-016-332964,Mobile,+855016332964
Smart-016-332965,Mobile,+855016332965
Smart-016-332966,Mobile,+855016332966
Smart-016-332967,Mobile,+855016332967
Smart-016-332968,Mobile,+855016332968
Smart-016-332969,Mobile,+855016332969
Smart-016-332970,Mobile,+855016332970
Smart-016-332971,Mobile,+855016332971
Smart-016-332972,Mobile,+855016332972
Smart-016-332973,Mobile,+855016332973
Smart-016-332974,Mobile,+855016332974
Smart-016-332975,Mobile,+855016332975
Smart-016-332976,Mobile,+855016332976
Smart-016-332977,Mobile,+855016332977
Smart-016-332978,Mobile,+855016332978
Smart-016-332979,Mobile,+855016332979
Smart-016-332980,Mobile,+855016332980
Smart-016-332981,Mobile,+855016332981
Smart-016-332982,Mobile,+855016332982
Smart-016-332983,Mobile,+855016332983
Smart-016-332984,Mobile,+855016332984
Smart-016-332985,Mobile,+855016332985
Smart-016-332986,Mobile,+855016332986
Smart-016-332987,Mobile,+855016332987
Smart-016-332988,Mobile,+855016332988
Smart-016-332989,Mobile,+855016332989
Smart-016-332990,Mobile,+855016332990
Smart-016-332991,Mobile,+855016332991
Smart-016-332992,Mobile,+855016332992
Smart-016-332993,Mobile,+855016332993
Smart-016-332994,Mobile,+855016332994
Smart-016-332995,Mobile,+855016332995
Smart-016-332996,Mobile,+855016332996
Smart-016-332997,Mobile,+855016332997
Smart-016-332998,Mobile,+855016332998
Smart-016-332999,Mobile,+855016332999
Smart-016-333000,Mobile,+855016333000
Smart-016-333001,Mobile,+855016333001
Smart-016-333002,Mobile,+855016333002
Smart-016-333003,Mobile,+855016333003
Smart-016-333004,Mobile,+855016333004
Smart-016-333005,Mobile,+855016333005
Smart-016-333006,Mobile,+855016333006
Smart-016-333007,Mobile,+855016333007
Smart-016-333008,Mobile,+855016333008
Smart-016-333009,Mobile,+855016333009
Smart-016-333010,Mobile,+855016333010
Smart-016-333011,Mobile,+855016333011
Smart-016-333012,Mobile,+855016333012
Smart-016-333013,Mobile,+855016333013
Smart-016-333014,Mobile,+855016333014
Smart-016-333015,Mobile,+855016333015
Smart-016-333016,Mobile,+855016333016
Smart-016-333017,Mobile,+855016333017
Smart-016-333018,Mobile,+855016333018
Smart-016-333019,Mobile,+855016333019
Smart-016-333020,Mobile,+855016333020
Smart-016-333021,Mobile,+855016333021
Smart-016-333022,Mobile,+855016333022
Smart-016-333023,Mobile,+855016333023
Smart-016-333024,Mobile,+855016333024
Smart-016-333025,Mobile,+855016333025
Smart-016-333026,Mobile,+855016333026
Smart-016-333027,Mobile,+855016333027
Smart-016-333028,Mobile,+855016333028
Smart-016-333029,Mobile,+855016333029
Smart-016-333030,Mobile,+855016333030
Smart-016-333031,Mobile,+855016333031
Smart-016-333032,Mobile,+855016333032
Smart-016-333033,Mobile,+855016333033
Smart-016-333034,Mobile,+855016333034
Smart-016-333035,Mobile,+855016333035
Smart-016-333036,Mobile,+855016333036
Smart-016-333037,Mobile,+855016333037
Smart-016-333038,Mobile,+855016333038
Smart-016-333039,Mobile,+855016333039
Smart-016-333040,Mobile,+855016333040
Smart-016-333041,Mobile,+855016333041
Smart-016-333042,Mobile,+855016333042
Smart-016-333043,Mobile,+855016333043
Smart-016-333044,Mobile,+855016333044
Smart-016-333045,Mobile,+855016333045
Smart-016-333046,Mobile,+855016333046
Smart-016-333047,Mobile,+855016333047
Smart-016-333048,Mobile,+855016333048
Smart-016-333049,Mobile,+855016333049
Smart-016-333050,Mobile,+855016333050
Smart-016-333051,Mobile,+855016333051
Smart-016-333052,Mobile,+855016333052
Smart-016-333053,Mobile,+855016333053
Smart-016-333054,Mobile,+855016333054
Smart-016-333055,Mobile,+855016333055
Smart-016-333056,Mobile,+855016333056
Smart-016-333057,Mobile,+855016333057
Smart-016-333058,Mobile,+855016333058
Smart-016-333059,Mobile,+855016333059
Smart-016-333060,Mobile,+855016333060
Smart-016-333061,Mobile,+855016333061
Smart-016-333062,Mobile,+855016333062
Smart-016-333063,Mobile,+855016333063
Smart-016-333064,Mobile,+855016333064
Smart-016-333065,Mobile,+855016333065
Smart-016-333066,Mobile,+855016333066
Smart-016-333067,Mobile,+855016333067
Smart-016-333068,Mobile,+855016333068
Smart-016-333069,Mobile,+855016333069
Smart-016-333070,Mobile,+855016333070
Smart-016-333071,Mobile,+855016333071
Smart-016-333072,Mobile,+855016333072
Smart-016-333073,Mobile,+855016333073
Smart-016-333074,Mobile,+855016333074
Smart-016-333075,Mobile,+855016333075
Smart-016-333076,Mobile,+855016333076
Smart-016-333077,Mobile,+855016333077
Smart-016-333078,Mobile,+855016333078
Smart-016-333079,Mobile,+855016333079
Smart-016-333080,Mobile,+855016333080
Smart-016-333081,Mobile,+855016333081
Smart-016-333082,Mobile,+855016333082
Smart-016-333083,Mobile,+855016333083
Smart-016-333084,Mobile,+855016333084
Smart-016-333085,Mobile,+855016333085
Smart-016-333086,Mobile,+855016333086
Smart-016-333087,Mobile,+855016333087
Smart-016-333088,Mobile,+855016333088
Smart-016-333089,Mobile,+855016333089
Smart-016-333090,Mobile,+855016333090
Smart-016-333091,Mobile,+855016333091
Smart-016-333092,Mobile,+855016333092
Smart-016-333093,Mobile,+855016333093
Smart-016-333094,Mobile,+855016333094
Smart-016-333095,Mobile,+855016333095
Smart-016-333096,Mobile,+855016333096
Smart-016-333097,Mobile,+855016333097
Smart-016-333098,Mobile,+855016333098
Smart-016-333099,Mobile,+855016333099
Smart-016-333100,Mobile,+855016333100
Smart-016-333101,Mobile,+855016333101
Smart-016-333102,Mobile,+855016333102
Smart-016-333103,Mobile,+855016333103
Smart-016-333104,Mobile,+855016333104
Smart-016-333105,Mobile,+855016333105
Smart-016-333106,Mobile,+855016333106
Smart-016-333107,Mobile,+855016333107
Smart-016-333108,Mobile,+855016333108
Smart-016-333109,Mobile,+855016333109
Smart-016-333110,Mobile,+855016333110
Smart-016-333111,Mobile,+855016333111
Smart-016-333112,Mobile,+855016333112
Smart-016-333113,Mobile,+855016333113
Smart-016-333114,Mobile,+855016333114
Smart-016-333115,Mobile,+855016333115
Smart-016-333116,Mobile,+855016333116
Smart-016-333117,Mobile,+855016333117
Smart-016-333118,Mobile,+855016333118
Smart-016-333119,Mobile,+855016333119
Smart-016-333120,Mobile,+855016333120
Smart-016-333121,Mobile,+855016333121
Smart-016-333122,Mobile,+855016333122
Smart-016-333123,Mobile,+855016333123
Smart-016-333124,Mobile,+855016333124
Smart-016-333125,Mobile,+855016333125
Smart-016-333126,Mobile,+855016333126
Smart-016-333127,Mobile,+855016333127
Smart-016-333128,Mobile,+855016333128
Smart-016-333129,Mobile,+855016333129
Smart-016-333130,Mobile,+855016333130
Smart-016-333131,Mobile,+855016333131
Smart-016-333132,Mobile,+855016333132
Smart-016-333133,Mobile,+855016333133
Smart-016-333134,Mobile,+855016333134
Smart-016-333135,Mobile,+855016333135
Smart-016-333136,Mobile,+855016333136
Smart-016-333137,Mobile,+855016333137
Smart-016-333138,Mobile,+855016333138
Smart-016-333139,Mobile,+855016333139
Smart-016-333140,Mobile,+855016333140
Smart-016-333141,Mobile,+855016333141
Smart-016-333142,Mobile,+855016333142
Smart-016-333143,Mobile,+855016333143
Smart-016-333144,Mobile,+855016333144
Smart-016-333145,Mobile,+855016333145
Smart-016-333146,Mobile,+855016333146
Smart-016-333147,Mobile,+855016333147
Smart-016-333148,Mobile,+855016333148
Smart-016-333149,Mobile,+855016333149
Smart-016-333150,Mobile,+855016333150
Smart-016-333151,Mobile,+855016333151
Smart-016-333152,Mobile,+855016333152
Smart-016-333153,Mobile,+855016333153
Smart-016-333154,Mobile,+855016333154
Smart-016-333155,Mobile,+855016333155
Smart-016-333156,Mobile,+855016333156
Smart-016-333157,Mobile,+855016333157
Smart-016-333158,Mobile,+855016333158
Smart-016-333159,Mobile,+855016333159
Smart-016-333160,Mobile,+855016333160
Smart-016-333161,Mobile,+855016333161
Smart-016-333162,Mobile,+855016333162
Smart-016-333163,Mobile,+855016333163
Smart-016-333164,Mobile,+855016333164
Smart-016-333165,Mobile,+855016333165
Smart-016-333166,Mobile,+855016333166
Smart-016-333167,Mobile,+855016333167
Smart-016-333168,Mobile,+855016333168
Smart-016-333169,Mobile,+855016333169
Smart-016-333170,Mobile,+855016333170
Smart-016-333171,Mobile,+855016333171
Smart-016-333172,Mobile,+855016333172
Smart-016-333173,Mobile,+855016333173
Smart-016-333174,Mobile,+855016333174
Smart-016-333175,Mobile,+855016333175
Smart-016-333176,Mobile,+855016333176
Smart-016-333177,Mobile,+855016333177
Smart-016-333178,Mobile,+855016333178
Smart-016-333179,Mobile,+855016333179
Smart-016-333180,Mobile,+855016333180
Smart-016-333181,Mobile,+855016333181
Smart-016-333182,Mobile,+855016333182
Smart-016-333183,Mobile,+855016333183
Smart-016-333184,Mobile,+855016333184
Smart-016-333185,Mobile,+855016333185
Smart-016-333186,Mobile,+855016333186
Smart-016-333187,Mobile,+855016333187
Smart-016-333188,Mobile,+855016333188
Smart-016-333189,Mobile,+855016333189
Smart-016-333190,Mobile,+855016333190
Smart-016-333191,Mobile,+855016333191
Smart-016-333192,Mobile,+855016333192
Smart-016-333193,Mobile,+855016333193
Smart-016-333194,Mobile,+855016333194
Smart-016-333195,Mobile,+855016333195
Smart-016-333196,Mobile,+855016333196
Smart-016-333197,Mobile,+855016333197
Smart-016-333198,Mobile,+855016333198
Smart-016-333199,Mobile,+855016333199
Smart-016-333200,Mobile,+855016333200
Smart-016-333201,Mobile,+855016333201
Smart-016-333202,Mobile,+855016333202
Smart-016-333203,Mobile,+855016333203
Smart-016-333204,Mobile,+855016333204
Smart-016-333205,Mobile,+855016333205
Smart-016-333206,Mobile,+855016333206
Smart-016-333207,Mobile,+855016333207
Smart-016-333208,Mobile,+855016333208
Smart-016-333209,Mobile,+855016333209
Smart-016-333210,Mobile,+855016333210
Smart-016-333211,Mobile,+855016333211
Smart-016-333212,Mobile,+855016333212
Smart-016-333213,Mobile,+855016333213
Smart-016-333214,Mobile,+855016333214
Smart-016-333215,Mobile,+855016333215
Smart-016-333216,Mobile,+855016333216
Smart-016-333217,Mobile,+855016333217
Smart-016-333218,Mobile,+855016333218
Smart-016-333219,Mobile,+855016333219
Smart-016-333220,Mobile,+855016333220
Smart-016-333221,Mobile,+855016333221
Smart-016-333222,Mobile,+855016333222
Smart-016-333223,Mobile,+855016333223
Smart-016-333224,Mobile,+855016333224
Smart-016-333225,Mobile,+855016333225
Smart-016-333226,Mobile,+855016333226
Smart-016-333227,Mobile,+855016333227
Smart-016-333228,Mobile,+855016333228
Smart-016-333229,Mobile,+855016333229
Smart-016-333230,Mobile,+855016333230
Smart-016-333231,Mobile,+855016333231
Smart-016-333232,Mobile,+855016333232
Smart-016-333233,Mobile,+855016333233
Smart-016-333234,Mobile,+855016333234
Smart-016-333235,Mobile,+855016333235
Smart-016-333236,Mobile,+855016333236
Smart-016-333237,Mobile,+855016333237
Smart-016-333238,Mobile,+855016333238
Smart-016-333239,Mobile,+855016333239
Smart-016-333240,Mobile,+855016333240
Smart-016-333241,Mobile,+855016333241
Smart-016-333242,Mobile,+855016333242
Smart-016-333243,Mobile,+855016333243
Smart-016-333244,Mobile,+855016333244
Smart-016-333245,Mobile,+855016333245
Smart-016-333246,Mobile,+855016333246
Smart-016-333247,Mobile,+855016333247
Smart-016-333248,Mobile,+855016333248
Smart-016-333249,Mobile,+855016333249
Smart-016-333250,Mobile,+855016333250
Smart-016-333251,Mobile,+855016333251
Smart-016-333252,Mobile,+855016333252
Smart-016-333253,Mobile,+855016333253
Smart-016-333254,Mobile,+855016333254
Smart-016-333255,Mobile,+855016333255
Smart-016-333256,Mobile,+855016333256
Smart-016-333257,Mobile,+855016333257
Smart-016-333258,Mobile,+855016333258
Smart-016-333259,Mobile,+855016333259
Smart-016-333260,Mobile,+855016333260
Smart-016-333261,Mobile,+855016333261
Smart-016-333262,Mobile,+855016333262
Smart-016-333263,Mobile,+855016333263
Smart-016-333264,Mobile,+855016333264
Smart-016-333265,Mobile,+855016333265
Smart-016-333266,Mobile,+855016333266
Smart-016-333267,Mobile,+855016333267
Smart-016-333268,Mobile,+855016333268
Smart-016-333269,Mobile,+855016333269
Smart-016-333270,Mobile,+855016333270
Smart-016-333271,Mobile,+855016333271
Smart-016-333272,Mobile,+855016333272
Smart-016-333273,Mobile,+855016333273
Smart-016-333274,Mobile,+855016333274
Smart-016-333275,Mobile,+855016333275
Smart-016-333276,Mobile,+855016333276
Smart-016-333277,Mobile,+855016333277
Smart-016-333278,Mobile,+855016333278
Smart-016-333279,Mobile,+855016333279
Smart-016-333280,Mobile,+855016333280
Smart-016-333281,Mobile,+855016333281
Smart-016-333282,Mobile,+855016333282
Smart-016-333283,Mobile,+855016333283
Smart-016-333284,Mobile,+855016333284
Smart-016-333285,Mobile,+855016333285
Smart-016-333286,Mobile,+855016333286
Smart-016-333287,Mobile,+855016333287
Smart-016-333288,Mobile,+855016333288
Smart-016-333289,Mobile,+855016333289
Smart-016-333290,Mobile,+855016333290
Smart-016-333291,Mobile,+855016333291
Smart-016-333292,Mobile,+855016333292
Smart-016-333293,Mobile,+855016333293
Smart-016-333294,Mobile,+855016333294
Smart-016-333295,Mobile,+855016333295
Smart-016-333296,Mobile,+855016333296
Smart-016-333297,Mobile,+855016333297
Smart-016-333298,Mobile,+855016333298
Smart-016-333299,Mobile,+855016333299
Smart-016-333300,Mobile,+855016333300
Smart-016-333301,Mobile,+855016333301
Smart-016-333302,Mobile,+855016333302
Smart-016-333303,Mobile,+855016333303
Smart-016-333304,Mobile,+855016333304
Smart-016-333305,Mobile,+855016333305
Smart-016-333306,Mobile,+855016333306
Smart-016-333307,Mobile,+855016333307
Smart-016-333308,Mobile,+855016333308
Smart-016-333309,Mobile,+855016333309
Smart-016-333310,Mobile,+855016333310
Smart-016-333311,Mobile,+855016333311
Smart-016-333312,Mobile,+855016333312
Smart-016-333313,Mobile,+855016333313
Smart-016-333314,Mobile,+855016333314
Smart-016-333315,Mobile,+855016333315
Smart-016-333316,Mobile,+855016333316
Smart-016-333317,Mobile,+855016333317
Smart-016-333318,Mobile,+855016333318
Smart-016-333319,Mobile,+855016333319
Smart-016-333320,Mobile,+855016333320
Smart-016-333321,Mobile,+855016333321
Smart-016-333322,Mobile,+855016333322
Smart-016-333323,Mobile,+855016333323
Smart-016-333324,Mobile,+855016333324
Smart-016-333325,Mobile,+855016333325
Smart-016-333326,Mobile,+855016333326
Smart-016-333327,Mobile,+855016333327
Smart-016-333328,Mobile,+855016333328
Smart-016-333329,Mobile,+855016333329
Smart-016-333330,Mobile,+855016333330
Smart-016-333331,Mobile,+855016333331
Smart-016-333332,Mobile,+855016333332
Smart-016-333333,Mobile,+855016333333
Smart-016-333334,Mobile,+855016333334
Smart-016-333335,Mobile,+855016333335
Smart-016-333336,Mobile,+855016333336
Smart-016-333337,Mobile,+855016333337
Smart-016-333338,Mobile,+855016333338
Smart-016-333339,Mobile,+855016333339
Smart-016-333340,Mobile,+855016333340
Smart-016-333341,Mobile,+855016333341
Smart-016-333342,Mobile,+855016333342
Smart-016-333343,Mobile,+855016333343
Smart-016-333344,Mobile,+855016333344
Smart-016-333345,Mobile,+855016333345
Smart-016-333346,Mobile,+855016333346
Smart-016-333347,Mobile,+855016333347
Smart-016-333348,Mobile,+855016333348
Smart-016-333349,Mobile,+855016333349
Smart-016-333350,Mobile,+855016333350
Smart-016-333351,Mobile,+855016333351
Smart-016-333352,Mobile,+855016333352
Smart-016-333353,Mobile,+855016333353
Smart-016-333354,Mobile,+855016333354
Smart-016-333355,Mobile,+855016333355
Smart-016-333356,Mobile,+855016333356
Smart-016-333357,Mobile,+855016333357
Smart-016-333358,Mobile,+855016333358
Smart-016-333359,Mobile,+855016333359
Smart-016-333360,Mobile,+855016333360
Smart-016-333361,Mobile,+855016333361
Smart-016-333362,Mobile,+855016333362
Smart-016-333363,Mobile,+855016333363
Smart-016-333364,Mobile,+855016333364
Smart-016-333365,Mobile,+855016333365
Smart-016-333366,Mobile,+855016333366
Smart-016-333367,Mobile,+855016333367
Smart-016-333368,Mobile,+855016333368
Smart-016-333369,Mobile,+855016333369
Smart-016-333370,Mobile,+855016333370
Smart-016-333371,Mobile,+855016333371
Smart-016-333372,Mobile,+855016333372
Smart-016-333373,Mobile,+855016333373
Smart-016-333374,Mobile,+855016333374
Smart-016-333375,Mobile,+855016333375
Smart-016-333376,Mobile,+855016333376
Smart-016-333377,Mobile,+855016333377
Smart-016-333378,Mobile,+855016333378
Smart-016-333379,Mobile,+855016333379
Smart-016-333380,Mobile,+855016333380
Smart-016-333381,Mobile,+855016333381
Smart-016-333382,Mobile,+855016333382
Smart-016-333383,Mobile,+855016333383
Smart-016-333384,Mobile,+855016333384
Smart-016-333385,Mobile,+855016333385
Smart-016-333386,Mobile,+855016333386
Smart-016-333387,Mobile,+855016333387
Smart-016-333388,Mobile,+855016333388
Smart-016-333389,Mobile,+855016333389
Smart-016-333390,Mobile,+855016333390
Smart-016-333391,Mobile,+855016333391
Smart-016-333392,Mobile,+855016333392
Smart-016-333393,Mobile,+855016333393
Smart-016-333394,Mobile,+855016333394
Smart-016-333395,Mobile,+855016333395
Smart-016-333396,Mobile,+855016333396
Smart-016-333397,Mobile,+855016333397
Smart-016-333398,Mobile,+855016333398
Smart-016-333399,Mobile,+855016333399
Smart-016-333400,Mobile,+855016333400
Smart-016-333401,Mobile,+855016333401
Smart-016-333402,Mobile,+855016333402
Smart-016-333403,Mobile,+855016333403
Smart-016-333404,Mobile,+855016333404
Smart-016-333405,Mobile,+855016333405
Smart-016-333406,Mobile,+855016333406
Smart-016-333407,Mobile,+855016333407
Smart-016-333408,Mobile,+855016333408
Smart-016-333409,Mobile,+855016333409
Smart-016-333410,Mobile,+855016333410
Smart-016-333411,Mobile,+855016333411
Smart-016-333412,Mobile,+855016333412
Smart-016-333413,Mobile,+855016333413
Smart-016-333414,Mobile,+855016333414
Smart-016-333415,Mobile,+855016333415
Smart-016-333416,Mobile,+855016333416
Smart-016-333417,Mobile,+855016333417
Smart-016-333418,Mobile,+855016333418
Smart-016-333419,Mobile,+855016333419
Smart-016-333420,Mobile,+855016333420
Smart-016-333421,Mobile,+855016333421
Smart-016-333422,Mobile,+855016333422
Smart-016-333423,Mobile,+855016333423
Smart-016-333424,Mobile,+855016333424
Smart-016-333425,Mobile,+855016333425
Smart-016-333426,Mobile,+855016333426
Smart-016-333427,Mobile,+855016333427
Smart-016-333428,Mobile,+855016333428
Smart-016-333429,Mobile,+855016333429
Smart-016-333430,Mobile,+855016333430
Smart-016-333431,Mobile,+855016333431
Smart-016-333432,Mobile,+855016333432
Smart-016-333433,Mobile,+855016333433
Smart-016-333434,Mobile,+855016333434
Smart-016-333435,Mobile,+855016333435
Smart-016-333436,Mobile,+855016333436
Smart-016-333437,Mobile,+855016333437
Smart-016-333438,Mobile,+855016333438
Smart-016-333439,Mobile,+855016333439
Smart-016-333440,Mobile,+855016333440
Smart-016-333441,Mobile,+855016333441
Smart-016-333442,Mobile,+855016333442
Smart-016-333443,Mobile,+855016333443
Smart-016-333444,Mobile,+855016333444
Smart-016-333445,Mobile,+855016333445
Smart-016-333446,Mobile,+855016333446
Smart-016-333447,Mobile,+855016333447
Smart-016-333448,Mobile,+855016333448
Smart-016-333449,Mobile,+855016333449
Smart-016-333450,Mobile,+855016333450
Smart-016-333451,Mobile,+855016333451
Smart-016-333452,Mobile,+855016333452
Smart-016-333453,Mobile,+855016333453
Smart-016-333454,Mobile,+855016333454
Smart-016-333455,Mobile,+855016333455
Smart-016-333456,Mobile,+855016333456
Smart-016-333457,Mobile,+855016333457
Smart-016-333458,Mobile,+855016333458
Smart-016-333459,Mobile,+855016333459
Smart-016-333460,Mobile,+855016333460
Smart-016-333461,Mobile,+855016333461
Smart-016-333462,Mobile,+855016333462
Smart-016-333463,Mobile,+855016333463
Smart-016-333464,Mobile,+855016333464
Smart-016-333465,Mobile,+855016333465
Smart-016-333466,Mobile,+855016333466
Smart-016-333467,Mobile,+855016333467
Smart-016-333468,Mobile,+855016333468
Smart-016-333469,Mobile,+855016333469
Smart-016-333470,Mobile,+855016333470
Smart-016-333471,Mobile,+855016333471
Smart-016-333472,Mobile,+855016333472
Smart-016-333473,Mobile,+855016333473
Smart-016-333474,Mobile,+855016333474
Smart-016-333475,Mobile,+855016333475
Smart-016-333476,Mobile,+855016333476
Smart-016-333477,Mobile,+855016333477
Smart-016-333478,Mobile,+855016333478
Smart-016-333479,Mobile,+855016333479
Smart-016-333480,Mobile,+855016333480
Smart-016-333481,Mobile,+855016333481
Smart-016-333482,Mobile,+855016333482
Smart-016-333483,Mobile,+855016333483
Smart-016-333484,Mobile,+855016333484
Smart-016-333485,Mobile,+855016333485
Smart-016-333486,Mobile,+855016333486
Smart-016-333487,Mobile,+855016333487
Smart-016-333488,Mobile,+855016333488
Smart-016-333489,Mobile,+855016333489
Smart-016-333490,Mobile,+855016333490
Smart-016-333491,Mobile,+855016333491
Smart-016-333492,Mobile,+855016333492
Smart-016-333493,Mobile,+855016333493
Smart-016-333494,Mobile,+855016333494
Smart-016-333495,Mobile,+855016333495
Smart-016-333496,Mobile,+855016333496
Smart-016-333497,Mobile,+855016333497
Smart-016-333498,Mobile,+855016333498
Smart-016-333499,Mobile,+855016333499
Smart-016-333500,Mobile,+855016333500
Smart-016-333501,Mobile,+855016333501
Smart-016-333502,Mobile,+855016333502
Smart-016-333503,Mobile,+855016333503
Smart-016-333504,Mobile,+855016333504
Smart-016-333505,Mobile,+855016333505
Smart-016-333506,Mobile,+855016333506
Smart-016-333507,Mobile,+855016333507
Smart-016-333508,Mobile,+855016333508
Smart-016-333509,Mobile,+855016333509
Smart-016-333510,Mobile,+855016333510
Smart-016-333511,Mobile,+855016333511
Smart-016-333512,Mobile,+855016333512
Smart-016-333513,Mobile,+855016333513
Smart-016-333514,Mobile,+855016333514
Smart-016-333515,Mobile,+855016333515
Smart-016-333516,Mobile,+855016333516
Smart-016-333517,Mobile,+855016333517
Smart-016-333518,Mobile,+855016333518
Smart-016-333519,Mobile,+855016333519
Smart-016-333520,Mobile,+855016333520
Smart-016-333521,Mobile,+855016333521
Smart-016-333522,Mobile,+855016333522
Smart-016-333523,Mobile,+855016333523
Smart-016-333524,Mobile,+855016333524
Smart-016-333525,Mobile,+855016333525
Smart-016-333526,Mobile,+855016333526
Smart-016-333527,Mobile,+855016333527
Smart-016-333528,Mobile,+855016333528
Smart-016-333529,Mobile,+855016333529
Smart-016-333530,Mobile,+855016333530
Smart-016-333531,Mobile,+855016333531
Smart-016-333532,Mobile,+855016333532
Smart-016-333533,Mobile,+855016333533
Smart-016-333534,Mobile,+855016333534
Smart-016-333535,Mobile,+855016333535
Smart-016-333536,Mobile,+855016333536
Smart-016-333537,Mobile,+855016333537
Smart-016-333538,Mobile,+855016333538
Smart-016-333539,Mobile,+855016333539
Smart-016-333540,Mobile,+855016333540
Smart-016-333541,Mobile,+855016333541
Smart-016-333542,Mobile,+855016333542
Smart-016-333543,Mobile,+855016333543
Smart-016-333544,Mobile,+855016333544
Smart-016-333545,Mobile,+855016333545
Smart-016-333546,Mobile,+855016333546
Smart-016-333547,Mobile,+855016333547
Smart-016-333548,Mobile,+855016333548
Smart-016-333549,Mobile,+855016333549
Smart-016-333550,Mobile,+855016333550
Smart-016-333551,Mobile,+855016333551
Smart-016-333552,Mobile,+855016333552
Smart-016-333553,Mobile,+855016333553
Smart-016-333554,Mobile,+855016333554
Smart-016-333555,Mobile,+855016333555
Smart-016-333556,Mobile,+855016333556
Smart-016-333557,Mobile,+855016333557
Smart-016-333558,Mobile,+855016333558
Smart-016-333559,Mobile,+855016333559
Smart-016-333560,Mobile,+855016333560
Smart-016-333561,Mobile,+855016333561
Smart-016-333562,Mobile,+855016333562
Smart-016-333563,Mobile,+855016333563
Smart-016-333564,Mobile,+855016333564
Smart-016-333565,Mobile,+855016333565
Smart-016-333566,Mobile,+855016333566
Smart-016-333567,Mobile,+855016333567
Smart-016-333568,Mobile,+855016333568
Smart-016-333569,Mobile,+855016333569
Smart-016-333570,Mobile,+855016333570
Smart-016-333571,Mobile,+855016333571
Smart-016-333572,Mobile,+855016333572
Smart-016-333573,Mobile,+855016333573
Smart-016-333574,Mobile,+855016333574
Smart-016-333575,Mobile,+855016333575
Smart-016-333576,Mobile,+855016333576
Smart-016-333577,Mobile,+855016333577
Smart-016-333578,Mobile,+855016333578
Smart-016-333579,Mobile,+855016333579
Smart-016-333580,Mobile,+855016333580
Smart-016-333581,Mobile,+855016333581
Smart-016-333582,Mobile,+855016333582
Smart-016-333583,Mobile,+855016333583
Smart-016-333584,Mobile,+855016333584
Smart-016-333585,Mobile,+855016333585
Smart-016-333586,Mobile,+855016333586
Smart-016-333587,Mobile,+855016333587
Smart-016-333588,Mobile,+855016333588
Smart-016-333589,Mobile,+855016333589
Smart-016-333590,Mobile,+855016333590
Smart-016-333591,Mobile,+855016333591
Smart-016-333592,Mobile,+855016333592
Smart-016-333593,Mobile,+855016333593
Smart-016-333594,Mobile,+855016333594
Smart-016-333595,Mobile,+855016333595
Smart-016-333596,Mobile,+855016333596
Smart-016-333597,Mobile,+855016333597
Smart-016-333598,Mobile,+855016333598
Smart-016-333599,Mobile,+855016333599
Smart-016-333600,Mobile,+855016333600
Smart-016-333601,Mobile,+855016333601
Smart-016-333602,Mobile,+855016333602
Smart-016-333603,Mobile,+855016333603
Smart-016-333604,Mobile,+855016333604
Smart-016-333605,Mobile,+855016333605
Smart-016-333606,Mobile,+855016333606
Smart-016-333607,Mobile,+855016333607
Smart-016-333608,Mobile,+855016333608
Smart-016-333609,Mobile,+855016333609
Smart-016-333610,Mobile,+855016333610
Smart-016-333611,Mobile,+855016333611
Smart-016-333612,Mobile,+855016333612
Smart-016-333613,Mobile,+855016333613
Smart-016-333614,Mobile,+855016333614
Smart-016-333615,Mobile,+855016333615
Smart-016-333616,Mobile,+855016333616
Smart-016-333617,Mobile,+855016333617
Smart-016-333618,Mobile,+855016333618
Smart-016-333619,Mobile,+855016333619
Smart-016-333620,Mobile,+855016333620
Smart-016-333621,Mobile,+855016333621
Smart-016-333622,Mobile,+855016333622
Smart-016-333623,Mobile,+855016333623
Smart-016-333624,Mobile,+855016333624
Smart-016-333625,Mobile,+855016333625
Smart-016-333626,Mobile,+855016333626
Smart-016-333627,Mobile,+855016333627
Smart-016-333628,Mobile,+855016333628
Smart-016-333629,Mobile,+855016333629
Smart-016-333630,Mobile,+855016333630
Smart-016-333631,Mobile,+855016333631
Smart-016-333632,Mobile,+855016333632
Smart-016-333633,Mobile,+855016333633
Smart-016-333634,Mobile,+855016333634
Smart-016-333635,Mobile,+855016333635
Smart-016-333636,Mobile,+855016333636
Smart-016-333637,Mobile,+855016333637
Smart-016-333638,Mobile,+855016333638
Smart-016-333639,Mobile,+855016333639
Smart-016-333640,Mobile,+855016333640
Smart-016-333641,Mobile,+855016333641
Smart-016-333642,Mobile,+855016333642
Smart-016-333643,Mobile,+855016333643
Smart-016-333644,Mobile,+855016333644
Smart-016-333645,Mobile,+855016333645
Smart-016-333646,Mobile,+855016333646
Smart-016-333647,Mobile,+855016333647
Smart-016-333648,Mobile,+855016333648
Smart-016-333649,Mobile,+855016333649
Smart-016-333650,Mobile,+855016333650
Smart-016-333651,Mobile,+855016333651
Smart-016-333652,Mobile,+855016333652
Smart-016-333653,Mobile,+855016333653
Smart-016-333654,Mobile,+855016333654
Smart-016-333655,Mobile,+855016333655
Smart-016-333656,Mobile,+855016333656
Smart-016-333657,Mobile,+855016333657
Smart-016-333658,Mobile,+855016333658
Smart-016-333659,Mobile,+855016333659
Smart-016-333660,Mobile,+855016333660
Smart-016-333661,Mobile,+855016333661
Smart-016-333662,Mobile,+855016333662
Smart-016-333663,Mobile,+855016333663
Smart-016-333664,Mobile,+855016333664
Smart-016-333665,Mobile,+855016333665
Smart-016-333666,Mobile,+855016333666
Smart-016-333667,Mobile,+855016333667
Smart-016-333668,Mobile,+855016333668
Smart-016-333669,Mobile,+855016333669
Smart-016-333670,Mobile,+855016333670
Smart-016-333671,Mobile,+855016333671
Smart-016-333672,Mobile,+855016333672
Smart-016-333673,Mobile,+855016333673
Smart-016-333674,Mobile,+855016333674
Smart-016-333675,Mobile,+855016333675
Smart-016-333676,Mobile,+855016333676
Smart-016-333677,Mobile,+855016333677
Smart-016-333678,Mobile,+855016333678
Smart-016-333679,Mobile,+855016333679
Smart-016-333680,Mobile,+855016333680
Smart-016-333681,Mobile,+855016333681
Smart-016-333682,Mobile,+855016333682
Smart-016-333683,Mobile,+855016333683
Smart-016-333684,Mobile,+855016333684
Smart-016-333685,Mobile,+855016333685
Smart-016-333686,Mobile,+855016333686
Smart-016-333687,Mobile,+855016333687
Smart-016-333688,Mobile,+855016333688
Smart-016-333689,Mobile,+855016333689
Smart-016-333690,Mobile,+855016333690
Smart-016-333691,Mobile,+855016333691
Smart-016-333692,Mobile,+855016333692
Smart-016-333693,Mobile,+855016333693
Smart-016-333694,Mobile,+855016333694
Smart-016-333695,Mobile,+855016333695
Smart-016-333696,Mobile,+855016333696
Smart-016-333697,Mobile,+855016333697
Smart-016-333698,Mobile,+855016333698
Smart-016-333699,Mobile,+855016333699
Smart-016-333700,Mobile,+855016333700
Smart-016-333701,Mobile,+855016333701
Smart-016-333702,Mobile,+855016333702
Smart-016-333703,Mobile,+855016333703
Smart-016-333704,Mobile,+855016333704
Smart-016-333705,Mobile,+855016333705
Smart-016-333706,Mobile,+855016333706
Smart-016-333707,Mobile,+855016333707
Smart-016-333708,Mobile,+855016333708
Smart-016-333709,Mobile,+855016333709
Smart-016-333710,Mobile,+855016333710
Smart-016-333711,Mobile,+855016333711
Smart-016-333712,Mobile,+855016333712
Smart-016-333713,Mobile,+855016333713
Smart-016-333714,Mobile,+855016333714
Smart-016-333715,Mobile,+855016333715
Smart-016-333716,Mobile,+855016333716
Smart-016-333717,Mobile,+855016333717
Smart-016-333718,Mobile,+855016333718
Smart-016-333719,Mobile,+855016333719
Smart-016-333720,Mobile,+855016333720
Smart-016-333721,Mobile,+855016333721
Smart-016-333722,Mobile,+855016333722
Smart-016-333723,Mobile,+855016333723
Smart-016-333724,Mobile,+855016333724
Smart-016-333725,Mobile,+855016333725
Smart-016-333726,Mobile,+855016333726
Smart-016-333727,Mobile,+855016333727
Smart-016-333728,Mobile,+855016333728
Smart-016-333729,Mobile,+855016333729
Smart-016-333730,Mobile,+855016333730
Smart-016-333731,Mobile,+855016333731
Smart-016-333732,Mobile,+855016333732
Smart-016-333733,Mobile,+855016333733
Smart-016-333734,Mobile,+855016333734
Smart-016-333735,Mobile,+855016333735
Smart-016-333736,Mobile,+855016333736
Smart-016-333737,Mobile,+855016333737
Smart-016-333738,Mobile,+855016333738
Smart-016-333739,Mobile,+855016333739
Smart-016-333740,Mobile,+855016333740
Smart-016-333741,Mobile,+855016333741
Smart-016-333742,Mobile,+855016333742
Smart-016-333743,Mobile,+855016333743
Smart-016-333744,Mobile,+855016333744
Smart-016-333745,Mobile,+855016333745
Smart-016-333746,Mobile,+855016333746
Smart-016-333747,Mobile,+855016333747
Smart-016-333748,Mobile,+855016333748
Smart-016-333749,Mobile,+855016333749
Smart-016-333750,Mobile,+855016333750
Smart-016-333751,Mobile,+855016333751
Smart-016-333752,Mobile,+855016333752
Smart-016-333753,Mobile,+855016333753
Smart-016-333754,Mobile,+855016333754
Smart-016-333755,Mobile,+855016333755
Smart-016-333756,Mobile,+855016333756
Smart-016-333757,Mobile,+855016333757
Smart-016-333758,Mobile,+855016333758
Smart-016-333759,Mobile,+855016333759
Smart-016-333760,Mobile,+855016333760
Smart-016-333761,Mobile,+855016333761
Smart-016-333762,Mobile,+855016333762
Smart-016-333763,Mobile,+855016333763
Smart-016-333764,Mobile,+855016333764
Smart-016-333765,Mobile,+855016333765
Smart-016-333766,Mobile,+855016333766
Smart-016-333767,Mobile,+855016333767
Smart-016-333768,Mobile,+855016333768
Smart-016-333769,Mobile,+855016333769
Smart-016-333770,Mobile,+855016333770
Smart-016-333771,Mobile,+855016333771
Smart-016-333772,Mobile,+855016333772
Smart-016-333773,Mobile,+855016333773
Smart-016-333774,Mobile,+855016333774
Smart-016-333775,Mobile,+855016333775
Smart-016-333776,Mobile,+855016333776
Smart-016-333777,Mobile,+855016333777
Smart-016-333778,Mobile,+855016333778
Smart-016-333779,Mobile,+855016333779
Smart-016-333780,Mobile,+855016333780
Smart-016-333781,Mobile,+855016333781
Smart-016-333782,Mobile,+855016333782
Smart-016-333783,Mobile,+855016333783
Smart-016-333784,Mobile,+855016333784
Smart-016-333785,Mobile,+855016333785
Smart-016-333786,Mobile,+855016333786
Smart-016-333787,Mobile,+855016333787
Smart-016-333788,Mobile,+855016333788
Smart-016-333789,Mobile,+855016333789
Smart-016-333790,Mobile,+855016333790
Smart-016-333791,Mobile,+855016333791
Smart-016-333792,Mobile,+855016333792
Smart-016-333793,Mobile,+855016333793
Smart-016-333794,Mobile,+855016333794
Smart-016-333795,Mobile,+855016333795
Smart-016-333796,Mobile,+855016333796
Smart-016-333797,Mobile,+855016333797
Smart-016-333798,Mobile,+855016333798
Smart-016-333799,Mobile,+855016333799
Smart-016-333800,Mobile,+855016333800
Smart-016-333801,Mobile,+855016333801
Smart-016-333802,Mobile,+855016333802
Smart-016-333803,Mobile,+855016333803
Smart-016-333804,Mobile,+855016333804
Smart-016-333805,Mobile,+855016333805
Smart-016-333806,Mobile,+855016333806
Smart-016-333807,Mobile,+855016333807
Smart-016-333808,Mobile,+855016333808
Smart-016-333809,Mobile,+855016333809
Smart-016-333810,Mobile,+855016333810
Smart-016-333811,Mobile,+855016333811
Smart-016-333812,Mobile,+855016333812
Smart-016-333813,Mobile,+855016333813
Smart-016-333814,Mobile,+855016333814
Smart-016-333815,Mobile,+855016333815
Smart-016-333816,Mobile,+855016333816
Smart-016-333817,Mobile,+855016333817
Smart-016-333818,Mobile,+855016333818
Smart-016-333819,Mobile,+855016333819
Smart-016-333820,Mobile,+855016333820
Smart-016-333821,Mobile,+855016333821
Smart-016-333822,Mobile,+855016333822
Smart-016-333823,Mobile,+855016333823
Smart-016-333824,Mobile,+855016333824
Smart-016-333825,Mobile,+855016333825
Smart-016-333826,Mobile,+855016333826
Smart-016-333827,Mobile,+855016333827
Smart-016-333828,Mobile,+855016333828
Smart-016-333829,Mobile,+855016333829
Smart-016-333830,Mobile,+855016333830
Smart-016-333831,Mobile,+855016333831
Smart-016-333832,Mobile,+855016333832
Smart-016-333833,Mobile,+855016333833
Smart-016-333834,Mobile,+855016333834
Smart-016-333835,Mobile,+855016333835
Smart-016-333836,Mobile,+855016333836
Smart-016-333837,Mobile,+855016333837
Smart-016-333838,Mobile,+855016333838
Smart-016-333839,Mobile,+855016333839
Smart-016-333840,Mobile,+855016333840
Smart-016-333841,Mobile,+855016333841
Smart-016-333842,Mobile,+855016333842
Smart-016-333843,Mobile,+855016333843
Smart-016-333844,Mobile,+855016333844
Smart-016-333845,Mobile,+855016333845
Smart-016-333846,Mobile,+855016333846
Smart-016-333847,Mobile,+855016333847
Smart-016-333848,Mobile,+855016333848
Smart-016-333849,Mobile,+855016333849
Smart-016-333850,Mobile,+855016333850
Smart-016-333851,Mobile,+855016333851
Smart-016-333852,Mobile,+855016333852
Smart-016-333853,Mobile,+855016333853
Smart-016-333854,Mobile,+855016333854
Smart-016-333855,Mobile,+855016333855
Smart-016-333856,Mobile,+855016333856
Smart-016-333857,Mobile,+855016333857
Smart-016-333858,Mobile,+855016333858
Smart-016-333859,Mobile,+855016333859
Smart-016-333860,Mobile,+855016333860
Smart-016-333861,Mobile,+855016333861
Smart-016-333862,Mobile,+855016333862
Smart-016-333863,Mobile,+855016333863
Smart-016-333864,Mobile,+855016333864
Smart-016-333865,Mobile,+855016333865
Smart-016-333866,Mobile,+855016333866
Smart-016-333867,Mobile,+855016333867
Smart-016-333868,Mobile,+855016333868
Smart-016-333869,Mobile,+855016333869
Smart-016-333870,Mobile,+855016333870
Smart-016-333871,Mobile,+855016333871
Smart-016-333872,Mobile,+855016333872
Smart-016-333873,Mobile,+855016333873
Smart-016-333874,Mobile,+855016333874
Smart-016-333875,Mobile,+855016333875
Smart-016-333876,Mobile,+855016333876
Smart-016-333877,Mobile,+855016333877
Smart-016-333878,Mobile,+855016333878
Smart-016-333879,Mobile,+855016333879
Smart-016-333880,Mobile,+855016333880
Smart-016-333881,Mobile,+855016333881
Smart-016-333882,Mobile,+855016333882
Smart-016-333883,Mobile,+855016333883
Smart-016-333884,Mobile,+855016333884
Smart-016-333885,Mobile,+855016333885
Smart-016-333886,Mobile,+855016333886
Smart-016-333887,Mobile,+855016333887
Smart-016-333888,Mobile,+855016333888
Smart-016-333889,Mobile,+855016333889
Smart-016-333890,Mobile,+855016333890
Smart-016-333891,Mobile,+855016333891
Smart-016-333892,Mobile,+855016333892
Smart-016-333893,Mobile,+855016333893
Smart-016-333894,Mobile,+855016333894
Smart-016-333895,Mobile,+855016333895
Smart-016-333896,Mobile,+855016333896
Smart-016-333897,Mobile,+855016333897
Smart-016-333898,Mobile,+855016333898
Smart-016-333899,Mobile,+855016333899
Smart-016-333900,Mobile,+855016333900
Smart-016-333901,Mobile,+855016333901
Smart-016-333902,Mobile,+855016333902
Smart-016-333903,Mobile,+855016333903
Smart-016-333904,Mobile,+855016333904
Smart-016-333905,Mobile,+855016333905
Smart-016-333906,Mobile,+855016333906
Smart-016-333907,Mobile,+855016333907
Smart-016-333908,Mobile,+855016333908
Smart-016-333909,Mobile,+855016333909
Smart-016-333910,Mobile,+855016333910
Smart-016-333911,Mobile,+855016333911
Smart-016-333912,Mobile,+855016333912
Smart-016-333913,Mobile,+855016333913
Smart-016-333914,Mobile,+855016333914
Smart-016-333915,Mobile,+855016333915
Smart-016-333916,Mobile,+855016333916
Smart-016-333917,Mobile,+855016333917
Smart-016-333918,Mobile,+855016333918
Smart-016-333919,Mobile,+855016333919
Smart-016-333920,Mobile,+855016333920
Smart-016-333921,Mobile,+855016333921
Smart-016-333922,Mobile,+855016333922
Smart-016-333923,Mobile,+855016333923
Smart-016-333924,Mobile,+855016333924
Smart-016-333925,Mobile,+855016333925
Smart-016-333926,Mobile,+855016333926
Smart-016-333927,Mobile,+855016333927
Smart-016-333928,Mobile,+855016333928
Smart-016-333929,Mobile,+855016333929
Smart-016-333930,Mobile,+855016333930
Smart-016-333931,Mobile,+855016333931
Smart-016-333932,Mobile,+855016333932
Smart-016-333933,Mobile,+855016333933
Smart-016-333934,Mobile,+855016333934
Smart-016-333935,Mobile,+855016333935
Smart-016-333936,Mobile,+855016333936
Smart-016-333937,Mobile,+855016333937
Smart-016-333938,Mobile,+855016333938
Smart-016-333939,Mobile,+855016333939
Smart-016-333940,Mobile,+855016333940
Smart-016-333941,Mobile,+855016333941
Smart-016-333942,Mobile,+855016333942
Smart-016-333943,Mobile,+855016333943
Smart-016-333944,Mobile,+855016333944
Smart-016-333945,Mobile,+855016333945
Smart-016-333946,Mobile,+855016333946
Smart-016-333947,Mobile,+855016333947
Smart-016-333948,Mobile,+855016333948
Smart-016-333949,Mobile,+855016333949
Smart-016-333950,Mobile,+855016333950
Smart-016-333951,Mobile,+855016333951
Smart-016-333952,Mobile,+855016333952
Smart-016-333953,Mobile,+855016333953
Smart-016-333954,Mobile,+855016333954
Smart-016-333955,Mobile,+855016333955
Smart-016-333956,Mobile,+855016333956
Smart-016-333957,Mobile,+855016333957
Smart-016-333958,Mobile,+855016333958
Smart-016-333959,Mobile,+855016333959
Smart-016-333960,Mobile,+855016333960
Smart-016-333961,Mobile,+855016333961
Smart-016-333962,Mobile,+855016333962
Smart-016-333963,Mobile,+855016333963
Smart-016-333964,Mobile,+855016333964
Smart-016-333965,Mobile,+855016333965
Smart-016-333966,Mobile,+855016333966
Smart-016-333967,Mobile,+855016333967
Smart-016-333968,Mobile,+855016333968
Smart-016-333969,Mobile,+855016333969
Smart-016-333970,Mobile,+855016333970
Smart-016-333971,Mobile,+855016333971
Smart-016-333972,Mobile,+855016333972
Smart-016-333973,Mobile,+855016333973
Smart-016-333974,Mobile,+855016333974
Smart-016-333975,Mobile,+855016333975
Smart-016-333976,Mobile,+855016333976
Smart-016-333977,Mobile,+855016333977
Smart-016-333978,Mobile,+855016333978
Smart-016-333979,Mobile,+855016333979
Smart-016-333980,Mobile,+855016333980
Smart-016-333981,Mobile,+855016333981
Smart-016-333982,Mobile,+855016333982
Smart-016-333983,Mobile,+855016333983
Smart-016-333984,Mobile,+855016333984
Smart-016-333985,Mobile,+855016333985
Smart-016-333986,Mobile,+855016333986
Smart-016-333987,Mobile,+855016333987
Smart-016-333988,Mobile,+855016333988
Smart-016-333989,Mobile,+855016333989
Smart-016-333990,Mobile,+855016333990
Smart-016-333991,Mobile,+855016333991
Smart-016-333992,Mobile,+855016333992
Smart-016-333993,Mobile,+855016333993
Smart-016-333994,Mobile,+855016333994
Smart-016-333995,Mobile,+855016333995
Smart-016-333996,Mobile,+855016333996
Smart-016-333997,Mobile,+855016333997
Smart-016-333998,Mobile,+855016333998
Smart-016-333999,Mobile,+855016333999
Smart-016-334000,Mobile,+855016334000
Smart-016-334001,Mobile,+855016334001
Smart-016-334002,Mobile,+855016334002
Smart-016-334003,Mobile,+855016334003
Smart-016-334004,Mobile,+855016334004
Smart-016-334005,Mobile,+855016334005
Smart-016-334006,Mobile,+855016334006
Smart-016-334007,Mobile,+855016334007
Smart-016-334008,Mobile,+855016334008
Smart-016-334009,Mobile,+855016334009
Smart-016-334010,Mobile,+855016334010
Smart-016-334011,Mobile,+855016334011
Smart-016-334012,Mobile,+855016334012
Smart-016-334013,Mobile,+855016334013
Smart-016-334014,Mobile,+855016334014
Smart-016-334015,Mobile,+855016334015
Smart-016-334016,Mobile,+855016334016
Smart-016-334017,Mobile,+855016334017
Smart-016-334018,Mobile,+855016334018
Smart-016-334019,Mobile,+855016334019
Smart-016-334020,Mobile,+855016334020
Smart-016-334021,Mobile,+855016334021
Smart-016-334022,Mobile,+855016334022
Smart-016-334023,Mobile,+855016334023
Smart-016-334024,Mobile,+855016334024
Smart-016-334025,Mobile,+855016334025
Smart-016-334026,Mobile,+855016334026
Smart-016-334027,Mobile,+855016334027
Smart-016-334028,Mobile,+855016334028
Smart-016-334029,Mobile,+855016334029
Smart-016-334030,Mobile,+855016334030
Smart-016-334031,Mobile,+855016334031
Smart-016-334032,Mobile,+855016334032
Smart-016-334033,Mobile,+855016334033
Smart-016-334034,Mobile,+855016334034
Smart-016-334035,Mobile,+855016334035
Smart-016-334036,Mobile,+855016334036
Smart-016-334037,Mobile,+855016334037
Smart-016-334038,Mobile,+855016334038
Smart-016-334039,Mobile,+855016334039
Smart-016-334040,Mobile,+855016334040
Smart-016-334041,Mobile,+855016334041
Smart-016-334042,Mobile,+855016334042
Smart-016-334043,Mobile,+855016334043
Smart-016-334044,Mobile,+855016334044
Smart-016-334045,Mobile,+855016334045
Smart-016-334046,Mobile,+855016334046
Smart-016-334047,Mobile,+855016334047
Smart-016-334048,Mobile,+855016334048
Smart-016-334049,Mobile,+855016334049
Smart-016-334050,Mobile,+855016334050
Smart-016-334051,Mobile,+855016334051
Smart-016-334052,Mobile,+855016334052
Smart-016-334053,Mobile,+855016334053
Smart-016-334054,Mobile,+855016334054
Smart-016-334055,Mobile,+855016334055
Smart-016-334056,Mobile,+855016334056
Smart-016-334057,Mobile,+855016334057
Smart-016-334058,Mobile,+855016334058
Smart-016-334059,Mobile,+855016334059
Smart-016-334060,Mobile,+855016334060
Smart-016-334061,Mobile,+855016334061
Smart-016-334062,Mobile,+855016334062
Smart-016-334063,Mobile,+855016334063
Smart-016-334064,Mobile,+855016334064
Smart-016-334065,Mobile,+855016334065
Smart-016-334066,Mobile,+855016334066
Smart-016-334067,Mobile,+855016334067
Smart-016-334068,Mobile,+855016334068
Smart-016-334069,Mobile,+855016334069
Smart-016-334070,Mobile,+855016334070
Smart-016-334071,Mobile,+855016334071
Smart-016-334072,Mobile,+855016334072
Smart-016-334073,Mobile,+855016334073
Smart-016-334074,Mobile,+855016334074
Smart-016-334075,Mobile,+855016334075
Smart-016-334076,Mobile,+855016334076
Smart-016-334077,Mobile,+855016334077
Smart-016-334078,Mobile,+855016334078
Smart-016-334079,Mobile,+855016334079
Smart-016-334080,Mobile,+855016334080
Smart-016-334081,Mobile,+855016334081
Smart-016-334082,Mobile,+855016334082
Smart-016-334083,Mobile,+855016334083
Smart-016-334084,Mobile,+855016334084
Smart-016-334085,Mobile,+855016334085
Smart-016-334086,Mobile,+855016334086
Smart-016-334087,Mobile,+855016334087
Smart-016-334088,Mobile,+855016334088
Smart-016-334089,Mobile,+855016334089
Smart-016-334090,Mobile,+855016334090
Smart-016-334091,Mobile,+855016334091
Smart-016-334092,Mobile,+855016334092
Smart-016-334093,Mobile,+855016334093
Smart-016-334094,Mobile,+855016334094
Smart-016-334095,Mobile,+855016334095
Smart-016-334096,Mobile,+855016334096
Smart-016-334097,Mobile,+855016334097
Smart-016-334098,Mobile,+855016334098
Smart-016-334099,Mobile,+855016334099
Smart-016-334100,Mobile,+855016334100
Smart-016-334101,Mobile,+855016334101
Smart-016-334102,Mobile,+855016334102
Smart-016-334103,Mobile,+855016334103
Smart-016-334104,Mobile,+855016334104
Smart-016-334105,Mobile,+855016334105
Smart-016-334106,Mobile,+855016334106
Smart-016-334107,Mobile,+855016334107
Smart-016-334108,Mobile,+855016334108
Smart-016-334109,Mobile,+855016334109
Smart-016-334110,Mobile,+855016334110
Smart-016-334111,Mobile,+855016334111
Smart-016-334112,Mobile,+855016334112
Smart-016-334113,Mobile,+855016334113
Smart-016-334114,Mobile,+855016334114
Smart-016-334115,Mobile,+855016334115
Smart-016-334116,Mobile,+855016334116
Smart-016-334117,Mobile,+855016334117
Smart-016-334118,Mobile,+855016334118
Smart-016-334119,Mobile,+855016334119
Smart-016-334120,Mobile,+855016334120
Smart-016-334121,Mobile,+855016334121
Smart-016-334122,Mobile,+855016334122
Smart-016-334123,Mobile,+855016334123
Smart-016-334124,Mobile,+855016334124
Smart-016-334125,Mobile,+855016334125
Smart-016-334126,Mobile,+855016334126
Smart-016-334127,Mobile,+855016334127
Smart-016-334128,Mobile,+855016334128
Smart-016-334129,Mobile,+855016334129
Smart-016-334130,Mobile,+855016334130
Smart-016-334131,Mobile,+855016334131
Smart-016-334132,Mobile,+855016334132
Smart-016-334133,Mobile,+855016334133
Smart-016-334134,Mobile,+855016334134
Smart-016-334135,Mobile,+855016334135
Smart-016-334136,Mobile,+855016334136
Smart-016-334137,Mobile,+855016334137
Smart-016-334138,Mobile,+855016334138
Smart-016-334139,Mobile,+855016334139
Smart-016-334140,Mobile,+855016334140
Smart-016-334141,Mobile,+855016334141
Smart-016-334142,Mobile,+855016334142
Smart-016-334143,Mobile,+855016334143
Smart-016-334144,Mobile,+855016334144
Smart-016-334145,Mobile,+855016334145
Smart-016-334146,Mobile,+855016334146
Smart-016-334147,Mobile,+855016334147
Smart-016-334148,Mobile,+855016334148
Smart-016-334149,Mobile,+855016334149
Smart-016-334150,Mobile,+855016334150
Smart-016-334151,Mobile,+855016334151
Smart-016-334152,Mobile,+855016334152
Smart-016-334153,Mobile,+855016334153
Smart-016-334154,Mobile,+855016334154
Smart-016-334155,Mobile,+855016334155
Smart-016-334156,Mobile,+855016334156
Smart-016-334157,Mobile,+855016334157
Smart-016-334158,Mobile,+855016334158
Smart-016-334159,Mobile,+855016334159
Smart-016-334160,Mobile,+855016334160
Smart-016-334161,Mobile,+855016334161
Smart-016-334162,Mobile,+855016334162
Smart-016-334163,Mobile,+855016334163
Smart-016-334164,Mobile,+855016334164
Smart-016-334165,Mobile,+855016334165
Smart-016-334166,Mobile,+855016334166
Smart-016-334167,Mobile,+855016334167
Smart-016-334168,Mobile,+855016334168
Smart-016-334169,Mobile,+855016334169
Smart-016-334170,Mobile,+855016334170
Smart-016-334171,Mobile,+855016334171
Smart-016-334172,Mobile,+855016334172
Smart-016-334173,Mobile,+855016334173
Smart-016-334174,Mobile,+855016334174
Smart-016-334175,Mobile,+855016334175
Smart-016-334176,Mobile,+855016334176
Smart-016-334177,Mobile,+855016334177
Smart-016-334178,Mobile,+855016334178
Smart-016-334179,Mobile,+855016334179
Smart-016-334180,Mobile,+855016334180
Smart-016-334181,Mobile,+855016334181
Smart-016-334182,Mobile,+855016334182
Smart-016-334183,Mobile,+855016334183
Smart-016-334184,Mobile,+855016334184
Smart-016-334185,Mobile,+855016334185
Smart-016-334186,Mobile,+855016334186
Smart-016-334187,Mobile,+855016334187
Smart-016-334188,Mobile,+855016334188
Smart-016-334189,Mobile,+855016334189
Smart-016-334190,Mobile,+855016334190
Smart-016-334191,Mobile,+855016334191
Smart-016-334192,Mobile,+855016334192
Smart-016-334193,Mobile,+855016334193
Smart-016-334194,Mobile,+855016334194
Smart-016-334195,Mobile,+855016334195
Smart-016-334196,Mobile,+855016334196
Smart-016-334197,Mobile,+855016334197
Smart-016-334198,Mobile,+855016334198
Smart-016-334199,Mobile,+855016334199
Smart-016-334200,Mobile,+855016334200
Smart-016-334201,Mobile,+855016334201
Smart-016-334202,Mobile,+855016334202
Smart-016-334203,Mobile,+855016334203
Smart-016-334204,Mobile,+855016334204
Smart-016-334205,Mobile,+855016334205
Smart-016-334206,Mobile,+855016334206
Smart-016-334207,Mobile,+855016334207
Smart-016-334208,Mobile,+855016334208
Smart-016-334209,Mobile,+855016334209
Smart-016-334210,Mobile,+855016334210
Smart-016-334211,Mobile,+855016334211
Smart-016-334212,Mobile,+855016334212
Smart-016-334213,Mobile,+855016334213
Smart-016-334214,Mobile,+855016334214
Smart-016-334215,Mobile,+855016334215
Smart-016-334216,Mobile,+855016334216
Smart-016-334217,Mobile,+855016334217
Smart-016-334218,Mobile,+855016334218
Smart-016-334219,Mobile,+855016334219
Smart-016-334220,Mobile,+855016334220
Smart-016-334221,Mobile,+855016334221
Smart-016-334222,Mobile,+855016334222
Smart-016-334223,Mobile,+855016334223
Smart-016-334224,Mobile,+855016334224
Smart-016-334225,Mobile,+855016334225
Smart-016-334226,Mobile,+855016334226
Smart-016-334227,Mobile,+855016334227
Smart-016-334228,Mobile,+855016334228
Smart-016-334229,Mobile,+855016334229
Smart-016-334230,Mobile,+855016334230
Smart-016-334231,Mobile,+855016334231
Smart-016-334232,Mobile,+855016334232
Smart-016-334233,Mobile,+855016334233
Smart-016-334234,Mobile,+855016334234
Smart-016-334235,Mobile,+855016334235
Smart-016-334236,Mobile,+855016334236
Smart-016-334237,Mobile,+855016334237
Smart-016-334238,Mobile,+855016334238
Smart-016-334239,Mobile,+855016334239
Smart-016-334240,Mobile,+855016334240
Smart-016-334241,Mobile,+855016334241
Smart-016-334242,Mobile,+855016334242
Smart-016-334243,Mobile,+855016334243
Smart-016-334244,Mobile,+855016334244
Smart-016-334245,Mobile,+855016334245
Smart-016-334246,Mobile,+855016334246
Smart-016-334247,Mobile,+855016334247
Smart-016-334248,Mobile,+855016334248
Smart-016-334249,Mobile,+855016334249
Smart-016-334250,Mobile,+855016334250
Smart-016-334251,Mobile,+855016334251
Smart-016-334252,Mobile,+855016334252
Smart-016-334253,Mobile,+855016334253
Smart-016-334254,Mobile,+855016334254
Smart-016-334255,Mobile,+855016334255
Smart-016-334256,Mobile,+855016334256
Smart-016-334257,Mobile,+855016334257
Smart-016-334258,Mobile,+855016334258
Smart-016-334259,Mobile,+855016334259
Smart-016-334260,Mobile,+855016334260
Smart-016-334261,Mobile,+855016334261
Smart-016-334262,Mobile,+855016334262
Smart-016-334263,Mobile,+855016334263
Smart-016-334264,Mobile,+855016334264
Smart-016-334265,Mobile,+855016334265
Smart-016-334266,Mobile,+855016334266
Smart-016-334267,Mobile,+855016334267
Smart-016-334268,Mobile,+855016334268
Smart-016-334269,Mobile,+855016334269
Smart-016-334270,Mobile,+855016334270
Smart-016-334271,Mobile,+855016334271
Smart-016-334272,Mobile,+855016334272
Smart-016-334273,Mobile,+855016334273
Smart-016-334274,Mobile,+855016334274
Smart-016-334275,Mobile,+855016334275
Smart-016-334276,Mobile,+855016334276
Smart-016-334277,Mobile,+855016334277
Smart-016-334278,Mobile,+855016334278
Smart-016-334279,Mobile,+855016334279
Smart-016-334280,Mobile,+855016334280
Smart-016-334281,Mobile,+855016334281
Smart-016-334282,Mobile,+855016334282
Smart-016-334283,Mobile,+855016334283
Smart-016-334284,Mobile,+855016334284
Smart-016-334285,Mobile,+855016334285
Smart-016-334286,Mobile,+855016334286
Smart-016-334287,Mobile,+855016334287
Smart-016-334288,Mobile,+855016334288
Smart-016-334289,Mobile,+855016334289
Smart-016-334290,Mobile,+855016334290
Smart-016-334291,Mobile,+855016334291
Smart-016-334292,Mobile,+855016334292
Smart-016-334293,Mobile,+855016334293
Smart-016-334294,Mobile,+855016334294
Smart-016-334295,Mobile,+855016334295
Smart-016-334296,Mobile,+855016334296
Smart-016-334297,Mobile,+855016334297
Smart-016-334298,Mobile,+855016334298
Smart-016-334299,Mobile,+855016334299
Smart-016-334300,Mobile,+855016334300
Smart-016-334301,Mobile,+855016334301
Smart-016-334302,Mobile,+855016334302
Smart-016-334303,Mobile,+855016334303
Smart-016-334304,Mobile,+855016334304
Smart-016-334305,Mobile,+855016334305
Smart-016-334306,Mobile,+855016334306
Smart-016-334307,Mobile,+855016334307
Smart-016-334308,Mobile,+855016334308
Smart-016-334309,Mobile,+855016334309
Smart-016-334310,Mobile,+855016334310
Smart-016-334311,Mobile,+855016334311
Smart-016-334312,Mobile,+855016334312
Smart-016-334313,Mobile,+855016334313
Smart-016-334314,Mobile,+855016334314
Smart-016-334315,Mobile,+855016334315
Smart-016-334316,Mobile,+855016334316
Smart-016-334317,Mobile,+855016334317
Smart-016-334318,Mobile,+855016334318
Smart-016-334319,Mobile,+855016334319
Smart-016-334320,Mobile,+855016334320
Smart-016-334321,Mobile,+855016334321
Smart-016-334322,Mobile,+855016334322
Smart-016-334323,Mobile,+855016334323
Smart-016-334324,Mobile,+855016334324
Smart-016-334325,Mobile,+855016334325
Smart-016-334326,Mobile,+855016334326
Smart-016-334327,Mobile,+855016334327
Smart-016-334328,Mobile,+855016334328
Smart-016-334329,Mobile,+855016334329
Smart-016-334330,Mobile,+855016334330
Smart-016-334331,Mobile,+855016334331
Smart-016-334332,Mobile,+855016334332
Smart-016-334333,Mobile,+855016334333
Smart-016-334334,Mobile,+855016334334
Smart-016-334335,Mobile,+855016334335
Smart-016-334336,Mobile,+855016334336
Smart-016-334337,Mobile,+855016334337
Smart-016-334338,Mobile,+855016334338
Smart-016-334339,Mobile,+855016334339
Smart-016-334340,Mobile,+855016334340
Smart-016-334341,Mobile,+855016334341
Smart-016-334342,Mobile,+855016334342
Smart-016-334343,Mobile,+855016334343
Smart-016-334344,Mobile,+855016334344
Smart-016-334345,Mobile,+855016334345
Smart-016-334346,Mobile,+855016334346
Smart-016-334347,Mobile,+855016334347
Smart-016-334348,Mobile,+855016334348
Smart-016-334349,Mobile,+855016334349
Smart-016-334350,Mobile,+855016334350
Smart-016-334351,Mobile,+855016334351
Smart-016-334352,Mobile,+855016334352
Smart-016-334353,Mobile,+855016334353
Smart-016-334354,Mobile,+855016334354
Smart-016-334355,Mobile,+855016334355
Smart-016-334356,Mobile,+855016334356
Smart-016-334357,Mobile,+855016334357
Smart-016-334358,Mobile,+855016334358
Smart-016-334359,Mobile,+855016334359
Smart-016-334360,Mobile,+855016334360
Smart-016-334361,Mobile,+855016334361
Smart-016-334362,Mobile,+855016334362
Smart-016-334363,Mobile,+855016334363
Smart-016-334364,Mobile,+855016334364
Smart-016-334365,Mobile,+855016334365
Smart-016-334366,Mobile,+855016334366
Smart-016-334367,Mobile,+855016334367
Smart-016-334368,Mobile,+855016334368
Smart-016-334369,Mobile,+855016334369
Smart-016-334370,Mobile,+855016334370
Smart-016-334371,Mobile,+855016334371
Smart-016-334372,Mobile,+855016334372
Smart-016-334373,Mobile,+855016334373
Smart-016-334374,Mobile,+855016334374
Smart-016-334375,Mobile,+855016334375
Smart-016-334376,Mobile,+855016334376
Smart-016-334377,Mobile,+855016334377
Smart-016-334378,Mobile,+855016334378
Smart-016-334379,Mobile,+855016334379
Smart-016-334380,Mobile,+855016334380
Smart-016-334381,Mobile,+855016334381
Smart-016-334382,Mobile,+855016334382
Smart-016-334383,Mobile,+855016334383
Smart-016-334384,Mobile,+855016334384
Smart-016-334385,Mobile,+855016334385
Smart-016-334386,Mobile,+855016334386
Smart-016-334387,Mobile,+855016334387
Smart-016-334388,Mobile,+855016334388
Smart-016-334389,Mobile,+855016334389
Smart-016-334390,Mobile,+855016334390
Smart-016-334391,Mobile,+855016334391
Smart-016-334392,Mobile,+855016334392
Smart-016-334393,Mobile,+855016334393
Smart-016-334394,Mobile,+855016334394
Smart-016-334395,Mobile,+855016334395
Smart-016-334396,Mobile,+855016334396
Smart-016-334397,Mobile,+855016334397
Smart-016-334398,Mobile,+855016334398
Smart-016-334399,Mobile,+855016334399
Smart-016-334400,Mobile,+855016334400
Smart-016-334401,Mobile,+855016334401
Smart-016-334402,Mobile,+855016334402
Smart-016-334403,Mobile,+855016334403
Smart-016-334404,Mobile,+855016334404
Smart-016-334405,Mobile,+855016334405
Smart-016-334406,Mobile,+855016334406
Smart-016-334407,Mobile,+855016334407
Smart-016-334408,Mobile,+855016334408
Smart-016-334409,Mobile,+855016334409
Smart-016-334410,Mobile,+855016334410
Smart-016-334411,Mobile,+855016334411
Smart-016-334412,Mobile,+855016334412
Smart-016-334413,Mobile,+855016334413
Smart-016-334414,Mobile,+855016334414
Smart-016-334415,Mobile,+855016334415
Smart-016-334416,Mobile,+855016334416
Smart-016-334417,Mobile,+855016334417
Smart-016-334418,Mobile,+855016334418
Smart-016-334419,Mobile,+855016334419
Smart-016-334420,Mobile,+855016334420
Smart-016-334421,Mobile,+855016334421
Smart-016-334422,Mobile,+855016334422
Smart-016-334423,Mobile,+855016334423
Smart-016-334424,Mobile,+855016334424
Smart-016-334425,Mobile,+855016334425
Smart-016-334426,Mobile,+855016334426
Smart-016-334427,Mobile,+855016334427
Smart-016-334428,Mobile,+855016334428
Smart-016-334429,Mobile,+855016334429
Smart-016-334430,Mobile,+855016334430
Smart-016-334431,Mobile,+855016334431
Smart-016-334432,Mobile,+855016334432
Smart-016-334433,Mobile,+855016334433
Smart-016-334434,Mobile,+855016334434
Smart-016-334435,Mobile,+855016334435
Smart-016-334436,Mobile,+855016334436
Smart-016-334437,Mobile,+855016334437
Smart-016-334438,Mobile,+855016334438
Smart-016-334439,Mobile,+855016334439
Smart-016-334440,Mobile,+855016334440
Smart-016-334441,Mobile,+855016334441
Smart-016-334442,Mobile,+855016334442
Smart-016-334443,Mobile,+855016334443
Smart-016-334444,Mobile,+855016334444
Smart-016-334445,Mobile,+855016334445
Smart-016-334446,Mobile,+855016334446
Smart-016-334447,Mobile,+855016334447
Smart-016-334448,Mobile,+855016334448
Smart-016-334449,Mobile,+855016334449
Smart-016-334450,Mobile,+855016334450
Smart-016-334451,Mobile,+855016334451
Smart-016-334452,Mobile,+855016334452
Smart-016-334453,Mobile,+855016334453
Smart-016-334454,Mobile,+855016334454
Smart-016-334455,Mobile,+855016334455
Smart-016-334456,Mobile,+855016334456
Smart-016-334457,Mobile,+855016334457
Smart-016-334458,Mobile,+855016334458
Smart-016-334459,Mobile,+855016334459
Smart-016-334460,Mobile,+855016334460
Smart-016-334461,Mobile,+855016334461
Smart-016-334462,Mobile,+855016334462
Smart-016-334463,Mobile,+855016334463
Smart-016-334464,Mobile,+855016334464
Smart-016-334465,Mobile,+855016334465
Smart-016-334466,Mobile,+855016334466
Smart-016-334467,Mobile,+855016334467
Smart-016-334468,Mobile,+855016334468
Smart-016-334469,Mobile,+855016334469
Smart-016-334470,Mobile,+855016334470
Smart-016-334471,Mobile,+855016334471
Smart-016-334472,Mobile,+855016334472
Smart-016-334473,Mobile,+855016334473
Smart-016-334474,Mobile,+855016334474
Smart-016-334475,Mobile,+855016334475
Smart-016-334476,Mobile,+855016334476
Smart-016-334477,Mobile,+855016334477
Smart-016-334478,Mobile,+855016334478
Smart-016-334479,Mobile,+855016334479
Smart-016-334480,Mobile,+855016334480
Smart-016-334481,Mobile,+855016334481
Smart-016-334482,Mobile,+855016334482
Smart-016-334483,Mobile,+855016334483
Smart-016-334484,Mobile,+855016334484
Smart-016-334485,Mobile,+855016334485
Smart-016-334486,Mobile,+855016334486
Smart-016-334487,Mobile,+855016334487
Smart-016-334488,Mobile,+855016334488
Smart-016-334489,Mobile,+855016334489
Smart-016-334490,Mobile,+855016334490
Smart-016-334491,Mobile,+855016334491
Smart-016-334492,Mobile,+855016334492
Smart-016-334493,Mobile,+855016334493
Smart-016-334494,Mobile,+855016334494
Smart-016-334495,Mobile,+855016334495
Smart-016-334496,Mobile,+855016334496
Smart-016-334497,Mobile,+855016334497
Smart-016-334498,Mobile,+855016334498
Smart-016-334499,Mobile,+855016334499
Smart-016-334500,Mobile,+855016334500
Smart-016-334501,Mobile,+855016334501
Smart-016-334502,Mobile,+855016334502
Smart-016-334503,Mobile,+855016334503
Smart-016-334504,Mobile,+855016334504
Smart-016-334505,Mobile,+855016334505
Smart-016-334506,Mobile,+855016334506
Smart-016-334507,Mobile,+855016334507
Smart-016-334508,Mobile,+855016334508
Smart-016-334509,Mobile,+855016334509
Smart-016-334510,Mobile,+855016334510
Smart-016-334511,Mobile,+855016334511
Smart-016-334512,Mobile,+855016334512
Smart-016-334513,Mobile,+855016334513
Smart-016-334514,Mobile,+855016334514
Smart-016-334515,Mobile,+855016334515
Smart-016-334516,Mobile,+855016334516
Smart-016-334517,Mobile,+855016334517
Smart-016-334518,Mobile,+855016334518
Smart-016-334519,Mobile,+855016334519
Smart-016-334520,Mobile,+855016334520
Smart-016-334521,Mobile,+855016334521
Smart-016-334522,Mobile,+855016334522
Smart-016-334523,Mobile,+855016334523
Smart-016-334524,Mobile,+855016334524
Smart-016-334525,Mobile,+855016334525
Smart-016-334526,Mobile,+855016334526
Smart-016-334527,Mobile,+855016334527
Smart-016-334528,Mobile,+855016334528
Smart-016-334529,Mobile,+855016334529
Smart-016-334530,Mobile,+855016334530
Smart-016-334531,Mobile,+855016334531
Smart-016-334532,Mobile,+855016334532
Smart-016-334533,Mobile,+855016334533
Smart-016-334534,Mobile,+855016334534
Smart-016-334535,Mobile,+855016334535
Smart-016-334536,Mobile,+855016334536
Smart-016-334537,Mobile,+855016334537
Smart-016-334538,Mobile,+855016334538
Smart-016-334539,Mobile,+855016334539
Smart-016-334540,Mobile,+855016334540
Smart-016-334541,Mobile,+855016334541
Smart-016-334542,Mobile,+855016334542
Smart-016-334543,Mobile,+855016334543
Smart-016-334544,Mobile,+855016334544
Smart-016-334545,Mobile,+855016334545
Smart-016-334546,Mobile,+855016334546
Smart-016-334547,Mobile,+855016334547
Smart-016-334548,Mobile,+855016334548
Smart-016-334549,Mobile,+855016334549
Smart-016-334550,Mobile,+855016334550
Smart-016-334551,Mobile,+855016334551
Smart-016-334552,Mobile,+855016334552
Smart-016-334553,Mobile,+855016334553
Smart-016-334554,Mobile,+855016334554
Smart-016-334555,Mobile,+855016334555
Smart-016-334556,Mobile,+855016334556
Smart-016-334557,Mobile,+855016334557
Smart-016-334558,Mobile,+855016334558
Smart-016-334559,Mobile,+855016334559
Smart-016-334560,Mobile,+855016334560
Smart-016-334561,Mobile,+855016334561
Smart-016-334562,Mobile,+855016334562
Smart-016-334563,Mobile,+855016334563
Smart-016-334564,Mobile,+855016334564
Smart-016-334565,Mobile,+855016334565
Smart-016-334566,Mobile,+855016334566
Smart-016-334567,Mobile,+855016334567
Smart-016-334568,Mobile,+855016334568
Smart-016-334569,Mobile,+855016334569
Smart-016-334570,Mobile,+855016334570
Smart-016-334571,Mobile,+855016334571
Smart-016-334572,Mobile,+855016334572
Smart-016-334573,Mobile,+855016334573
Smart-016-334574,Mobile,+855016334574
Smart-016-334575,Mobile,+855016334575
Smart-016-334576,Mobile,+855016334576
Smart-016-334577,Mobile,+855016334577
Smart-016-334578,Mobile,+855016334578
Smart-016-334579,Mobile,+855016334579
Smart-016-334580,Mobile,+855016334580
Smart-016-334581,Mobile,+855016334581
Smart-016-334582,Mobile,+855016334582
Smart-016-334583,Mobile,+855016334583
Smart-016-334584,Mobile,+855016334584
Smart-016-334585,Mobile,+855016334585
Smart-016-334586,Mobile,+855016334586
Smart-016-334587,Mobile,+855016334587
Smart-016-334588,Mobile,+855016334588
Smart-016-334589,Mobile,+855016334589
Smart-016-334590,Mobile,+855016334590
Smart-016-334591,Mobile,+855016334591
Smart-016-334592,Mobile,+855016334592
Smart-016-334593,Mobile,+855016334593
Smart-016-334594,Mobile,+855016334594
Smart-016-334595,Mobile,+855016334595
Smart-016-334596,Mobile,+855016334596
Smart-016-334597,Mobile,+855016334597
Smart-016-334598,Mobile,+855016334598
Smart-016-334599,Mobile,+855016334599
Smart-016-334600,Mobile,+855016334600
Smart-016-334601,Mobile,+855016334601
Smart-016-334602,Mobile,+855016334602
Smart-016-334603,Mobile,+855016334603
Smart-016-334604,Mobile,+855016334604
Smart-016-334605,Mobile,+855016334605
Smart-016-334606,Mobile,+855016334606
Smart-016-334607,Mobile,+855016334607
Smart-016-334608,Mobile,+855016334608
Smart-016-334609,Mobile,+855016334609
Smart-016-334610,Mobile,+855016334610
Smart-016-334611,Mobile,+855016334611
Smart-016-334612,Mobile,+855016334612
Smart-016-334613,Mobile,+855016334613
Smart-016-334614,Mobile,+855016334614
Smart-016-334615,Mobile,+855016334615
Smart-016-334616,Mobile,+855016334616
Smart-016-334617,Mobile,+855016334617
Smart-016-334618,Mobile,+855016334618
Smart-016-334619,Mobile,+855016334619
Smart-016-334620,Mobile,+855016334620
Smart-016-334621,Mobile,+855016334621
Smart-016-334622,Mobile,+855016334622
Smart-016-334623,Mobile,+855016334623
Smart-016-334624,Mobile,+855016334624
Smart-016-334625,Mobile,+855016334625
Smart-016-334626,Mobile,+855016334626
Smart-016-334627,Mobile,+855016334627
Smart-016-334628,Mobile,+855016334628
Smart-016-334629,Mobile,+855016334629
Smart-016-334630,Mobile,+855016334630
Smart-016-334631,Mobile,+855016334631
Smart-016-334632,Mobile,+855016334632
Smart-016-334633,Mobile,+855016334633
Smart-016-334634,Mobile,+855016334634
Smart-016-334635,Mobile,+855016334635
Smart-016-334636,Mobile,+855016334636
Smart-016-334637,Mobile,+855016334637
Smart-016-334638,Mobile,+855016334638
Smart-016-334639,Mobile,+855016334639
Smart-016-334640,Mobile,+855016334640
Smart-016-334641,Mobile,+855016334641
Smart-016-334642,Mobile,+855016334642
Smart-016-334643,Mobile,+855016334643
Smart-016-334644,Mobile,+855016334644
Smart-016-334645,Mobile,+855016334645
Smart-016-334646,Mobile,+855016334646
Smart-016-334647,Mobile,+855016334647
Smart-016-334648,Mobile,+855016334648
Smart-016-334649,Mobile,+855016334649
Smart-016-334650,Mobile,+855016334650
Smart-016-334651,Mobile,+855016334651
Smart-016-334652,Mobile,+855016334652
Smart-016-334653,Mobile,+855016334653
Smart-016-334654,Mobile,+855016334654
Smart-016-334655,Mobile,+855016334655
Smart-016-334656,Mobile,+855016334656
Smart-016-334657,Mobile,+855016334657
Smart-016-334658,Mobile,+855016334658
Smart-016-334659,Mobile,+855016334659
Smart-016-334660,Mobile,+855016334660
Smart-016-334661,Mobile,+855016334661
Smart-016-334662,Mobile,+855016334662
Smart-016-334663,Mobile,+855016334663
Smart-016-334664,Mobile,+855016334664
Smart-016-334665,Mobile,+855016334665
Smart-016-334666,Mobile,+855016334666
Smart-016-334667,Mobile,+855016334667
Smart-016-334668,Mobile,+855016334668
Smart-016-334669,Mobile,+855016334669
Smart-016-334670,Mobile,+855016334670
Smart-016-334671,Mobile,+855016334671
Smart-016-334672,Mobile,+855016334672
Smart-016-334673,Mobile,+855016334673
Smart-016-334674,Mobile,+855016334674
Smart-016-334675,Mobile,+855016334675
Smart-016-334676,Mobile,+855016334676
Smart-016-334677,Mobile,+855016334677
Smart-016-334678,Mobile,+855016334678
Smart-016-334679,Mobile,+855016334679
Smart-016-334680,Mobile,+855016334680
Smart-016-334681,Mobile,+855016334681
Smart-016-334682,Mobile,+855016334682
Smart-016-334683,Mobile,+855016334683
Smart-016-334684,Mobile,+855016334684
Smart-016-334685,Mobile,+855016334685
Smart-016-334686,Mobile,+855016334686
Smart-016-334687,Mobile,+855016334687
Smart-016-334688,Mobile,+855016334688
Smart-016-334689,Mobile,+855016334689
Smart-016-334690,Mobile,+855016334690
Smart-016-334691,Mobile,+855016334691
Smart-016-334692,Mobile,+855016334692
Smart-016-334693,Mobile,+855016334693
Smart-016-334694,Mobile,+855016334694
Smart-016-334695,Mobile,+855016334695
Smart-016-334696,Mobile,+855016334696
Smart-016-334697,Mobile,+855016334697
Smart-016-334698,Mobile,+855016334698
Smart-016-334699,Mobile,+855016334699
Smart-016-334700,Mobile,+855016334700
Smart-016-334701,Mobile,+855016334701
Smart-016-334702,Mobile,+855016334702
Smart-016-334703,Mobile,+855016334703
Smart-016-334704,Mobile,+855016334704
Smart-016-334705,Mobile,+855016334705
Smart-016-334706,Mobile,+855016334706
Smart-016-334707,Mobile,+855016334707
Smart-016-334708,Mobile,+855016334708
Smart-016-334709,Mobile,+855016334709
Smart-016-334710,Mobile,+855016334710
Smart-016-334711,Mobile,+855016334711
Smart-016-334712,Mobile,+855016334712
Smart-016-334713,Mobile,+855016334713
Smart-016-334714,Mobile,+855016334714
Smart-016-334715,Mobile,+855016334715
Smart-016-334716,Mobile,+855016334716
Smart-016-334717,Mobile,+855016334717
Smart-016-334718,Mobile,+855016334718
Smart-016-334719,Mobile,+855016334719
Smart-016-334720,Mobile,+855016334720
Smart-016-334721,Mobile,+855016334721
Smart-016-334722,Mobile,+855016334722
Smart-016-334723,Mobile,+855016334723
Smart-016-334724,Mobile,+855016334724
Smart-016-334725,Mobile,+855016334725
Smart-016-334726,Mobile,+855016334726
Smart-016-334727,Mobile,+855016334727
Smart-016-334728,Mobile,+855016334728
Smart-016-334729,Mobile,+855016334729
Smart-016-334730,Mobile,+855016334730
Smart-016-334731,Mobile,+855016334731
Smart-016-334732,Mobile,+855016334732
Smart-016-334733,Mobile,+855016334733
Smart-016-334734,Mobile,+855016334734
Smart-016-334735,Mobile,+855016334735
Smart-016-334736,Mobile,+855016334736
Smart-016-334737,Mobile,+855016334737
Smart-016-334738,Mobile,+855016334738
Smart-016-334739,Mobile,+855016334739
Smart-016-334740,Mobile,+855016334740
Smart-016-334741,Mobile,+855016334741
Smart-016-334742,Mobile,+855016334742
Smart-016-334743,Mobile,+855016334743
Smart-016-334744,Mobile,+855016334744
Smart-016-334745,Mobile,+855016334745
Smart-016-334746,Mobile,+855016334746
Smart-016-334747,Mobile,+855016334747
Smart-016-334748,Mobile,+855016334748
Smart-016-334749,Mobile,+855016334749
Smart-016-334750,Mobile,+855016334750
Smart-016-334751,Mobile,+855016334751
Smart-016-334752,Mobile,+855016334752
Smart-016-334753,Mobile,+855016334753
Smart-016-334754,Mobile,+855016334754
Smart-016-334755,Mobile,+855016334755
Smart-016-334756,Mobile,+855016334756
Smart-016-334757,Mobile,+855016334757
Smart-016-334758,Mobile,+855016334758
Smart-016-334759,Mobile,+855016334759
Smart-016-334760,Mobile,+855016334760
Smart-016-334761,Mobile,+855016334761
Smart-016-334762,Mobile,+855016334762
Smart-016-334763,Mobile,+855016334763
Smart-016-334764,Mobile,+855016334764
Smart-016-334765,Mobile,+855016334765
Smart-016-334766,Mobile,+855016334766
Smart-016-334767,Mobile,+855016334767
Smart-016-334768,Mobile,+855016334768
Smart-016-334769,Mobile,+855016334769
Smart-016-334770,Mobile,+855016334770
Smart-016-334771,Mobile,+855016334771
Smart-016-334772,Mobile,+855016334772
Smart-016-334773,Mobile,+855016334773
Smart-016-334774,Mobile,+855016334774
Smart-016-334775,Mobile,+855016334775
Smart-016-334776,Mobile,+855016334776
Smart-016-334777,Mobile,+855016334777
Smart-016-334778,Mobile,+855016334778
Smart-016-334779,Mobile,+855016334779
Smart-016-334780,Mobile,+855016334780
Smart-016-334781,Mobile,+855016334781
Smart-016-334782,Mobile,+855016334782
Smart-016-334783,Mobile,+855016334783
Smart-016-334784,Mobile,+855016334784
Smart-016-334785,Mobile,+855016334785
Smart-016-334786,Mobile,+855016334786
Smart-016-334787,Mobile,+855016334787
Smart-016-334788,Mobile,+855016334788
Smart-016-334789,Mobile,+855016334789
Smart-016-334790,Mobile,+855016334790
Smart-016-334791,Mobile,+855016334791
Smart-016-334792,Mobile,+855016334792
Smart-016-334793,Mobile,+855016334793
Smart-016-334794,Mobile,+855016334794
Smart-016-334795,Mobile,+855016334795
Smart-016-334796,Mobile,+855016334796
Smart-016-334797,Mobile,+855016334797
Smart-016-334798,Mobile,+855016334798
Smart-016-334799,Mobile,+855016334799
Smart-016-334800,Mobile,+855016334800
Smart-016-334801,Mobile,+855016334801
Smart-016-334802,Mobile,+855016334802
Smart-016-334803,Mobile,+855016334803
Smart-016-334804,Mobile,+855016334804
Smart-016-334805,Mobile,+855016334805
Smart-016-334806,Mobile,+855016334806
Smart-016-334807,Mobile,+855016334807
Smart-016-334808,Mobile,+855016334808
Smart-016-334809,Mobile,+855016334809
Smart-016-334810,Mobile,+855016334810
Smart-016-334811,Mobile,+855016334811
Smart-016-334812,Mobile,+855016334812
Smart-016-334813,Mobile,+855016334813
Smart-016-334814,Mobile,+855016334814
Smart-016-334815,Mobile,+855016334815
Smart-016-334816,Mobile,+855016334816
Smart-016-334817,Mobile,+855016334817
Smart-016-334818,Mobile,+855016334818
Smart-016-334819,Mobile,+855016334819
Smart-016-334820,Mobile,+855016334820
Smart-016-334821,Mobile,+855016334821
Smart-016-334822,Mobile,+855016334822
Smart-016-334823,Mobile,+855016334823
Smart-016-334824,Mobile,+855016334824
Smart-016-334825,Mobile,+855016334825
Smart-016-334826,Mobile,+855016334826
Smart-016-334827,Mobile,+855016334827
Smart-016-334828,Mobile,+855016334828
Smart-016-334829,Mobile,+855016334829
Smart-016-334830,Mobile,+855016334830
Smart-016-334831,Mobile,+855016334831
Smart-016-334832,Mobile,+855016334832
Smart-016-334833,Mobile,+855016334833
Smart-016-334834,Mobile,+855016334834
Smart-016-334835,Mobile,+855016334835
Smart-016-334836,Mobile,+855016334836
Smart-016-334837,Mobile,+855016334837
Smart-016-334838,Mobile,+855016334838
Smart-016-334839,Mobile,+855016334839
Smart-016-334840,Mobile,+855016334840
Smart-016-334841,Mobile,+855016334841
Smart-016-334842,Mobile,+855016334842
Smart-016-334843,Mobile,+855016334843
Smart-016-334844,Mobile,+855016334844
Smart-016-334845,Mobile,+855016334845
Smart-016-334846,Mobile,+855016334846
Smart-016-334847,Mobile,+855016334847
Smart-016-334848,Mobile,+855016334848
Smart-016-334849,Mobile,+855016334849
Smart-016-334850,Mobile,+855016334850
Smart-016-334851,Mobile,+855016334851
Smart-016-334852,Mobile,+855016334852
Smart-016-334853,Mobile,+855016334853
Smart-016-334854,Mobile,+855016334854
Smart-016-334855,Mobile,+855016334855
Smart-016-334856,Mobile,+855016334856
Smart-016-334857,Mobile,+855016334857
Smart-016-334858,Mobile,+855016334858
Smart-016-334859,Mobile,+855016334859
Smart-016-334860,Mobile,+855016334860
Smart-016-334861,Mobile,+855016334861
Smart-016-334862,Mobile,+855016334862
Smart-016-334863,Mobile,+855016334863
Smart-016-334864,Mobile,+855016334864
Smart-016-334865,Mobile,+855016334865
Smart-016-334866,Mobile,+855016334866
Smart-016-334867,Mobile,+855016334867
Smart-016-334868,Mobile,+855016334868
Smart-016-334869,Mobile,+855016334869
Smart-016-334870,Mobile,+855016334870
Smart-016-334871,Mobile,+855016334871
Smart-016-334872,Mobile,+855016334872
Smart-016-334873,Mobile,+855016334873
Smart-016-334874,Mobile,+855016334874
Smart-016-334875,Mobile,+855016334875
Smart-016-334876,Mobile,+855016334876
Smart-016-334877,Mobile,+855016334877
Smart-016-334878,Mobile,+855016334878
Smart-016-334879,Mobile,+855016334879
Smart-016-334880,Mobile,+855016334880
Smart-016-334881,Mobile,+855016334881
Smart-016-334882,Mobile,+855016334882
Smart-016-334883,Mobile,+855016334883
Smart-016-334884,Mobile,+855016334884
Smart-016-334885,Mobile,+855016334885
Smart-016-334886,Mobile,+855016334886
Smart-016-334887,Mobile,+855016334887
Smart-016-334888,Mobile,+855016334888
Smart-016-334889,Mobile,+855016334889
Smart-016-334890,Mobile,+855016334890
Smart-016-334891,Mobile,+855016334891
Smart-016-334892,Mobile,+855016334892
Smart-016-334893,Mobile,+855016334893
Smart-016-334894,Mobile,+855016334894
Smart-016-334895,Mobile,+855016334895
Smart-016-334896,Mobile,+855016334896
Smart-016-334897,Mobile,+855016334897
Smart-016-334898,Mobile,+855016334898
Smart-016-334899,Mobile,+855016334899
Smart-016-334900,Mobile,+855016334900
Smart-016-334901,Mobile,+855016334901
Smart-016-334902,Mobile,+855016334902
Smart-016-334903,Mobile,+855016334903
Smart-016-334904,Mobile,+855016334904
Smart-016-334905,Mobile,+855016334905
Smart-016-334906,Mobile,+855016334906
Smart-016-334907,Mobile,+855016334907
Smart-016-334908,Mobile,+855016334908
Smart-016-334909,Mobile,+855016334909
Smart-016-334910,Mobile,+855016334910
Smart-016-334911,Mobile,+855016334911
Smart-016-334912,Mobile,+855016334912
Smart-016-334913,Mobile,+855016334913
Smart-016-334914,Mobile,+855016334914
Smart-016-334915,Mobile,+855016334915
Smart-016-334916,Mobile,+855016334916
Smart-016-334917,Mobile,+855016334917
Smart-016-334918,Mobile,+855016334918
Smart-016-334919,Mobile,+855016334919
Smart-016-334920,Mobile,+855016334920
Smart-016-334921,Mobile,+855016334921
Smart-016-334922,Mobile,+855016334922
Smart-016-334923,Mobile,+855016334923
Smart-016-334924,Mobile,+855016334924
Smart-016-334925,Mobile,+855016334925
Smart-016-334926,Mobile,+855016334926
Smart-016-334927,Mobile,+855016334927
Smart-016-334928,Mobile,+855016334928
Smart-016-334929,Mobile,+855016334929
Smart-016-334930,Mobile,+855016334930
Smart-016-334931,Mobile,+855016334931
Smart-016-334932,Mobile,+855016334932
Smart-016-334933,Mobile,+855016334933
Smart-016-334934,Mobile,+855016334934
Smart-016-334935,Mobile,+855016334935
Smart-016-334936,Mobile,+855016334936
Smart-016-334937,Mobile,+855016334937
Smart-016-334938,Mobile,+855016334938
Smart-016-334939,Mobile,+855016334939
Smart-016-334940,Mobile,+855016334940
Smart-016-334941,Mobile,+855016334941
Smart-016-334942,Mobile,+855016334942
Smart-016-334943,Mobile,+855016334943
Smart-016-334944,Mobile,+855016334944
Smart-016-334945,Mobile,+855016334945
Smart-016-334946,Mobile,+855016334946
Smart-016-334947,Mobile,+855016334947
Smart-016-334948,Mobile,+855016334948
Smart-016-334949,Mobile,+855016334949
Smart-016-334950,Mobile,+855016334950
Smart-016-334951,Mobile,+855016334951
Smart-016-334952,Mobile,+855016334952
Smart-016-334953,Mobile,+855016334953
Smart-016-334954,Mobile,+855016334954
Smart-016-334955,Mobile,+855016334955
Smart-016-334956,Mobile,+855016334956
Smart-016-334957,Mobile,+855016334957
Smart-016-334958,Mobile,+855016334958
Smart-016-334959,Mobile,+855016334959
Smart-016-334960,Mobile,+855016334960
Smart-016-334961,Mobile,+855016334961
Smart-016-334962,Mobile,+855016334962
Smart-016-334963,Mobile,+855016334963
Smart-016-334964,Mobile,+855016334964
Smart-016-334965,Mobile,+855016334965
Smart-016-334966,Mobile,+855016334966
Smart-016-334967,Mobile,+855016334967
Smart-016-334968,Mobile,+855016334968
Smart-016-334969,Mobile,+855016334969
Smart-016-334970,Mobile,+855016334970
Smart-016-334971,Mobile,+855016334971
Smart-016-334972,Mobile,+855016334972
Smart-016-334973,Mobile,+855016334973
Smart-016-334974,Mobile,+855016334974
Smart-016-334975,Mobile,+855016334975
Smart-016-334976,Mobile,+855016334976
Smart-016-334977,Mobile,+855016334977
Smart-016-334978,Mobile,+855016334978
Smart-016-334979,Mobile,+855016334979
Smart-016-334980,Mobile,+855016334980
Smart-016-334981,Mobile,+855016334981
Smart-016-334982,Mobile,+855016334982
Smart-016-334983,Mobile,+855016334983
Smart-016-334984,Mobile,+855016334984
Smart-016-334985,Mobile,+855016334985
Smart-016-334986,Mobile,+855016334986
Smart-016-334987,Mobile,+855016334987
Smart-016-334988,Mobile,+855016334988
Smart-016-334989,Mobile,+855016334989
Smart-016-334990,Mobile,+855016334990
Smart-016-334991,Mobile,+855016334991
Smart-016-334992,Mobile,+855016334992
Smart-016-334993,Mobile,+855016334993
Smart-016-334994,Mobile,+855016334994
Smart-016-334995,Mobile,+855016334995
Smart-016-334996,Mobile,+855016334996
Smart-016-334997,Mobile,+855016334997
Smart-016-334998,Mobile,+855016334998
Smart-016-334999,Mobile,+855016334999
Smart-016-335000,Mobile,+855016335000
Smart-016-335001,Mobile,+855016335001
Smart-016-335002,Mobile,+855016335002
Smart-016-335003,Mobile,+855016335003
Smart-016-335004,Mobile,+855016335004
Smart-016-335005,Mobile,+855016335005
Smart-016-335006,Mobile,+855016335006
Smart-016-335007,Mobile,+855016335007
Smart-016-335008,Mobile,+855016335008
Smart-016-335009,Mobile,+855016335009
Smart-016-335010,Mobile,+855016335010
Smart-016-335011,Mobile,+855016335011
Smart-016-335012,Mobile,+855016335012
Smart-016-335013,Mobile,+855016335013
Smart-016-335014,Mobile,+855016335014
Smart-016-335015,Mobile,+855016335015
Smart-016-335016,Mobile,+855016335016
Smart-016-335017,Mobile,+855016335017
Smart-016-335018,Mobile,+855016335018
Smart-016-335019,Mobile,+855016335019
Smart-016-335020,Mobile,+855016335020
Smart-016-335021,Mobile,+855016335021
Smart-016-335022,Mobile,+855016335022
Smart-016-335023,Mobile,+855016335023
Smart-016-335024,Mobile,+855016335024
Smart-016-335025,Mobile,+855016335025
Smart-016-335026,Mobile,+855016335026
Smart-016-335027,Mobile,+855016335027
Smart-016-335028,Mobile,+855016335028
Smart-016-335029,Mobile,+855016335029
Smart-016-335030,Mobile,+855016335030
Smart-016-335031,Mobile,+855016335031
Smart-016-335032,Mobile,+855016335032
Smart-016-335033,Mobile,+855016335033
Smart-016-335034,Mobile,+855016335034
Smart-016-335035,Mobile,+855016335035
Smart-016-335036,Mobile,+855016335036
Smart-016-335037,Mobile,+855016335037
Smart-016-335038,Mobile,+855016335038
Smart-016-335039,Mobile,+855016335039
Smart-016-335040,Mobile,+855016335040
Smart-016-335041,Mobile,+855016335041
Smart-016-335042,Mobile,+855016335042
Smart-016-335043,Mobile,+855016335043
Smart-016-335044,Mobile,+855016335044
Smart-016-335045,Mobile,+855016335045
Smart-016-335046,Mobile,+855016335046
Smart-016-335047,Mobile,+855016335047
Smart-016-335048,Mobile,+855016335048
Smart-016-335049,Mobile,+855016335049
Smart-016-335050,Mobile,+855016335050
Smart-016-335051,Mobile,+855016335051
Smart-016-335052,Mobile,+855016335052
Smart-016-335053,Mobile,+855016335053
Smart-016-335054,Mobile,+855016335054
Smart-016-335055,Mobile,+855016335055
Smart-016-335056,Mobile,+855016335056
Smart-016-335057,Mobile,+855016335057
Smart-016-335058,Mobile,+855016335058
Smart-016-335059,Mobile,+855016335059
Smart-016-335060,Mobile,+855016335060
Smart-016-335061,Mobile,+855016335061
Smart-016-335062,Mobile,+855016335062
Smart-016-335063,Mobile,+855016335063
Smart-016-335064,Mobile,+855016335064
Smart-016-335065,Mobile,+855016335065
Smart-016-335066,Mobile,+855016335066
Smart-016-335067,Mobile,+855016335067
Smart-016-335068,Mobile,+855016335068
Smart-016-335069,Mobile,+855016335069
Smart-016-335070,Mobile,+855016335070
Smart-016-335071,Mobile,+855016335071
Smart-016-335072,Mobile,+855016335072
Smart-016-335073,Mobile,+855016335073
Smart-016-335074,Mobile,+855016335074
Smart-016-335075,Mobile,+855016335075
Smart-016-335076,Mobile,+855016335076
Smart-016-335077,Mobile,+855016335077
Smart-016-335078,Mobile,+855016335078
Smart-016-335079,Mobile,+855016335079
Smart-016-335080,Mobile,+855016335080
Smart-016-335081,Mobile,+855016335081
Smart-016-335082,Mobile,+855016335082
Smart-016-335083,Mobile,+855016335083
Smart-016-335084,Mobile,+855016335084
Smart-016-335085,Mobile,+855016335085
Smart-016-335086,Mobile,+855016335086
Smart-016-335087,Mobile,+855016335087
Smart-016-335088,Mobile,+855016335088
Smart-016-335089,Mobile,+855016335089
Smart-016-335090,Mobile,+855016335090
Smart-016-335091,Mobile,+855016335091
Smart-016-335092,Mobile,+855016335092
Smart-016-335093,Mobile,+855016335093
Smart-016-335094,Mobile,+855016335094
Smart-016-335095,Mobile,+855016335095
Smart-016-335096,Mobile,+855016335096
Smart-016-335097,Mobile,+855016335097
Smart-016-335098,Mobile,+855016335098
Smart-016-335099,Mobile,+855016335099
Smart-016-335100,Mobile,+855016335100
Smart-016-335101,Mobile,+855016335101
Smart-016-335102,Mobile,+855016335102
Smart-016-335103,Mobile,+855016335103
Smart-016-335104,Mobile,+855016335104
Smart-016-335105,Mobile,+855016335105
Smart-016-335106,Mobile,+855016335106
Smart-016-335107,Mobile,+855016335107
Smart-016-335108,Mobile,+855016335108
Smart-016-335109,Mobile,+855016335109
Smart-016-335110,Mobile,+855016335110
Smart-016-335111,Mobile,+855016335111
Smart-016-335112,Mobile,+855016335112
Smart-016-335113,Mobile,+855016335113
Smart-016-335114,Mobile,+855016335114
Smart-016-335115,Mobile,+855016335115
Smart-016-335116,Mobile,+855016335116
Smart-016-335117,Mobile,+855016335117
Smart-016-335118,Mobile,+855016335118
Smart-016-335119,Mobile,+855016335119
Smart-016-335120,Mobile,+855016335120
Smart-016-335121,Mobile,+855016335121
Smart-016-335122,Mobile,+855016335122
Smart-016-335123,Mobile,+855016335123
Smart-016-335124,Mobile,+855016335124
Smart-016-335125,Mobile,+855016335125
Smart-016-335126,Mobile,+855016335126
Smart-016-335127,Mobile,+855016335127
Smart-016-335128,Mobile,+855016335128
Smart-016-335129,Mobile,+855016335129
Smart-016-335130,Mobile,+855016335130
Smart-016-335131,Mobile,+855016335131
Smart-016-335132,Mobile,+855016335132
Smart-016-335133,Mobile,+855016335133
Smart-016-335134,Mobile,+855016335134
Smart-016-335135,Mobile,+855016335135
Smart-016-335136,Mobile,+855016335136
Smart-016-335137,Mobile,+855016335137
Smart-016-335138,Mobile,+855016335138
Smart-016-335139,Mobile,+855016335139
Smart-016-335140,Mobile,+855016335140
Smart-016-335141,Mobile,+855016335141
Smart-016-335142,Mobile,+855016335142
Smart-016-335143,Mobile,+855016335143
Smart-016-335144,Mobile,+855016335144
Smart-016-335145,Mobile,+855016335145
Smart-016-335146,Mobile,+855016335146
Smart-016-335147,Mobile,+855016335147
Smart-016-335148,Mobile,+855016335148
Smart-016-335149,Mobile,+855016335149
Smart-016-335150,Mobile,+855016335150
Smart-016-335151,Mobile,+855016335151
Smart-016-335152,Mobile,+855016335152
Smart-016-335153,Mobile,+855016335153
Smart-016-335154,Mobile,+855016335154
Smart-016-335155,Mobile,+855016335155
Smart-016-335156,Mobile,+855016335156
Smart-016-335157,Mobile,+855016335157
Smart-016-335158,Mobile,+855016335158
Smart-016-335159,Mobile,+855016335159
Smart-016-335160,Mobile,+855016335160
Smart-016-335161,Mobile,+855016335161
Smart-016-335162,Mobile,+855016335162
Smart-016-335163,Mobile,+855016335163
Smart-016-335164,Mobile,+855016335164
Smart-016-335165,Mobile,+855016335165
Smart-016-335166,Mobile,+855016335166
Smart-016-335167,Mobile,+855016335167
Smart-016-335168,Mobile,+855016335168
Smart-016-335169,Mobile,+855016335169
Smart-016-335170,Mobile,+855016335170
Smart-016-335171,Mobile,+855016335171
Smart-016-335172,Mobile,+855016335172
Smart-016-335173,Mobile,+855016335173
Smart-016-335174,Mobile,+855016335174
Smart-016-335175,Mobile,+855016335175
Smart-016-335176,Mobile,+855016335176
Smart-016-335177,Mobile,+855016335177
Smart-016-335178,Mobile,+855016335178
Smart-016-335179,Mobile,+855016335179
Smart-016-335180,Mobile,+855016335180
Smart-016-335181,Mobile,+855016335181
Smart-016-335182,Mobile,+855016335182
Smart-016-335183,Mobile,+855016335183
Smart-016-335184,Mobile,+855016335184
Smart-016-335185,Mobile,+855016335185
Smart-016-335186,Mobile,+855016335186
Smart-016-335187,Mobile,+855016335187
Smart-016-335188,Mobile,+855016335188
Smart-016-335189,Mobile,+855016335189
Smart-016-335190,Mobile,+855016335190
Smart-016-335191,Mobile,+855016335191
Smart-016-335192,Mobile,+855016335192
Smart-016-335193,Mobile,+855016335193
Smart-016-335194,Mobile,+855016335194
Smart-016-335195,Mobile,+855016335195
Smart-016-335196,Mobile,+855016335196
Smart-016-335197,Mobile,+855016335197
Smart-016-335198,Mobile,+855016335198
Smart-016-335199,Mobile,+855016335199
Smart-016-335200,Mobile,+855016335200
Smart-016-335201,Mobile,+855016335201
Smart-016-335202,Mobile,+855016335202
Smart-016-335203,Mobile,+855016335203
Smart-016-335204,Mobile,+855016335204
Smart-016-335205,Mobile,+855016335205
Smart-016-335206,Mobile,+855016335206
Smart-016-335207,Mobile,+855016335207
Smart-016-335208,Mobile,+855016335208
Smart-016-335209,Mobile,+855016335209
Smart-016-335210,Mobile,+855016335210
Smart-016-335211,Mobile,+855016335211
Smart-016-335212,Mobile,+855016335212
Smart-016-335213,Mobile,+855016335213
Smart-016-335214,Mobile,+855016335214
Smart-016-335215,Mobile,+855016335215
Smart-016-335216,Mobile,+855016335216
Smart-016-335217,Mobile,+855016335217
Smart-016-335218,Mobile,+855016335218
Smart-016-335219,Mobile,+855016335219
Smart-016-335220,Mobile,+855016335220
Smart-016-335221,Mobile,+855016335221
Smart-016-335222,Mobile,+855016335222
Smart-016-335223,Mobile,+855016335223
Smart-016-335224,Mobile,+855016335224
Smart-016-335225,Mobile,+855016335225
Smart-016-335226,Mobile,+855016335226
Smart-016-335227,Mobile,+855016335227
Smart-016-335228,Mobile,+855016335228
Smart-016-335229,Mobile,+855016335229
Smart-016-335230,Mobile,+855016335230
Smart-016-335231,Mobile,+855016335231
Smart-016-335232,Mobile,+855016335232
Smart-016-335233,Mobile,+855016335233
Smart-016-335234,Mobile,+855016335234
Smart-016-335235,Mobile,+855016335235
Smart-016-335236,Mobile,+855016335236
Smart-016-335237,Mobile,+855016335237
Smart-016-335238,Mobile,+855016335238
Smart-016-335239,Mobile,+855016335239
Smart-016-335240,Mobile,+855016335240
Smart-016-335241,Mobile,+855016335241
Smart-016-335242,Mobile,+855016335242
Smart-016-335243,Mobile,+855016335243
Smart-016-335244,Mobile,+855016335244
Smart-016-335245,Mobile,+855016335245
Smart-016-335246,Mobile,+855016335246
Smart-016-335247,Mobile,+855016335247
Smart-016-335248,Mobile,+855016335248
Smart-016-335249,Mobile,+855016335249
Smart-016-335250,Mobile,+855016335250
Smart-016-335251,Mobile,+855016335251
Smart-016-335252,Mobile,+855016335252
Smart-016-335253,Mobile,+855016335253
Smart-016-335254,Mobile,+855016335254
Smart-016-335255,Mobile,+855016335255
Smart-016-335256,Mobile,+855016335256
Smart-016-335257,Mobile,+855016335257
Smart-016-335258,Mobile,+855016335258
Smart-016-335259,Mobile,+855016335259
Smart-016-335260,Mobile,+855016335260
Smart-016-335261,Mobile,+855016335261
Smart-016-335262,Mobile,+855016335262
Smart-016-335263,Mobile,+855016335263
Smart-016-335264,Mobile,+855016335264
Smart-016-335265,Mobile,+855016335265
Smart-016-335266,Mobile,+855016335266
Smart-016-335267,Mobile,+855016335267
Smart-016-335268,Mobile,+855016335268
Smart-016-335269,Mobile,+855016335269
Smart-016-335270,Mobile,+855016335270
Smart-016-335271,Mobile,+855016335271
Smart-016-335272,Mobile,+855016335272
Smart-016-335273,Mobile,+855016335273
Smart-016-335274,Mobile,+855016335274
Smart-016-335275,Mobile,+855016335275
Smart-016-335276,Mobile,+855016335276
Smart-016-335277,Mobile,+855016335277
Smart-016-335278,Mobile,+855016335278
Smart-016-335279,Mobile,+855016335279
Smart-016-335280,Mobile,+855016335280
Smart-016-335281,Mobile,+855016335281
Smart-016-335282,Mobile,+855016335282
Smart-016-335283,Mobile,+855016335283
Smart-016-335284,Mobile,+855016335284
Smart-016-335285,Mobile,+855016335285
Smart-016-335286,Mobile,+855016335286
Smart-016-335287,Mobile,+855016335287
Smart-016-335288,Mobile,+855016335288
Smart-016-335289,Mobile,+855016335289
Smart-016-335290,Mobile,+855016335290
Smart-016-335291,Mobile,+855016335291
Smart-016-335292,Mobile,+855016335292
Smart-016-335293,Mobile,+855016335293
Smart-016-335294,Mobile,+855016335294
Smart-016-335295,Mobile,+855016335295
Smart-016-335296,Mobile,+855016335296
Smart-016-335297,Mobile,+855016335297
Smart-016-335298,Mobile,+855016335298
Smart-016-335299,Mobile,+855016335299
Smart-016-335300,Mobile,+855016335300
Smart-016-335301,Mobile,+855016335301
Smart-016-335302,Mobile,+855016335302
Smart-016-335303,Mobile,+855016335303
Smart-016-335304,Mobile,+855016335304
Smart-016-335305,Mobile,+855016335305
Smart-016-335306,Mobile,+855016335306
Smart-016-335307,Mobile,+855016335307
Smart-016-335308,Mobile,+855016335308
Smart-016-335309,Mobile,+855016335309
Smart-016-335310,Mobile,+855016335310
Smart-016-335311,Mobile,+855016335311
Smart-016-335312,Mobile,+855016335312
Smart-016-335313,Mobile,+855016335313
Smart-016-335314,Mobile,+855016335314
Smart-016-335315,Mobile,+855016335315
Smart-016-335316,Mobile,+855016335316
Smart-016-335317,Mobile,+855016335317
Smart-016-335318,Mobile,+855016335318
Smart-016-335319,Mobile,+855016335319
Smart-016-335320,Mobile,+855016335320
Smart-016-335321,Mobile,+855016335321
Smart-016-335322,Mobile,+855016335322
Smart-016-335323,Mobile,+855016335323
Smart-016-335324,Mobile,+855016335324
Smart-016-335325,Mobile,+855016335325
Smart-016-335326,Mobile,+855016335326
Smart-016-335327,Mobile,+855016335327
Smart-016-335328,Mobile,+855016335328
Smart-016-335329,Mobile,+855016335329
Smart-016-335330,Mobile,+855016335330
Smart-016-335331,Mobile,+855016335331
Smart-016-335332,Mobile,+855016335332
Smart-016-335333,Mobile,+855016335333
Smart-016-335334,Mobile,+855016335334
Smart-016-335335,Mobile,+855016335335
Smart-016-335336,Mobile,+855016335336
Smart-016-335337,Mobile,+855016335337
Smart-016-335338,Mobile,+855016335338
Smart-016-335339,Mobile,+855016335339
Smart-016-335340,Mobile,+855016335340
Smart-016-335341,Mobile,+855016335341
Smart-016-335342,Mobile,+855016335342
Smart-016-335343,Mobile,+855016335343
Smart-016-335344,Mobile,+855016335344
Smart-016-335345,Mobile,+855016335345
Smart-016-335346,Mobile,+855016335346
Smart-016-335347,Mobile,+855016335347
Smart-016-335348,Mobile,+855016335348
Smart-016-335349,Mobile,+855016335349
Smart-016-335350,Mobile,+855016335350
Smart-016-335351,Mobile,+855016335351
Smart-016-335352,Mobile,+855016335352
Smart-016-335353,Mobile,+855016335353
Smart-016-335354,Mobile,+855016335354
Smart-016-335355,Mobile,+855016335355
Smart-016-335356,Mobile,+855016335356
Smart-016-335357,Mobile,+855016335357
Smart-016-335358,Mobile,+855016335358
Smart-016-335359,Mobile,+855016335359
Smart-016-335360,Mobile,+855016335360
Smart-016-335361,Mobile,+855016335361
Smart-016-335362,Mobile,+855016335362
Smart-016-335363,Mobile,+855016335363
Smart-016-335364,Mobile,+855016335364
Smart-016-335365,Mobile,+855016335365
Smart-016-335366,Mobile,+855016335366
Smart-016-335367,Mobile,+855016335367
Smart-016-335368,Mobile,+855016335368
Smart-016-335369,Mobile,+855016335369
Smart-016-335370,Mobile,+855016335370
Smart-016-335371,Mobile,+855016335371
Smart-016-335372,Mobile,+855016335372
Smart-016-335373,Mobile,+855016335373
Smart-016-335374,Mobile,+855016335374
Smart-016-335375,Mobile,+855016335375
Smart-016-335376,Mobile,+855016335376
Smart-016-335377,Mobile,+855016335377
Smart-016-335378,Mobile,+855016335378
Smart-016-335379,Mobile,+855016335379
Smart-016-335380,Mobile,+855016335380
Smart-016-335381,Mobile,+855016335381
Smart-016-335382,Mobile,+855016335382
Smart-016-335383,Mobile,+855016335383
Smart-016-335384,Mobile,+855016335384
Smart-016-335385,Mobile,+855016335385
Smart-016-335386,Mobile,+855016335386
Smart-016-335387,Mobile,+855016335387
Smart-016-335388,Mobile,+855016335388
Smart-016-335389,Mobile,+855016335389
Smart-016-335390,Mobile,+855016335390
Smart-016-335391,Mobile,+855016335391
Smart-016-335392,Mobile,+855016335392
Smart-016-335393,Mobile,+855016335393
Smart-016-335394,Mobile,+855016335394
Smart-016-335395,Mobile,+855016335395
Smart-016-335396,Mobile,+855016335396
Smart-016-335397,Mobile,+855016335397
Smart-016-335398,Mobile,+855016335398
Smart-016-335399,Mobile,+855016335399
Smart-016-335400,Mobile,+855016335400
Smart-016-335401,Mobile,+855016335401
Smart-016-335402,Mobile,+855016335402
Smart-016-335403,Mobile,+855016335403
Smart-016-335404,Mobile,+855016335404
Smart-016-335405,Mobile,+855016335405
Smart-016-335406,Mobile,+855016335406
Smart-016-335407,Mobile,+855016335407
Smart-016-335408,Mobile,+855016335408
Smart-016-335409,Mobile,+855016335409
Smart-016-335410,Mobile,+855016335410
Smart-016-335411,Mobile,+855016335411
Smart-016-335412,Mobile,+855016335412
Smart-016-335413,Mobile,+855016335413
Smart-016-335414,Mobile,+855016335414
Smart-016-335415,Mobile,+855016335415
Smart-016-335416,Mobile,+855016335416
Smart-016-335417,Mobile,+855016335417
Smart-016-335418,Mobile,+855016335418
Smart-016-335419,Mobile,+855016335419
Smart-016-335420,Mobile,+855016335420
Smart-016-335421,Mobile,+855016335421
Smart-016-335422,Mobile,+855016335422
Smart-016-335423,Mobile,+855016335423
Smart-016-335424,Mobile,+855016335424
Smart-016-335425,Mobile,+855016335425
Smart-016-335426,Mobile,+855016335426
Smart-016-335427,Mobile,+855016335427
Smart-016-335428,Mobile,+855016335428
Smart-016-335429,Mobile,+855016335429
Smart-016-335430,Mobile,+855016335430
Smart-016-335431,Mobile,+855016335431
Smart-016-335432,Mobile,+855016335432
Smart-016-335433,Mobile,+855016335433
Smart-016-335434,Mobile,+855016335434
Smart-016-335435,Mobile,+855016335435
Smart-016-335436,Mobile,+855016335436
Smart-016-335437,Mobile,+855016335437
Smart-016-335438,Mobile,+855016335438
Smart-016-335439,Mobile,+855016335439
Smart-016-335440,Mobile,+855016335440
Smart-016-335441,Mobile,+855016335441
Smart-016-335442,Mobile,+855016335442
Smart-016-335443,Mobile,+855016335443
Smart-016-335444,Mobile,+855016335444
Smart-016-335445,Mobile,+855016335445
Smart-016-335446,Mobile,+855016335446
Smart-016-335447,Mobile,+855016335447
Smart-016-335448,Mobile,+855016335448
Smart-016-335449,Mobile,+855016335449
Smart-016-335450,Mobile,+855016335450
Smart-016-335451,Mobile,+855016335451
Smart-016-335452,Mobile,+855016335452
Smart-016-335453,Mobile,+855016335453
Smart-016-335454,Mobile,+855016335454
Smart-016-335455,Mobile,+855016335455
Smart-016-335456,Mobile,+855016335456
Smart-016-335457,Mobile,+855016335457
Smart-016-335458,Mobile,+855016335458
Smart-016-335459,Mobile,+855016335459
Smart-016-335460,Mobile,+855016335460
Smart-016-335461,Mobile,+855016335461
Smart-016-335462,Mobile,+855016335462
Smart-016-335463,Mobile,+855016335463
Smart-016-335464,Mobile,+855016335464
Smart-016-335465,Mobile,+855016335465
Smart-016-335466,Mobile,+855016335466
Smart-016-335467,Mobile,+855016335467
Smart-016-335468,Mobile,+855016335468
Smart-016-335469,Mobile,+855016335469
Smart-016-335470,Mobile,+855016335470
Smart-016-335471,Mobile,+855016335471
Smart-016-335472,Mobile,+855016335472
Smart-016-335473,Mobile,+855016335473
Smart-016-335474,Mobile,+855016335474
Smart-016-335475,Mobile,+855016335475
Smart-016-335476,Mobile,+855016335476
Smart-016-335477,Mobile,+855016335477
Smart-016-335478,Mobile,+855016335478
Smart-016-335479,Mobile,+855016335479
Smart-016-335480,Mobile,+855016335480
Smart-016-335481,Mobile,+855016335481
Smart-016-335482,Mobile,+855016335482
Smart-016-335483,Mobile,+855016335483
Smart-016-335484,Mobile,+855016335484
Smart-016-335485,Mobile,+855016335485
Smart-016-335486,Mobile,+855016335486
Smart-016-335487,Mobile,+855016335487
Smart-016-335488,Mobile,+855016335488
Smart-016-335489,Mobile,+855016335489
Smart-016-335490,Mobile,+855016335490
Smart-016-335491,Mobile,+855016335491
Smart-016-335492,Mobile,+855016335492
Smart-016-335493,Mobile,+855016335493
Smart-016-335494,Mobile,+855016335494
Smart-016-335495,Mobile,+855016335495
Smart-016-335496,Mobile,+855016335496
Smart-016-335497,Mobile,+855016335497
Smart-016-335498,Mobile,+855016335498
Smart-016-335499,Mobile,+855016335499
Smart-016-335500,Mobile,+855016335500
Smart-016-335501,Mobile,+855016335501
Smart-016-335502,Mobile,+855016335502
Smart-016-335503,Mobile,+855016335503
Smart-016-335504,Mobile,+855016335504
Smart-016-335505,Mobile,+855016335505
Smart-016-335506,Mobile,+855016335506
Smart-016-335507,Mobile,+855016335507
Smart-016-335508,Mobile,+855016335508
Smart-016-335509,Mobile,+855016335509
Smart-016-335510,Mobile,+855016335510
Smart-016-335511,Mobile,+855016335511
Smart-016-335512,Mobile,+855016335512
Smart-016-335513,Mobile,+855016335513
Smart-016-335514,Mobile,+855016335514
Smart-016-335515,Mobile,+855016335515
Smart-016-335516,Mobile,+855016335516
Smart-016-335517,Mobile,+855016335517
Smart-016-335518,Mobile,+855016335518
Smart-016-335519,Mobile,+855016335519
Smart-016-335520,Mobile,+855016335520
Smart-016-335521,Mobile,+855016335521
Smart-016-335522,Mobile,+855016335522
Smart-016-335523,Mobile,+855016335523
Smart-016-335524,Mobile,+855016335524
Smart-016-335525,Mobile,+855016335525
Smart-016-335526,Mobile,+855016335526
Smart-016-335527,Mobile,+855016335527
Smart-016-335528,Mobile,+855016335528
Smart-016-335529,Mobile,+855016335529
Smart-016-335530,Mobile,+855016335530
Smart-016-335531,Mobile,+855016335531
Smart-016-335532,Mobile,+855016335532
Smart-016-335533,Mobile,+855016335533
Smart-016-335534,Mobile,+855016335534
Smart-016-335535,Mobile,+855016335535
Smart-016-335536,Mobile,+855016335536
Smart-016-335537,Mobile,+855016335537
Smart-016-335538,Mobile,+855016335538
Smart-016-335539,Mobile,+855016335539
Smart-016-335540,Mobile,+855016335540
Smart-016-335541,Mobile,+855016335541
Smart-016-335542,Mobile,+855016335542
Smart-016-335543,Mobile,+855016335543
Smart-016-335544,Mobile,+855016335544
Smart-016-335545,Mobile,+855016335545
Smart-016-335546,Mobile,+855016335546
Smart-016-335547,Mobile,+855016335547
Smart-016-335548,Mobile,+855016335548
Smart-016-335549,Mobile,+855016335549
Smart-016-335550,Mobile,+855016335550
Smart-016-335551,Mobile,+855016335551
Smart-016-335552,Mobile,+855016335552
Smart-016-335553,Mobile,+855016335553
Smart-016-335554,Mobile,+855016335554
Smart-016-335555,Mobile,+855016335555
Smart-016-335556,Mobile,+855016335556
Smart-016-335557,Mobile,+855016335557
Smart-016-335558,Mobile,+855016335558
Smart-016-335559,Mobile,+855016335559
Smart-016-335560,Mobile,+855016335560
Smart-016-335561,Mobile,+855016335561
Smart-016-335562,Mobile,+855016335562
Smart-016-335563,Mobile,+855016335563
Smart-016-335564,Mobile,+855016335564
Smart-016-335565,Mobile,+855016335565
Smart-016-335566,Mobile,+855016335566
Smart-016-335567,Mobile,+855016335567
Smart-016-335568,Mobile,+855016335568
Smart-016-335569,Mobile,+855016335569
Smart-016-335570,Mobile,+855016335570
Smart-016-335571,Mobile,+855016335571
Smart-016-335572,Mobile,+855016335572
Smart-016-335573,Mobile,+855016335573
Smart-016-335574,Mobile,+855016335574
Smart-016-335575,Mobile,+855016335575
Smart-016-335576,Mobile,+855016335576
Smart-016-335577,Mobile,+855016335577
Smart-016-335578,Mobile,+855016335578
Smart-016-335579,Mobile,+855016335579
Smart-016-335580,Mobile,+855016335580
Smart-016-335581,Mobile,+855016335581
Smart-016-335582,Mobile,+855016335582
Smart-016-335583,Mobile,+855016335583
Smart-016-335584,Mobile,+855016335584
Smart-016-335585,Mobile,+855016335585
Smart-016-335586,Mobile,+855016335586
Smart-016-335587,Mobile,+855016335587
Smart-016-335588,Mobile,+855016335588
Smart-016-335589,Mobile,+855016335589
Smart-016-335590,Mobile,+855016335590
Smart-016-335591,Mobile,+855016335591
Smart-016-335592,Mobile,+855016335592
Smart-016-335593,Mobile,+855016335593
Smart-016-335594,Mobile,+855016335594
Smart-016-335595,Mobile,+855016335595
Smart-016-335596,Mobile,+855016335596
Smart-016-335597,Mobile,+855016335597
Smart-016-335598,Mobile,+855016335598
Smart-016-335599,Mobile,+855016335599
Smart-016-335600,Mobile,+855016335600
Smart-016-335601,Mobile,+855016335601
Smart-016-335602,Mobile,+855016335602
Smart-016-335603,Mobile,+855016335603
Smart-016-335604,Mobile,+855016335604
Smart-016-335605,Mobile,+855016335605
Smart-016-335606,Mobile,+855016335606
Smart-016-335607,Mobile,+855016335607
Smart-016-335608,Mobile,+855016335608
Smart-016-335609,Mobile,+855016335609
Smart-016-335610,Mobile,+855016335610
Smart-016-335611,Mobile,+855016335611
Smart-016-335612,Mobile,+855016335612
Smart-016-335613,Mobile,+855016335613
Smart-016-335614,Mobile,+855016335614
Smart-016-335615,Mobile,+855016335615
Smart-016-335616,Mobile,+855016335616
Smart-016-335617,Mobile,+855016335617
Smart-016-335618,Mobile,+855016335618
Smart-016-335619,Mobile,+855016335619
Smart-016-335620,Mobile,+855016335620
Smart-016-335621,Mobile,+855016335621
Smart-016-335622,Mobile,+855016335622
Smart-016-335623,Mobile,+855016335623
Smart-016-335624,Mobile,+855016335624
Smart-016-335625,Mobile,+855016335625
Smart-016-335626,Mobile,+855016335626
Smart-016-335627,Mobile,+855016335627
Smart-016-335628,Mobile,+855016335628
Smart-016-335629,Mobile,+855016335629
Smart-016-335630,Mobile,+855016335630
Smart-016-335631,Mobile,+855016335631
Smart-016-335632,Mobile,+855016335632
Smart-016-335633,Mobile,+855016335633
Smart-016-335634,Mobile,+855016335634
Smart-016-335635,Mobile,+855016335635
Smart-016-335636,Mobile,+855016335636
Smart-016-335637,Mobile,+855016335637
Smart-016-335638,Mobile,+855016335638
Smart-016-335639,Mobile,+855016335639
Smart-016-335640,Mobile,+855016335640
Smart-016-335641,Mobile,+855016335641
Smart-016-335642,Mobile,+855016335642
Smart-016-335643,Mobile,+855016335643
Smart-016-335644,Mobile,+855016335644
Smart-016-335645,Mobile,+855016335645
Smart-016-335646,Mobile,+855016335646
Smart-016-335647,Mobile,+855016335647
Smart-016-335648,Mobile,+855016335648
Smart-016-335649,Mobile,+855016335649
Smart-016-335650,Mobile,+855016335650
Smart-016-335651,Mobile,+855016335651
Smart-016-335652,Mobile,+855016335652
Smart-016-335653,Mobile,+855016335653
Smart-016-335654,Mobile,+855016335654
Smart-016-335655,Mobile,+855016335655
Smart-016-335656,Mobile,+855016335656
Smart-016-335657,Mobile,+855016335657
Smart-016-335658,Mobile,+855016335658
Smart-016-335659,Mobile,+855016335659
Smart-016-335660,Mobile,+855016335660
Smart-016-335661,Mobile,+855016335661
Smart-016-335662,Mobile,+855016335662
Smart-016-335663,Mobile,+855016335663
Smart-016-335664,Mobile,+855016335664
Smart-016-335665,Mobile,+855016335665
Smart-016-335666,Mobile,+855016335666
Smart-016-335667,Mobile,+855016335667
Smart-016-335668,Mobile,+855016335668
Smart-016-335669,Mobile,+855016335669
Smart-016-335670,Mobile,+855016335670
Smart-016-335671,Mobile,+855016335671
Smart-016-335672,Mobile,+855016335672
Smart-016-335673,Mobile,+855016335673
Smart-016-335674,Mobile,+855016335674
Smart-016-335675,Mobile,+855016335675
Smart-016-335676,Mobile,+855016335676
Smart-016-335677,Mobile,+855016335677
Smart-016-335678,Mobile,+855016335678
Smart-016-335679,Mobile,+855016335679
Smart-016-335680,Mobile,+855016335680
Smart-016-335681,Mobile,+855016335681
Smart-016-335682,Mobile,+855016335682
Smart-016-335683,Mobile,+855016335683
Smart-016-335684,Mobile,+855016335684
Smart-016-335685,Mobile,+855016335685
Smart-016-335686,Mobile,+855016335686
Smart-016-335687,Mobile,+855016335687
Smart-016-335688,Mobile,+855016335688
Smart-016-335689,Mobile,+855016335689
Smart-016-335690,Mobile,+855016335690
Smart-016-335691,Mobile,+855016335691
Smart-016-335692,Mobile,+855016335692
Smart-016-335693,Mobile,+855016335693
Smart-016-335694,Mobile,+855016335694
Smart-016-335695,Mobile,+855016335695
Smart-016-335696,Mobile,+855016335696
Smart-016-335697,Mobile,+855016335697
Smart-016-335698,Mobile,+855016335698
Smart-016-335699,Mobile,+855016335699
Smart-016-335700,Mobile,+855016335700
Smart-016-335701,Mobile,+855016335701
Smart-016-335702,Mobile,+855016335702
Smart-016-335703,Mobile,+855016335703
Smart-016-335704,Mobile,+855016335704
Smart-016-335705,Mobile,+855016335705
Smart-016-335706,Mobile,+855016335706
Smart-016-335707,Mobile,+855016335707
Smart-016-335708,Mobile,+855016335708
Smart-016-335709,Mobile,+855016335709
Smart-016-335710,Mobile,+855016335710
Smart-016-335711,Mobile,+855016335711
Smart-016-335712,Mobile,+855016335712
Smart-016-335713,Mobile,+855016335713
Smart-016-335714,Mobile,+855016335714
Smart-016-335715,Mobile,+855016335715
Smart-016-335716,Mobile,+855016335716
Smart-016-335717,Mobile,+855016335717
Smart-016-335718,Mobile,+855016335718
Smart-016-335719,Mobile,+855016335719
Smart-016-335720,Mobile,+855016335720
Smart-016-335721,Mobile,+855016335721
Smart-016-335722,Mobile,+855016335722
Smart-016-335723,Mobile,+855016335723
Smart-016-335724,Mobile,+855016335724
Smart-016-335725,Mobile,+855016335725
Smart-016-335726,Mobile,+855016335726
Smart-016-335727,Mobile,+855016335727
Smart-016-335728,Mobile,+855016335728
Smart-016-335729,Mobile,+855016335729
Smart-016-335730,Mobile,+855016335730
Smart-016-335731,Mobile,+855016335731
Smart-016-335732,Mobile,+855016335732
Smart-016-335733,Mobile,+855016335733
Smart-016-335734,Mobile,+855016335734
Smart-016-335735,Mobile,+855016335735
Smart-016-335736,Mobile,+855016335736
Smart-016-335737,Mobile,+855016335737
Smart-016-335738,Mobile,+855016335738
Smart-016-335739,Mobile,+855016335739
Smart-016-335740,Mobile,+855016335740
Smart-016-335741,Mobile,+855016335741
Smart-016-335742,Mobile,+855016335742
Smart-016-335743,Mobile,+855016335743
Smart-016-335744,Mobile,+855016335744
Smart-016-335745,Mobile,+855016335745
Smart-016-335746,Mobile,+855016335746
Smart-016-335747,Mobile,+855016335747
Smart-016-335748,Mobile,+855016335748
Smart-016-335749,Mobile,+855016335749
Smart-016-335750,Mobile,+855016335750
Smart-016-335751,Mobile,+855016335751
Smart-016-335752,Mobile,+855016335752
Smart-016-335753,Mobile,+855016335753
Smart-016-335754,Mobile,+855016335754
Smart-016-335755,Mobile,+855016335755
Smart-016-335756,Mobile,+855016335756
Smart-016-335757,Mobile,+855016335757
Smart-016-335758,Mobile,+855016335758
Smart-016-335759,Mobile,+855016335759
Smart-016-335760,Mobile,+855016335760
Smart-016-335761,Mobile,+855016335761
Smart-016-335762,Mobile,+855016335762
Smart-016-335763,Mobile,+855016335763
Smart-016-335764,Mobile,+855016335764
Smart-016-335765,Mobile,+855016335765
Smart-016-335766,Mobile,+855016335766
Smart-016-335767,Mobile,+855016335767
Smart-016-335768,Mobile,+855016335768
Smart-016-335769,Mobile,+855016335769
Smart-016-335770,Mobile,+855016335770
Smart-016-335771,Mobile,+855016335771
Smart-016-335772,Mobile,+855016335772
Smart-016-335773,Mobile,+855016335773
Smart-016-335774,Mobile,+855016335774
Smart-016-335775,Mobile,+855016335775
Smart-016-335776,Mobile,+855016335776
Smart-016-335777,Mobile,+855016335777
Smart-016-335778,Mobile,+855016335778
Smart-016-335779,Mobile,+855016335779
Smart-016-335780,Mobile,+855016335780
Smart-016-335781,Mobile,+855016335781
Smart-016-335782,Mobile,+855016335782
Smart-016-335783,Mobile,+855016335783
Smart-016-335784,Mobile,+855016335784
Smart-016-335785,Mobile,+855016335785
Smart-016-335786,Mobile,+855016335786
Smart-016-335787,Mobile,+855016335787
Smart-016-335788,Mobile,+855016335788
Smart-016-335789,Mobile,+855016335789
Smart-016-335790,Mobile,+855016335790
Smart-016-335791,Mobile,+855016335791
Smart-016-335792,Mobile,+855016335792
Smart-016-335793,Mobile,+855016335793
Smart-016-335794,Mobile,+855016335794
Smart-016-335795,Mobile,+855016335795
Smart-016-335796,Mobile,+855016335796
Smart-016-335797,Mobile,+855016335797
Smart-016-335798,Mobile,+855016335798
Smart-016-335799,Mobile,+855016335799
Smart-016-335800,Mobile,+855016335800
Smart-016-335801,Mobile,+855016335801
Smart-016-335802,Mobile,+855016335802
Smart-016-335803,Mobile,+855016335803
Smart-016-335804,Mobile,+855016335804
Smart-016-335805,Mobile,+855016335805
Smart-016-335806,Mobile,+855016335806
Smart-016-335807,Mobile,+855016335807
Smart-016-335808,Mobile,+855016335808
Smart-016-335809,Mobile,+855016335809
Smart-016-335810,Mobile,+855016335810
Smart-016-335811,Mobile,+855016335811
Smart-016-335812,Mobile,+855016335812
Smart-016-335813,Mobile,+855016335813
Smart-016-335814,Mobile,+855016335814
Smart-016-335815,Mobile,+855016335815
Smart-016-335816,Mobile,+855016335816
Smart-016-335817,Mobile,+855016335817
Smart-016-335818,Mobile,+855016335818
Smart-016-335819,Mobile,+855016335819
Smart-016-335820,Mobile,+855016335820
Smart-016-335821,Mobile,+855016335821
Smart-016-335822,Mobile,+855016335822
Smart-016-335823,Mobile,+855016335823
Smart-016-335824,Mobile,+855016335824
Smart-016-335825,Mobile,+855016335825
Smart-016-335826,Mobile,+855016335826
Smart-016-335827,Mobile,+855016335827
Smart-016-335828,Mobile,+855016335828
Smart-016-335829,Mobile,+855016335829
Smart-016-335830,Mobile,+855016335830
Smart-016-335831,Mobile,+855016335831
Smart-016-335832,Mobile,+855016335832
Smart-016-335833,Mobile,+855016335833
Smart-016-335834,Mobile,+855016335834
Smart-016-335835,Mobile,+855016335835
Smart-016-335836,Mobile,+855016335836
Smart-016-335837,Mobile,+855016335837
Smart-016-335838,Mobile,+855016335838
Smart-016-335839,Mobile,+855016335839
Smart-016-335840,Mobile,+855016335840
Smart-016-335841,Mobile,+855016335841
Smart-016-335842,Mobile,+855016335842
Smart-016-335843,Mobile,+855016335843
Smart-016-335844,Mobile,+855016335844
Smart-016-335845,Mobile,+855016335845
Smart-016-335846,Mobile,+855016335846
Smart-016-335847,Mobile,+855016335847
Smart-016-335848,Mobile,+855016335848
Smart-016-335849,Mobile,+855016335849
Smart-016-335850,Mobile,+855016335850
Smart-016-335851,Mobile,+855016335851
Smart-016-335852,Mobile,+855016335852
Smart-016-335853,Mobile,+855016335853
Smart-016-335854,Mobile,+855016335854
Smart-016-335855,Mobile,+855016335855
Smart-016-335856,Mobile,+855016335856
Smart-016-335857,Mobile,+855016335857
Smart-016-335858,Mobile,+855016335858
Smart-016-335859,Mobile,+855016335859
Smart-016-335860,Mobile,+855016335860
Smart-016-335861,Mobile,+855016335861
Smart-016-335862,Mobile,+855016335862
Smart-016-335863,Mobile,+855016335863
Smart-016-335864,Mobile,+855016335864
Smart-016-335865,Mobile,+855016335865
Smart-016-335866,Mobile,+855016335866
Smart-016-335867,Mobile,+855016335867
Smart-016-335868,Mobile,+855016335868
Smart-016-335869,Mobile,+855016335869
Smart-016-335870,Mobile,+855016335870
Smart-016-335871,Mobile,+855016335871
Smart-016-335872,Mobile,+855016335872
Smart-016-335873,Mobile,+855016335873
Smart-016-335874,Mobile,+855016335874
Smart-016-335875,Mobile,+855016335875
Smart-016-335876,Mobile,+855016335876
Smart-016-335877,Mobile,+855016335877
Smart-016-335878,Mobile,+855016335878
Smart-016-335879,Mobile,+855016335879
Smart-016-335880,Mobile,+855016335880
Smart-016-335881,Mobile,+855016335881
Smart-016-335882,Mobile,+855016335882
Smart-016-335883,Mobile,+855016335883
Smart-016-335884,Mobile,+855016335884
Smart-016-335885,Mobile,+855016335885
Smart-016-335886,Mobile,+855016335886
Smart-016-335887,Mobile,+855016335887
Smart-016-335888,Mobile,+855016335888
Smart-016-335889,Mobile,+855016335889
Smart-016-335890,Mobile,+855016335890
Smart-016-335891,Mobile,+855016335891
Smart-016-335892,Mobile,+855016335892
Smart-016-335893,Mobile,+855016335893
Smart-016-335894,Mobile,+855016335894
Smart-016-335895,Mobile,+855016335895
Smart-016-335896,Mobile,+855016335896
Smart-016-335897,Mobile,+855016335897
Smart-016-335898,Mobile,+855016335898
Smart-016-335899,Mobile,+855016335899
Smart-016-335900,Mobile,+855016335900
Smart-016-335901,Mobile,+855016335901
Smart-016-335902,Mobile,+855016335902
Smart-016-335903,Mobile,+855016335903
Smart-016-335904,Mobile,+855016335904
Smart-016-335905,Mobile,+855016335905
Smart-016-335906,Mobile,+855016335906
Smart-016-335907,Mobile,+855016335907
Smart-016-335908,Mobile,+855016335908
Smart-016-335909,Mobile,+855016335909
Smart-016-335910,Mobile,+855016335910
Smart-016-335911,Mobile,+855016335911
Smart-016-335912,Mobile,+855016335912
Smart-016-335913,Mobile,+855016335913
Smart-016-335914,Mobile,+855016335914
Smart-016-335915,Mobile,+855016335915
Smart-016-335916,Mobile,+855016335916
Smart-016-335917,Mobile,+855016335917
Smart-016-335918,Mobile,+855016335918
Smart-016-335919,Mobile,+855016335919
Smart-016-335920,Mobile,+855016335920
Smart-016-335921,Mobile,+855016335921
Smart-016-335922,Mobile,+855016335922
Smart-016-335923,Mobile,+855016335923
Smart-016-335924,Mobile,+855016335924
Smart-016-335925,Mobile,+855016335925
Smart-016-335926,Mobile,+855016335926
Smart-016-335927,Mobile,+855016335927
Smart-016-335928,Mobile,+855016335928
Smart-016-335929,Mobile,+855016335929
Smart-016-335930,Mobile,+855016335930
Smart-016-335931,Mobile,+855016335931
Smart-016-335932,Mobile,+855016335932
Smart-016-335933,Mobile,+855016335933
Smart-016-335934,Mobile,+855016335934
Smart-016-335935,Mobile,+855016335935
Smart-016-335936,Mobile,+855016335936
Smart-016-335937,Mobile,+855016335937
Smart-016-335938,Mobile,+855016335938
Smart-016-335939,Mobile,+855016335939
Smart-016-335940,Mobile,+855016335940
Smart-016-335941,Mobile,+855016335941
Smart-016-335942,Mobile,+855016335942
Smart-016-335943,Mobile,+855016335943
Smart-016-335944,Mobile,+855016335944
Smart-016-335945,Mobile,+855016335945
Smart-016-335946,Mobile,+855016335946
Smart-016-335947,Mobile,+855016335947
Smart-016-335948,Mobile,+855016335948
Smart-016-335949,Mobile,+855016335949
Smart-016-335950,Mobile,+855016335950
Smart-016-335951,Mobile,+855016335951
Smart-016-335952,Mobile,+855016335952
Smart-016-335953,Mobile,+855016335953
Smart-016-335954,Mobile,+855016335954
Smart-016-335955,Mobile,+855016335955
Smart-016-335956,Mobile,+855016335956
Smart-016-335957,Mobile,+855016335957
Smart-016-335958,Mobile,+855016335958
Smart-016-335959,Mobile,+855016335959
Smart-016-335960,Mobile,+855016335960
Smart-016-335961,Mobile,+855016335961
Smart-016-335962,Mobile,+855016335962
Smart-016-335963,Mobile,+855016335963
Smart-016-335964,Mobile,+855016335964
Smart-016-335965,Mobile,+855016335965
Smart-016-335966,Mobile,+855016335966
Smart-016-335967,Mobile,+855016335967
Smart-016-335968,Mobile,+855016335968
Smart-016-335969,Mobile,+855016335969
Smart-016-335970,Mobile,+855016335970
Smart-016-335971,Mobile,+855016335971
Smart-016-335972,Mobile,+855016335972
Smart-016-335973,Mobile,+855016335973
Smart-016-335974,Mobile,+855016335974
Smart-016-335975,Mobile,+855016335975
Smart-016-335976,Mobile,+855016335976
Smart-016-335977,Mobile,+855016335977
Smart-016-335978,Mobile,+855016335978
Smart-016-335979,Mobile,+855016335979
Smart-016-335980,Mobile,+855016335980
Smart-016-335981,Mobile,+855016335981
Smart-016-335982,Mobile,+855016335982
Smart-016-335983,Mobile,+855016335983
Smart-016-335984,Mobile,+855016335984
Smart-016-335985,Mobile,+855016335985
Smart-016-335986,Mobile,+855016335986
Smart-016-335987,Mobile,+855016335987
Smart-016-335988,Mobile,+855016335988
Smart-016-335989,Mobile,+855016335989
Smart-016-335990,Mobile,+855016335990
Smart-016-335991,Mobile,+855016335991
Smart-016-335992,Mobile,+855016335992
Smart-016-335993,Mobile,+855016335993
Smart-016-335994,Mobile,+855016335994
Smart-016-335995,Mobile,+855016335995
Smart-016-335996,Mobile,+855016335996
Smart-016-335997,Mobile,+855016335997
Smart-016-335998,Mobile,+855016335998
Smart-016-335999,Mobile,+855016335999
Smart-016-336000,Mobile,+855016336000
Smart-016-336001,Mobile,+855016336001
Smart-016-336002,Mobile,+855016336002
Smart-016-336003,Mobile,+855016336003
Smart-016-336004,Mobile,+855016336004
Smart-016-336005,Mobile,+855016336005
Smart-016-336006,Mobile,+855016336006
Smart-016-336007,Mobile,+855016336007
Smart-016-336008,Mobile,+855016336008
Smart-016-336009,Mobile,+855016336009
Smart-016-336010,Mobile,+855016336010
Smart-016-336011,Mobile,+855016336011
Smart-016-336012,Mobile,+855016336012
Smart-016-336013,Mobile,+855016336013
Smart-016-336014,Mobile,+855016336014
Smart-016-336015,Mobile,+855016336015
Smart-016-336016,Mobile,+855016336016
Smart-016-336017,Mobile,+855016336017
Smart-016-336018,Mobile,+855016336018
Smart-016-336019,Mobile,+855016336019
Smart-016-336020,Mobile,+855016336020
Smart-016-336021,Mobile,+855016336021
Smart-016-336022,Mobile,+855016336022
Smart-016-336023,Mobile,+855016336023
Smart-016-336024,Mobile,+855016336024
Smart-016-336025,Mobile,+855016336025
Smart-016-336026,Mobile,+855016336026
Smart-016-336027,Mobile,+855016336027
Smart-016-336028,Mobile,+855016336028
Smart-016-336029,Mobile,+855016336029
Smart-016-336030,Mobile,+855016336030
Smart-016-336031,Mobile,+855016336031
Smart-016-336032,Mobile,+855016336032
Smart-016-336033,Mobile,+855016336033
Smart-016-336034,Mobile,+855016336034
Smart-016-336035,Mobile,+855016336035
Smart-016-336036,Mobile,+855016336036
Smart-016-336037,Mobile,+855016336037
Smart-016-336038,Mobile,+855016336038
Smart-016-336039,Mobile,+855016336039
Smart-016-336040,Mobile,+855016336040
Smart-016-336041,Mobile,+855016336041
Smart-016-336042,Mobile,+855016336042
Smart-016-336043,Mobile,+855016336043
Smart-016-336044,Mobile,+855016336044
Smart-016-336045,Mobile,+855016336045
Smart-016-336046,Mobile,+855016336046
Smart-016-336047,Mobile,+855016336047
Smart-016-336048,Mobile,+855016336048
Smart-016-336049,Mobile,+855016336049
Smart-016-336050,Mobile,+855016336050
Smart-016-336051,Mobile,+855016336051
Smart-016-336052,Mobile,+855016336052
Smart-016-336053,Mobile,+855016336053
Smart-016-336054,Mobile,+855016336054
Smart-016-336055,Mobile,+855016336055
Smart-016-336056,Mobile,+855016336056
Smart-016-336057,Mobile,+855016336057
Smart-016-336058,Mobile,+855016336058
Smart-016-336059,Mobile,+855016336059
Smart-016-336060,Mobile,+855016336060
Smart-016-336061,Mobile,+855016336061
Smart-016-336062,Mobile,+855016336062
Smart-016-336063,Mobile,+855016336063
Smart-016-336064,Mobile,+855016336064
Smart-016-336065,Mobile,+855016336065
Smart-016-336066,Mobile,+855016336066
Smart-016-336067,Mobile,+855016336067
Smart-016-336068,Mobile,+855016336068
Smart-016-336069,Mobile,+855016336069
Smart-016-336070,Mobile,+855016336070
Smart-016-336071,Mobile,+855016336071
Smart-016-336072,Mobile,+855016336072
Smart-016-336073,Mobile,+855016336073
Smart-016-336074,Mobile,+855016336074
Smart-016-336075,Mobile,+855016336075
Smart-016-336076,Mobile,+855016336076
Smart-016-336077,Mobile,+855016336077
Smart-016-336078,Mobile,+855016336078
Smart-016-336079,Mobile,+855016336079
Smart-016-336080,Mobile,+855016336080
Smart-016-336081,Mobile,+855016336081
Smart-016-336082,Mobile,+855016336082
Smart-016-336083,Mobile,+855016336083
Smart-016-336084,Mobile,+855016336084
Smart-016-336085,Mobile,+855016336085
Smart-016-336086,Mobile,+855016336086
Smart-016-336087,Mobile,+855016336087
Smart-016-336088,Mobile,+855016336088
Smart-016-336089,Mobile,+855016336089
Smart-016-336090,Mobile,+855016336090
Smart-016-336091,Mobile,+855016336091
Smart-016-336092,Mobile,+855016336092
Smart-016-336093,Mobile,+855016336093
Smart-016-336094,Mobile,+855016336094
Smart-016-336095,Mobile,+855016336095
Smart-016-336096,Mobile,+855016336096
Smart-016-336097,Mobile,+855016336097
Smart-016-336098,Mobile,+855016336098
Smart-016-336099,Mobile,+855016336099
Smart-016-336100,Mobile,+855016336100
Smart-016-336101,Mobile,+855016336101
Smart-016-336102,Mobile,+855016336102
Smart-016-336103,Mobile,+855016336103
Smart-016-336104,Mobile,+855016336104
Smart-016-336105,Mobile,+855016336105
Smart-016-336106,Mobile,+855016336106
Smart-016-336107,Mobile,+855016336107
Smart-016-336108,Mobile,+855016336108
Smart-016-336109,Mobile,+855016336109
Smart-016-336110,Mobile,+855016336110
Smart-016-336111,Mobile,+855016336111
Smart-016-336112,Mobile,+855016336112
Smart-016-336113,Mobile,+855016336113
Smart-016-336114,Mobile,+855016336114
Smart-016-336115,Mobile,+855016336115
Smart-016-336116,Mobile,+855016336116
Smart-016-336117,Mobile,+855016336117
Smart-016-336118,Mobile,+855016336118
Smart-016-336119,Mobile,+855016336119
Smart-016-336120,Mobile,+855016336120
Smart-016-336121,Mobile,+855016336121
Smart-016-336122,Mobile,+855016336122
Smart-016-336123,Mobile,+855016336123
Smart-016-336124,Mobile,+855016336124
Smart-016-336125,Mobile,+855016336125
Smart-016-336126,Mobile,+855016336126
Smart-016-336127,Mobile,+855016336127
Smart-016-336128,Mobile,+855016336128
Smart-016-336129,Mobile,+855016336129
Smart-016-336130,Mobile,+855016336130
Smart-016-336131,Mobile,+855016336131
Smart-016-336132,Mobile,+855016336132
Smart-016-336133,Mobile,+855016336133
Smart-016-336134,Mobile,+855016336134
Smart-016-336135,Mobile,+855016336135
Smart-016-336136,Mobile,+855016336136
Smart-016-336137,Mobile,+855016336137
Smart-016-336138,Mobile,+855016336138
Smart-016-336139,Mobile,+855016336139
Smart-016-336140,Mobile,+855016336140
Smart-016-336141,Mobile,+855016336141
Smart-016-336142,Mobile,+855016336142
Smart-016-336143,Mobile,+855016336143
Smart-016-336144,Mobile,+855016336144
Smart-016-336145,Mobile,+855016336145
Smart-016-336146,Mobile,+855016336146
Smart-016-336147,Mobile,+855016336147
Smart-016-336148,Mobile,+855016336148
Smart-016-336149,Mobile,+855016336149
Smart-016-336150,Mobile,+855016336150
Smart-016-336151,Mobile,+855016336151
Smart-016-336152,Mobile,+855016336152
Smart-016-336153,Mobile,+855016336153
Smart-016-336154,Mobile,+855016336154
Smart-016-336155,Mobile,+855016336155
Smart-016-336156,Mobile,+855016336156
Smart-016-336157,Mobile,+855016336157
Smart-016-336158,Mobile,+855016336158
Smart-016-336159,Mobile,+855016336159
Smart-016-336160,Mobile,+855016336160
Smart-016-336161,Mobile,+855016336161
Smart-016-336162,Mobile,+855016336162
Smart-016-336163,Mobile,+855016336163
Smart-016-336164,Mobile,+855016336164
Smart-016-336165,Mobile,+855016336165
Smart-016-336166,Mobile,+855016336166
Smart-016-336167,Mobile,+855016336167
Smart-016-336168,Mobile,+855016336168
Smart-016-336169,Mobile,+855016336169
Smart-016-336170,Mobile,+855016336170
Smart-016-336171,Mobile,+855016336171
Smart-016-336172,Mobile,+855016336172
Smart-016-336173,Mobile,+855016336173
Smart-016-336174,Mobile,+855016336174
Smart-016-336175,Mobile,+855016336175
Smart-016-336176,Mobile,+855016336176
Smart-016-336177,Mobile,+855016336177
Smart-016-336178,Mobile,+855016336178
Smart-016-336179,Mobile,+855016336179
Smart-016-336180,Mobile,+855016336180
Smart-016-336181,Mobile,+855016336181
Smart-016-336182,Mobile,+855016336182
Smart-016-336183,Mobile,+855016336183
Smart-016-336184,Mobile,+855016336184
Smart-016-336185,Mobile,+855016336185
Smart-016-336186,Mobile,+855016336186
Smart-016-336187,Mobile,+855016336187
Smart-016-336188,Mobile,+855016336188
Smart-016-336189,Mobile,+855016336189
Smart-016-336190,Mobile,+855016336190
Smart-016-336191,Mobile,+855016336191
Smart-016-336192,Mobile,+855016336192
Smart-016-336193,Mobile,+855016336193
Smart-016-336194,Mobile,+855016336194
Smart-016-336195,Mobile,+855016336195
Smart-016-336196,Mobile,+855016336196
Smart-016-336197,Mobile,+855016336197
Smart-016-336198,Mobile,+855016336198
Smart-016-336199,Mobile,+855016336199
Smart-016-336200,Mobile,+855016336200
Smart-016-336201,Mobile,+855016336201
Smart-016-336202,Mobile,+855016336202
Smart-016-336203,Mobile,+855016336203
Smart-016-336204,Mobile,+855016336204
Smart-016-336205,Mobile,+855016336205
Smart-016-336206,Mobile,+855016336206
Smart-016-336207,Mobile,+855016336207
Smart-016-336208,Mobile,+855016336208
Smart-016-336209,Mobile,+855016336209
Smart-016-336210,Mobile,+855016336210
Smart-016-336211,Mobile,+855016336211
Smart-016-336212,Mobile,+855016336212
Smart-016-336213,Mobile,+855016336213
Smart-016-336214,Mobile,+855016336214
Smart-016-336215,Mobile,+855016336215
Smart-016-336216,Mobile,+855016336216
Smart-016-336217,Mobile,+855016336217
Smart-016-336218,Mobile,+855016336218
Smart-016-336219,Mobile,+855016336219
Smart-016-336220,Mobile,+855016336220
Smart-016-336221,Mobile,+855016336221
Smart-016-336222,Mobile,+855016336222
Smart-016-336223,Mobile,+855016336223
Smart-016-336224,Mobile,+855016336224
Smart-016-336225,Mobile,+855016336225
Smart-016-336226,Mobile,+855016336226
Smart-016-336227,Mobile,+855016336227
Smart-016-336228,Mobile,+855016336228
Smart-016-336229,Mobile,+855016336229
Smart-016-336230,Mobile,+855016336230
Smart-016-336231,Mobile,+855016336231
Smart-016-336232,Mobile,+855016336232
Smart-016-336233,Mobile,+855016336233
Smart-016-336234,Mobile,+855016336234
Smart-016-336235,Mobile,+855016336235
Smart-016-336236,Mobile,+855016336236
Smart-016-336237,Mobile,+855016336237
Smart-016-336238,Mobile,+855016336238
Smart-016-336239,Mobile,+855016336239
Smart-016-336240,Mobile,+855016336240
Smart-016-336241,Mobile,+855016336241
Smart-016-336242,Mobile,+855016336242
Smart-016-336243,Mobile,+855016336243
Smart-016-336244,Mobile,+855016336244
Smart-016-336245,Mobile,+855016336245
Smart-016-336246,Mobile,+855016336246
Smart-016-336247,Mobile,+855016336247
Smart-016-336248,Mobile,+855016336248
Smart-016-336249,Mobile,+855016336249
Smart-016-336250,Mobile,+855016336250
Smart-016-336251,Mobile,+855016336251
Smart-016-336252,Mobile,+855016336252
Smart-016-336253,Mobile,+855016336253
Smart-016-336254,Mobile,+855016336254
Smart-016-336255,Mobile,+855016336255
Smart-016-336256,Mobile,+855016336256
Smart-016-336257,Mobile,+855016336257
Smart-016-336258,Mobile,+855016336258
Smart-016-336259,Mobile,+855016336259
Smart-016-336260,Mobile,+855016336260
Smart-016-336261,Mobile,+855016336261
Smart-016-336262,Mobile,+855016336262
Smart-016-336263,Mobile,+855016336263
Smart-016-336264,Mobile,+855016336264
Smart-016-336265,Mobile,+855016336265
Smart-016-336266,Mobile,+855016336266
Smart-016-336267,Mobile,+855016336267
Smart-016-336268,Mobile,+855016336268
Smart-016-336269,Mobile,+855016336269
Smart-016-336270,Mobile,+855016336270
Smart-016-336271,Mobile,+855016336271
Smart-016-336272,Mobile,+855016336272
Smart-016-336273,Mobile,+855016336273
Smart-016-336274,Mobile,+855016336274
Smart-016-336275,Mobile,+855016336275
Smart-016-336276,Mobile,+855016336276
Smart-016-336277,Mobile,+855016336277
Smart-016-336278,Mobile,+855016336278
Smart-016-336279,Mobile,+855016336279
Smart-016-336280,Mobile,+855016336280
Smart-016-336281,Mobile,+855016336281
Smart-016-336282,Mobile,+855016336282
Smart-016-336283,Mobile,+855016336283
Smart-016-336284,Mobile,+855016336284
Smart-016-336285,Mobile,+855016336285
Smart-016-336286,Mobile,+855016336286
Smart-016-336287,Mobile,+855016336287
Smart-016-336288,Mobile,+855016336288
Smart-016-336289,Mobile,+855016336289
Smart-016-336290,Mobile,+855016336290
Smart-016-336291,Mobile,+855016336291
Smart-016-336292,Mobile,+855016336292
Smart-016-336293,Mobile,+855016336293
Smart-016-336294,Mobile,+855016336294
Smart-016-336295,Mobile,+855016336295
Smart-016-336296,Mobile,+855016336296
Smart-016-336297,Mobile,+855016336297
Smart-016-336298,Mobile,+855016336298
Smart-016-336299,Mobile,+855016336299
Smart-016-336300,Mobile,+855016336300
Smart-016-336301,Mobile,+855016336301
Smart-016-336302,Mobile,+855016336302
Smart-016-336303,Mobile,+855016336303
Smart-016-336304,Mobile,+855016336304
Smart-016-336305,Mobile,+855016336305
Smart-016-336306,Mobile,+855016336306
Smart-016-336307,Mobile,+855016336307
Smart-016-336308,Mobile,+855016336308
Smart-016-336309,Mobile,+855016336309
Smart-016-336310,Mobile,+855016336310
Smart-016-336311,Mobile,+855016336311
Smart-016-336312,Mobile,+855016336312
Smart-016-336313,Mobile,+855016336313
Smart-016-336314,Mobile,+855016336314
Smart-016-336315,Mobile,+855016336315
Smart-016-336316,Mobile,+855016336316
Smart-016-336317,Mobile,+855016336317
Smart-016-336318,Mobile,+855016336318
Smart-016-336319,Mobile,+855016336319
Smart-016-336320,Mobile,+855016336320
Smart-016-336321,Mobile,+855016336321
Smart-016-336322,Mobile,+855016336322
Smart-016-336323,Mobile,+855016336323
Smart-016-336324,Mobile,+855016336324
Smart-016-336325,Mobile,+855016336325
Smart-016-336326,Mobile,+855016336326
Smart-016-336327,Mobile,+855016336327
Smart-016-336328,Mobile,+855016336328
Smart-016-336329,Mobile,+855016336329
Smart-016-336330,Mobile,+855016336330
Smart-016-336331,Mobile,+855016336331
Smart-016-336332,Mobile,+855016336332
Smart-016-336333,Mobile,+855016336333
Smart-016-336334,Mobile,+855016336334
Smart-016-336335,Mobile,+855016336335
Smart-016-336336,Mobile,+855016336336
Smart-016-336337,Mobile,+855016336337
Smart-016-336338,Mobile,+855016336338
Smart-016-336339,Mobile,+855016336339
Smart-016-336340,Mobile,+855016336340
Smart-016-336341,Mobile,+855016336341
Smart-016-336342,Mobile,+855016336342
Smart-016-336343,Mobile,+855016336343
Smart-016-336344,Mobile,+855016336344
Smart-016-336345,Mobile,+855016336345
Smart-016-336346,Mobile,+855016336346
Smart-016-336347,Mobile,+855016336347
Smart-016-336348,Mobile,+855016336348
Smart-016-336349,Mobile,+855016336349
Smart-016-336350,Mobile,+855016336350
Smart-016-336351,Mobile,+855016336351
Smart-016-336352,Mobile,+855016336352
Smart-016-336353,Mobile,+855016336353
Smart-016-336354,Mobile,+855016336354
Smart-016-336355,Mobile,+855016336355
Smart-016-336356,Mobile,+855016336356
Smart-016-336357,Mobile,+855016336357
Smart-016-336358,Mobile,+855016336358
Smart-016-336359,Mobile,+855016336359
Smart-016-336360,Mobile,+855016336360
Smart-016-336361,Mobile,+855016336361
Smart-016-336362,Mobile,+855016336362
Smart-016-336363,Mobile,+855016336363
Smart-016-336364,Mobile,+855016336364
Smart-016-336365,Mobile,+855016336365
Smart-016-336366,Mobile,+855016336366
Smart-016-336367,Mobile,+855016336367
Smart-016-336368,Mobile,+855016336368
Smart-016-336369,Mobile,+855016336369
Smart-016-336370,Mobile,+855016336370
Smart-016-336371,Mobile,+855016336371
Smart-016-336372,Mobile,+855016336372
Smart-016-336373,Mobile,+855016336373
Smart-016-336374,Mobile,+855016336374
Smart-016-336375,Mobile,+855016336375
Smart-016-336376,Mobile,+855016336376
Smart-016-336377,Mobile,+855016336377
Smart-016-336378,Mobile,+855016336378
Smart-016-336379,Mobile,+855016336379
Smart-016-336380,Mobile,+855016336380
Smart-016-336381,Mobile,+855016336381
Smart-016-336382,Mobile,+855016336382
Smart-016-336383,Mobile,+855016336383
Smart-016-336384,Mobile,+855016336384
Smart-016-336385,Mobile,+855016336385
Smart-016-336386,Mobile,+855016336386
Smart-016-336387,Mobile,+855016336387
Smart-016-336388,Mobile,+855016336388
Smart-016-336389,Mobile,+855016336389
Smart-016-336390,Mobile,+855016336390
Smart-016-336391,Mobile,+855016336391
Smart-016-336392,Mobile,+855016336392
Smart-016-336393,Mobile,+855016336393
Smart-016-336394,Mobile,+855016336394
Smart-016-336395,Mobile,+855016336395
Smart-016-336396,Mobile,+855016336396
Smart-016-336397,Mobile,+855016336397
Smart-016-336398,Mobile,+855016336398
Smart-016-336399,Mobile,+855016336399
Smart-016-336400,Mobile,+855016336400
Smart-016-336401,Mobile,+855016336401
Smart-016-336402,Mobile,+855016336402
Smart-016-336403,Mobile,+855016336403
Smart-016-336404,Mobile,+855016336404
Smart-016-336405,Mobile,+855016336405
Smart-016-336406,Mobile,+855016336406
Smart-016-336407,Mobile,+855016336407
Smart-016-336408,Mobile,+855016336408
Smart-016-336409,Mobile,+855016336409
Smart-016-336410,Mobile,+855016336410
Smart-016-336411,Mobile,+855016336411
Smart-016-336412,Mobile,+855016336412
Smart-016-336413,Mobile,+855016336413
Smart-016-336414,Mobile,+855016336414
Smart-016-336415,Mobile,+855016336415
Smart-016-336416,Mobile,+855016336416
Smart-016-336417,Mobile,+855016336417
Smart-016-336418,Mobile,+855016336418
Smart-016-336419,Mobile,+855016336419
Smart-016-336420,Mobile,+855016336420
Smart-016-336421,Mobile,+855016336421
Smart-016-336422,Mobile,+855016336422
Smart-016-336423,Mobile,+855016336423
Smart-016-336424,Mobile,+855016336424
Smart-016-336425,Mobile,+855016336425
Smart-016-336426,Mobile,+855016336426
Smart-016-336427,Mobile,+855016336427
Smart-016-336428,Mobile,+855016336428
Smart-016-336429,Mobile,+855016336429
Smart-016-336430,Mobile,+855016336430
Smart-016-336431,Mobile,+855016336431
Smart-016-336432,Mobile,+855016336432
Smart-016-336433,Mobile,+855016336433
Smart-016-336434,Mobile,+855016336434
Smart-016-336435,Mobile,+855016336435
Smart-016-336436,Mobile,+855016336436
Smart-016-336437,Mobile,+855016336437
Smart-016-336438,Mobile,+855016336438
Smart-016-336439,Mobile,+855016336439
Smart-016-336440,Mobile,+855016336440
Smart-016-336441,Mobile,+855016336441
Smart-016-336442,Mobile,+855016336442
Smart-016-336443,Mobile,+855016336443
Smart-016-336444,Mobile,+855016336444
Smart-016-336445,Mobile,+855016336445
Smart-016-336446,Mobile,+855016336446
Smart-016-336447,Mobile,+855016336447
Smart-016-336448,Mobile,+855016336448
Smart-016-336449,Mobile,+855016336449
Smart-016-336450,Mobile,+855016336450
Smart-016-336451,Mobile,+855016336451
Smart-016-336452,Mobile,+855016336452
Smart-016-336453,Mobile,+855016336453
Smart-016-336454,Mobile,+855016336454
Smart-016-336455,Mobile,+855016336455
Smart-016-336456,Mobile,+855016336456
Smart-016-336457,Mobile,+855016336457
Smart-016-336458,Mobile,+855016336458
Smart-016-336459,Mobile,+855016336459
Smart-016-336460,Mobile,+855016336460
Smart-016-336461,Mobile,+855016336461
Smart-016-336462,Mobile,+855016336462
Smart-016-336463,Mobile,+855016336463
Smart-016-336464,Mobile,+855016336464
Smart-016-336465,Mobile,+855016336465
Smart-016-336466,Mobile,+855016336466
Smart-016-336467,Mobile,+855016336467
Smart-016-336468,Mobile,+855016336468
Smart-016-336469,Mobile,+855016336469
Smart-016-336470,Mobile,+855016336470
Smart-016-336471,Mobile,+855016336471
Smart-016-336472,Mobile,+855016336472
Smart-016-336473,Mobile,+855016336473
Smart-016-336474,Mobile,+855016336474
Smart-016-336475,Mobile,+855016336475
Smart-016-336476,Mobile,+855016336476
Smart-016-336477,Mobile,+855016336477
Smart-016-336478,Mobile,+855016336478
Smart-016-336479,Mobile,+855016336479
Smart-016-336480,Mobile,+855016336480
Smart-016-336481,Mobile,+855016336481
Smart-016-336482,Mobile,+855016336482
Smart-016-336483,Mobile,+855016336483
Smart-016-336484,Mobile,+855016336484
Smart-016-336485,Mobile,+855016336485
Smart-016-336486,Mobile,+855016336486
Smart-016-336487,Mobile,+855016336487
Smart-016-336488,Mobile,+855016336488
Smart-016-336489,Mobile,+855016336489
Smart-016-336490,Mobile,+855016336490
Smart-016-336491,Mobile,+855016336491
Smart-016-336492,Mobile,+855016336492
Smart-016-336493,Mobile,+855016336493
Smart-016-336494,Mobile,+855016336494
Smart-016-336495,Mobile,+855016336495
Smart-016-336496,Mobile,+855016336496
Smart-016-336497,Mobile,+855016336497
Smart-016-336498,Mobile,+855016336498
Smart-016-336499,Mobile,+855016336499
Smart-016-336500,Mobile,+855016336500
Smart-016-336501,Mobile,+855016336501
Smart-016-336502,Mobile,+855016336502
Smart-016-336503,Mobile,+855016336503
Smart-016-336504,Mobile,+855016336504
Smart-016-336505,Mobile,+855016336505
Smart-016-336506,Mobile,+855016336506
Smart-016-336507,Mobile,+855016336507
Smart-016-336508,Mobile,+855016336508
Smart-016-336509,Mobile,+855016336509
Smart-016-336510,Mobile,+855016336510
Smart-016-336511,Mobile,+855016336511
Smart-016-336512,Mobile,+855016336512
Smart-016-336513,Mobile,+855016336513
Smart-016-336514,Mobile,+855016336514
Smart-016-336515,Mobile,+855016336515
Smart-016-336516,Mobile,+855016336516
Smart-016-336517,Mobile,+855016336517
Smart-016-336518,Mobile,+855016336518
Smart-016-336519,Mobile,+855016336519
Smart-016-336520,Mobile,+855016336520
Smart-016-336521,Mobile,+855016336521
Smart-016-336522,Mobile,+855016336522
Smart-016-336523,Mobile,+855016336523
Smart-016-336524,Mobile,+855016336524
Smart-016-336525,Mobile,+855016336525
Smart-016-336526,Mobile,+855016336526
Smart-016-336527,Mobile,+855016336527
Smart-016-336528,Mobile,+855016336528
Smart-016-336529,Mobile,+855016336529
Smart-016-336530,Mobile,+855016336530
Smart-016-336531,Mobile,+855016336531
Smart-016-336532,Mobile,+855016336532
Smart-016-336533,Mobile,+855016336533
Smart-016-336534,Mobile,+855016336534
Smart-016-336535,Mobile,+855016336535
Smart-016-336536,Mobile,+855016336536
Smart-016-336537,Mobile,+855016336537
Smart-016-336538,Mobile,+855016336538
Smart-016-336539,Mobile,+855016336539
Smart-016-336540,Mobile,+855016336540
Smart-016-336541,Mobile,+855016336541
Smart-016-336542,Mobile,+855016336542
Smart-016-336543,Mobile,+855016336543
Smart-016-336544,Mobile,+855016336544
Smart-016-336545,Mobile,+855016336545
Smart-016-336546,Mobile,+855016336546
Smart-016-336547,Mobile,+855016336547
Smart-016-336548,Mobile,+855016336548
Smart-016-336549,Mobile,+855016336549
Smart-016-336550,Mobile,+855016336550
Smart-016-336551,Mobile,+855016336551
Smart-016-336552,Mobile,+855016336552
Smart-016-336553,Mobile,+855016336553
Smart-016-336554,Mobile,+855016336554
Smart-016-336555,Mobile,+855016336555
Smart-016-336556,Mobile,+855016336556
Smart-016-336557,Mobile,+855016336557
Smart-016-336558,Mobile,+855016336558
Smart-016-336559,Mobile,+855016336559
Smart-016-336560,Mobile,+855016336560
Smart-016-336561,Mobile,+855016336561
Smart-016-336562,Mobile,+855016336562
Smart-016-336563,Mobile,+855016336563
Smart-016-336564,Mobile,+855016336564
Smart-016-336565,Mobile,+855016336565
Smart-016-336566,Mobile,+855016336566
Smart-016-336567,Mobile,+855016336567
Smart-016-336568,Mobile,+855016336568
Smart-016-336569,Mobile,+855016336569
Smart-016-336570,Mobile,+855016336570
Smart-016-336571,Mobile,+855016336571
Smart-016-336572,Mobile,+855016336572
Smart-016-336573,Mobile,+855016336573
Smart-016-336574,Mobile,+855016336574
Smart-016-336575,Mobile,+855016336575
Smart-016-336576,Mobile,+855016336576
Smart-016-336577,Mobile,+855016336577
Smart-016-336578,Mobile,+855016336578
Smart-016-336579,Mobile,+855016336579
Smart-016-336580,Mobile,+855016336580
Smart-016-336581,Mobile,+855016336581
Smart-016-336582,Mobile,+855016336582
Smart-016-336583,Mobile,+855016336583
Smart-016-336584,Mobile,+855016336584
Smart-016-336585,Mobile,+855016336585
Smart-016-336586,Mobile,+855016336586
Smart-016-336587,Mobile,+855016336587
Smart-016-336588,Mobile,+855016336588
Smart-016-336589,Mobile,+855016336589
Smart-016-336590,Mobile,+855016336590
Smart-016-336591,Mobile,+855016336591
Smart-016-336592,Mobile,+855016336592
Smart-016-336593,Mobile,+855016336593
Smart-016-336594,Mobile,+855016336594
Smart-016-336595,Mobile,+855016336595
Smart-016-336596,Mobile,+855016336596
Smart-016-336597,Mobile,+855016336597
Smart-016-336598,Mobile,+855016336598
Smart-016-336599,Mobile,+855016336599
Smart-016-336600,Mobile,+855016336600
Smart-016-336601,Mobile,+855016336601
Smart-016-336602,Mobile,+855016336602
Smart-016-336603,Mobile,+855016336603
Smart-016-336604,Mobile,+855016336604
Smart-016-336605,Mobile,+855016336605
Smart-016-336606,Mobile,+855016336606
Smart-016-336607,Mobile,+855016336607
Smart-016-336608,Mobile,+855016336608
Smart-016-336609,Mobile,+855016336609
Smart-016-336610,Mobile,+855016336610
Smart-016-336611,Mobile,+855016336611
Smart-016-336612,Mobile,+855016336612
Smart-016-336613,Mobile,+855016336613
Smart-016-336614,Mobile,+855016336614
Smart-016-336615,Mobile,+855016336615
Smart-016-336616,Mobile,+855016336616
Smart-016-336617,Mobile,+855016336617
Smart-016-336618,Mobile,+855016336618
Smart-016-336619,Mobile,+855016336619
Smart-016-336620,Mobile,+855016336620
Smart-016-336621,Mobile,+855016336621
Smart-016-336622,Mobile,+855016336622
Smart-016-336623,Mobile,+855016336623
Smart-016-336624,Mobile,+855016336624
Smart-016-336625,Mobile,+855016336625
Smart-016-336626,Mobile,+855016336626
Smart-016-336627,Mobile,+855016336627
Smart-016-336628,Mobile,+855016336628
Smart-016-336629,Mobile,+855016336629
Smart-016-336630,Mobile,+855016336630
Smart-016-336631,Mobile,+855016336631
Smart-016-336632,Mobile,+855016336632
Smart-016-336633,Mobile,+855016336633
Smart-016-336634,Mobile,+855016336634
Smart-016-336635,Mobile,+855016336635
Smart-016-336636,Mobile,+855016336636
Smart-016-336637,Mobile,+855016336637
Smart-016-336638,Mobile,+855016336638
Smart-016-336639,Mobile,+855016336639
Smart-016-336640,Mobile,+855016336640
Smart-016-336641,Mobile,+855016336641
Smart-016-336642,Mobile,+855016336642
Smart-016-336643,Mobile,+855016336643
Smart-016-336644,Mobile,+855016336644
Smart-016-336645,Mobile,+855016336645
Smart-016-336646,Mobile,+855016336646
Smart-016-336647,Mobile,+855016336647
Smart-016-336648,Mobile,+855016336648
Smart-016-336649,Mobile,+855016336649
Smart-016-336650,Mobile,+855016336650
Smart-016-336651,Mobile,+855016336651
Smart-016-336652,Mobile,+855016336652
Smart-016-336653,Mobile,+855016336653
Smart-016-336654,Mobile,+855016336654
Smart-016-336655,Mobile,+855016336655
Smart-016-336656,Mobile,+855016336656
Smart-016-336657,Mobile,+855016336657
Smart-016-336658,Mobile,+855016336658
Smart-016-336659,Mobile,+855016336659
Smart-016-336660,Mobile,+855016336660
Smart-016-336661,Mobile,+855016336661
Smart-016-336662,Mobile,+855016336662
Smart-016-336663,Mobile,+855016336663
Smart-016-336664,Mobile,+855016336664
Smart-016-336665,Mobile,+855016336665
Smart-016-336666,Mobile,+855016336666
Smart-016-336667,Mobile,+855016336667
Smart-016-336668,Mobile,+855016336668
Smart-016-336669,Mobile,+855016336669
Smart-016-336670,Mobile,+855016336670
Smart-016-336671,Mobile,+855016336671
Smart-016-336672,Mobile,+855016336672
Smart-016-336673,Mobile,+855016336673
Smart-016-336674,Mobile,+855016336674
Smart-016-336675,Mobile,+855016336675
Smart-016-336676,Mobile,+855016336676
Smart-016-336677,Mobile,+855016336677
Smart-016-336678,Mobile,+855016336678
Smart-016-336679,Mobile,+855016336679
Smart-016-336680,Mobile,+855016336680
Smart-016-336681,Mobile,+855016336681
Smart-016-336682,Mobile,+855016336682
Smart-016-336683,Mobile,+855016336683
Smart-016-336684,Mobile,+855016336684
Smart-016-336685,Mobile,+855016336685
Smart-016-336686,Mobile,+855016336686
Smart-016-336687,Mobile,+855016336687
Smart-016-336688,Mobile,+855016336688
Smart-016-336689,Mobile,+855016336689
Smart-016-336690,Mobile,+855016336690
Smart-016-336691,Mobile,+855016336691
Smart-016-336692,Mobile,+855016336692
Smart-016-336693,Mobile,+855016336693
Smart-016-336694,Mobile,+855016336694
Smart-016-336695,Mobile,+855016336695
Smart-016-336696,Mobile,+855016336696
Smart-016-336697,Mobile,+855016336697
Smart-016-336698,Mobile,+855016336698
Smart-016-336699,Mobile,+855016336699
Smart-016-336700,Mobile,+855016336700
Smart-016-336701,Mobile,+855016336701
Smart-016-336702,Mobile,+855016336702
Smart-016-336703,Mobile,+855016336703
Smart-016-336704,Mobile,+855016336704
Smart-016-336705,Mobile,+855016336705
Smart-016-336706,Mobile,+855016336706
Smart-016-336707,Mobile,+855016336707
Smart-016-336708,Mobile,+855016336708
Smart-016-336709,Mobile,+855016336709
Smart-016-336710,Mobile,+855016336710
Smart-016-336711,Mobile,+855016336711
Smart-016-336712,Mobile,+855016336712
Smart-016-336713,Mobile,+855016336713
Smart-016-336714,Mobile,+855016336714
Smart-016-336715,Mobile,+855016336715
Smart-016-336716,Mobile,+855016336716
Smart-016-336717,Mobile,+855016336717
Smart-016-336718,Mobile,+855016336718
Smart-016-336719,Mobile,+855016336719
Smart-016-336720,Mobile,+855016336720
Smart-016-336721,Mobile,+855016336721
Smart-016-336722,Mobile,+855016336722
Smart-016-336723,Mobile,+855016336723
Smart-016-336724,Mobile,+855016336724
Smart-016-336725,Mobile,+855016336725
Smart-016-336726,Mobile,+855016336726
Smart-016-336727,Mobile,+855016336727
Smart-016-336728,Mobile,+855016336728
Smart-016-336729,Mobile,+855016336729
Smart-016-336730,Mobile,+855016336730
Smart-016-336731,Mobile,+855016336731
Smart-016-336732,Mobile,+855016336732
Smart-016-336733,Mobile,+855016336733
Smart-016-336734,Mobile,+855016336734
Smart-016-336735,Mobile,+855016336735
Smart-016-336736,Mobile,+855016336736
Smart-016-336737,Mobile,+855016336737
Smart-016-336738,Mobile,+855016336738
Smart-016-336739,Mobile,+855016336739
Smart-016-336740,Mobile,+855016336740
Smart-016-336741,Mobile,+855016336741
Smart-016-336742,Mobile,+855016336742
Smart-016-336743,Mobile,+855016336743
Smart-016-336744,Mobile,+855016336744
Smart-016-336745,Mobile,+855016336745
Smart-016-336746,Mobile,+855016336746
Smart-016-336747,Mobile,+855016336747
Smart-016-336748,Mobile,+855016336748
Smart-016-336749,Mobile,+855016336749
Smart-016-336750,Mobile,+855016336750
Smart-016-336751,Mobile,+855016336751
Smart-016-336752,Mobile,+855016336752
Smart-016-336753,Mobile,+855016336753
Smart-016-336754,Mobile,+855016336754
Smart-016-336755,Mobile,+855016336755
Smart-016-336756,Mobile,+855016336756
Smart-016-336757,Mobile,+855016336757
Smart-016-336758,Mobile,+855016336758
Smart-016-336759,Mobile,+855016336759
Smart-016-336760,Mobile,+855016336760
Smart-016-336761,Mobile,+855016336761
Smart-016-336762,Mobile,+855016336762
Smart-016-336763,Mobile,+855016336763
Smart-016-336764,Mobile,+855016336764
Smart-016-336765,Mobile,+855016336765
Smart-016-336766,Mobile,+855016336766
Smart-016-336767,Mobile,+855016336767
Smart-016-336768,Mobile,+855016336768
Smart-016-336769,Mobile,+855016336769
Smart-016-336770,Mobile,+855016336770
Smart-016-336771,Mobile,+855016336771
Smart-016-336772,Mobile,+855016336772
Smart-016-336773,Mobile,+855016336773
Smart-016-336774,Mobile,+855016336774
Smart-016-336775,Mobile,+855016336775
Smart-016-336776,Mobile,+855016336776
Smart-016-336777,Mobile,+855016336777
Smart-016-336778,Mobile,+855016336778
Smart-016-336779,Mobile,+855016336779
Smart-016-336780,Mobile,+855016336780
Smart-016-336781,Mobile,+855016336781
Smart-016-336782,Mobile,+855016336782
Smart-016-336783,Mobile,+855016336783
Smart-016-336784,Mobile,+855016336784
Smart-016-336785,Mobile,+855016336785
Smart-016-336786,Mobile,+855016336786
Smart-016-336787,Mobile,+855016336787
Smart-016-336788,Mobile,+855016336788
Smart-016-336789,Mobile,+855016336789
Smart-016-336790,Mobile,+855016336790
Smart-016-336791,Mobile,+855016336791
Smart-016-336792,Mobile,+855016336792
Smart-016-336793,Mobile,+855016336793
Smart-016-336794,Mobile,+855016336794
Smart-016-336795,Mobile,+855016336795
Smart-016-336796,Mobile,+855016336796
Smart-016-336797,Mobile,+855016336797
Smart-016-336798,Mobile,+855016336798
Smart-016-336799,Mobile,+855016336799
Smart-016-336800,Mobile,+855016336800
Smart-016-336801,Mobile,+855016336801
Smart-016-336802,Mobile,+855016336802
Smart-016-336803,Mobile,+855016336803
Smart-016-336804,Mobile,+855016336804
Smart-016-336805,Mobile,+855016336805
Smart-016-336806,Mobile,+855016336806
Smart-016-336807,Mobile,+855016336807
Smart-016-336808,Mobile,+855016336808
Smart-016-336809,Mobile,+855016336809
Smart-016-336810,Mobile,+855016336810
Smart-016-336811,Mobile,+855016336811
Smart-016-336812,Mobile,+855016336812
Smart-016-336813,Mobile,+855016336813
Smart-016-336814,Mobile,+855016336814
Smart-016-336815,Mobile,+855016336815
Smart-016-336816,Mobile,+855016336816
Smart-016-336817,Mobile,+855016336817
Smart-016-336818,Mobile,+855016336818
Smart-016-336819,Mobile,+855016336819
Smart-016-336820,Mobile,+855016336820
Smart-016-336821,Mobile,+855016336821
Smart-016-336822,Mobile,+855016336822
Smart-016-336823,Mobile,+855016336823
Smart-016-336824,Mobile,+855016336824
Smart-016-336825,Mobile,+855016336825
Smart-016-336826,Mobile,+855016336826
Smart-016-336827,Mobile,+855016336827
Smart-016-336828,Mobile,+855016336828
Smart-016-336829,Mobile,+855016336829
Smart-016-336830,Mobile,+855016336830
Smart-016-336831,Mobile,+855016336831
Smart-016-336832,Mobile,+855016336832
Smart-016-336833,Mobile,+855016336833
Smart-016-336834,Mobile,+855016336834
Smart-016-336835,Mobile,+855016336835
Smart-016-336836,Mobile,+855016336836
Smart-016-336837,Mobile,+855016336837
Smart-016-336838,Mobile,+855016336838
Smart-016-336839,Mobile,+855016336839
Smart-016-336840,Mobile,+855016336840
Smart-016-336841,Mobile,+855016336841
Smart-016-336842,Mobile,+855016336842
Smart-016-336843,Mobile,+855016336843
Smart-016-336844,Mobile,+855016336844
Smart-016-336845,Mobile,+855016336845
Smart-016-336846,Mobile,+855016336846
Smart-016-336847,Mobile,+855016336847
Smart-016-336848,Mobile,+855016336848
Smart-016-336849,Mobile,+855016336849
Smart-016-336850,Mobile,+855016336850
Smart-016-336851,Mobile,+855016336851
Smart-016-336852,Mobile,+855016336852
Smart-016-336853,Mobile,+855016336853
Smart-016-336854,Mobile,+855016336854
Smart-016-336855,Mobile,+855016336855
Smart-016-336856,Mobile,+855016336856
Smart-016-336857,Mobile,+855016336857
Smart-016-336858,Mobile,+855016336858
Smart-016-336859,Mobile,+855016336859
Smart-016-336860,Mobile,+855016336860
Smart-016-336861,Mobile,+855016336861
Smart-016-336862,Mobile,+855016336862
Smart-016-336863,Mobile,+855016336863
Smart-016-336864,Mobile,+855016336864
Smart-016-336865,Mobile,+855016336865
Smart-016-336866,Mobile,+855016336866
Smart-016-336867,Mobile,+855016336867
Smart-016-336868,Mobile,+855016336868
Smart-016-336869,Mobile,+855016336869
Smart-016-336870,Mobile,+855016336870
Smart-016-336871,Mobile,+855016336871
Smart-016-336872,Mobile,+855016336872
Smart-016-336873,Mobile,+855016336873
Smart-016-336874,Mobile,+855016336874
Smart-016-336875,Mobile,+855016336875
Smart-016-336876,Mobile,+855016336876
Smart-016-336877,Mobile,+855016336877
Smart-016-336878,Mobile,+855016336878
Smart-016-336879,Mobile,+855016336879
Smart-016-336880,Mobile,+855016336880
Smart-016-336881,Mobile,+855016336881
Smart-016-336882,Mobile,+855016336882
Smart-016-336883,Mobile,+855016336883
Smart-016-336884,Mobile,+855016336884
Smart-016-336885,Mobile,+855016336885
Smart-016-336886,Mobile,+855016336886
Smart-016-336887,Mobile,+855016336887
Smart-016-336888,Mobile,+855016336888
Smart-016-336889,Mobile,+855016336889
Smart-016-336890,Mobile,+855016336890
Smart-016-336891,Mobile,+855016336891
Smart-016-336892,Mobile,+855016336892
Smart-016-336893,Mobile,+855016336893
Smart-016-336894,Mobile,+855016336894
Smart-016-336895,Mobile,+855016336895
Smart-016-336896,Mobile,+855016336896
Smart-016-336897,Mobile,+855016336897
Smart-016-336898,Mobile,+855016336898
Smart-016-336899,Mobile,+855016336899
Smart-016-336900,Mobile,+855016336900
Smart-016-336901,Mobile,+855016336901
Smart-016-336902,Mobile,+855016336902
Smart-016-336903,Mobile,+855016336903
Smart-016-336904,Mobile,+855016336904
Smart-016-336905,Mobile,+855016336905
Smart-016-336906,Mobile,+855016336906
Smart-016-336907,Mobile,+855016336907
Smart-016-336908,Mobile,+855016336908
Smart-016-336909,Mobile,+855016336909
Smart-016-336910,Mobile,+855016336910
Smart-016-336911,Mobile,+855016336911
Smart-016-336912,Mobile,+855016336912
Smart-016-336913,Mobile,+855016336913
Smart-016-336914,Mobile,+855016336914
Smart-016-336915,Mobile,+855016336915
Smart-016-336916,Mobile,+855016336916
Smart-016-336917,Mobile,+855016336917
Smart-016-336918,Mobile,+855016336918
Smart-016-336919,Mobile,+855016336919
Smart-016-336920,Mobile,+855016336920
Smart-016-336921,Mobile,+855016336921
Smart-016-336922,Mobile,+855016336922
Smart-016-336923,Mobile,+855016336923
Smart-016-336924,Mobile,+855016336924
Smart-016-336925,Mobile,+855016336925
Smart-016-336926,Mobile,+855016336926
Smart-016-336927,Mobile,+855016336927
Smart-016-336928,Mobile,+855016336928
Smart-016-336929,Mobile,+855016336929
Smart-016-336930,Mobile,+855016336930
Smart-016-336931,Mobile,+855016336931
Smart-016-336932,Mobile,+855016336932
Smart-016-336933,Mobile,+855016336933
Smart-016-336934,Mobile,+855016336934
Smart-016-336935,Mobile,+855016336935
Smart-016-336936,Mobile,+855016336936
Smart-016-336937,Mobile,+855016336937
Smart-016-336938,Mobile,+855016336938
Smart-016-336939,Mobile,+855016336939
Smart-016-336940,Mobile,+855016336940
Smart-016-336941,Mobile,+855016336941
Smart-016-336942,Mobile,+855016336942
Smart-016-336943,Mobile,+855016336943
Smart-016-336944,Mobile,+855016336944
Smart-016-336945,Mobile,+855016336945
Smart-016-336946,Mobile,+855016336946
Smart-016-336947,Mobile,+855016336947
Smart-016-336948,Mobile,+855016336948
Smart-016-336949,Mobile,+855016336949
Smart-016-336950,Mobile,+855016336950
Smart-016-336951,Mobile,+855016336951
Smart-016-336952,Mobile,+855016336952
Smart-016-336953,Mobile,+855016336953
Smart-016-336954,Mobile,+855016336954
Smart-016-336955,Mobile,+855016336955
Smart-016-336956,Mobile,+855016336956
Smart-016-336957,Mobile,+855016336957
Smart-016-336958,Mobile,+855016336958
Smart-016-336959,Mobile,+855016336959
Smart-016-336960,Mobile,+855016336960
Smart-016-336961,Mobile,+855016336961
Smart-016-336962,Mobile,+855016336962
Smart-016-336963,Mobile,+855016336963
Smart-016-336964,Mobile,+855016336964
Smart-016-336965,Mobile,+855016336965
Smart-016-336966,Mobile,+855016336966
Smart-016-336967,Mobile,+855016336967
Smart-016-336968,Mobile,+855016336968
Smart-016-336969,Mobile,+855016336969
Smart-016-336970,Mobile,+855016336970
Smart-016-336971,Mobile,+855016336971
Smart-016-336972,Mobile,+855016336972
Smart-016-336973,Mobile,+855016336973
Smart-016-336974,Mobile,+855016336974
Smart-016-336975,Mobile,+855016336975
Smart-016-336976,Mobile,+855016336976
Smart-016-336977,Mobile,+855016336977
Smart-016-336978,Mobile,+855016336978
Smart-016-336979,Mobile,+855016336979
Smart-016-336980,Mobile,+855016336980
Smart-016-336981,Mobile,+855016336981
Smart-016-336982,Mobile,+855016336982
Smart-016-336983,Mobile,+855016336983
Smart-016-336984,Mobile,+855016336984
Smart-016-336985,Mobile,+855016336985
Smart-016-336986,Mobile,+855016336986
Smart-016-336987,Mobile,+855016336987
Smart-016-336988,Mobile,+855016336988
Smart-016-336989,Mobile,+855016336989
Smart-016-336990,Mobile,+855016336990
Smart-016-336991,Mobile,+855016336991
Smart-016-336992,Mobile,+855016336992
Smart-016-336993,Mobile,+855016336993
Smart-016-336994,Mobile,+855016336994
Smart-016-336995,Mobile,+855016336995
Smart-016-336996,Mobile,+855016336996
Smart-016-336997,Mobile,+855016336997
Smart-016-336998,Mobile,+855016336998
Smart-016-336999,Mobile,+855016336999
Smart-016-337000,Mobile,+855016337000
Smart-016-337001,Mobile,+855016337001
Smart-016-337002,Mobile,+855016337002
Smart-016-337003,Mobile,+855016337003
Smart-016-337004,Mobile,+855016337004
Smart-016-337005,Mobile,+855016337005
Smart-016-337006,Mobile,+855016337006
Smart-016-337007,Mobile,+855016337007
Smart-016-337008,Mobile,+855016337008
Smart-016-337009,Mobile,+855016337009
Smart-016-337010,Mobile,+855016337010
Smart-016-337011,Mobile,+855016337011
Smart-016-337012,Mobile,+855016337012
Smart-016-337013,Mobile,+855016337013
Smart-016-337014,Mobile,+855016337014
Smart-016-337015,Mobile,+855016337015
Smart-016-337016,Mobile,+855016337016
Smart-016-337017,Mobile,+855016337017
Smart-016-337018,Mobile,+855016337018
Smart-016-337019,Mobile,+855016337019
Smart-016-337020,Mobile,+855016337020
Smart-016-337021,Mobile,+855016337021
Smart-016-337022,Mobile,+855016337022
Smart-016-337023,Mobile,+855016337023
Smart-016-337024,Mobile,+855016337024
Smart-016-337025,Mobile,+855016337025
Smart-016-337026,Mobile,+855016337026
Smart-016-337027,Mobile,+855016337027
Smart-016-337028,Mobile,+855016337028
Smart-016-337029,Mobile,+855016337029
Smart-016-337030,Mobile,+855016337030
Smart-016-337031,Mobile,+855016337031
Smart-016-337032,Mobile,+855016337032
Smart-016-337033,Mobile,+855016337033
Smart-016-337034,Mobile,+855016337034
Smart-016-337035,Mobile,+855016337035
Smart-016-337036,Mobile,+855016337036
Smart-016-337037,Mobile,+855016337037
Smart-016-337038,Mobile,+855016337038
Smart-016-337039,Mobile,+855016337039
Smart-016-337040,Mobile,+855016337040
Smart-016-337041,Mobile,+855016337041
Smart-016-337042,Mobile,+855016337042
Smart-016-337043,Mobile,+855016337043
Smart-016-337044,Mobile,+855016337044
Smart-016-337045,Mobile,+855016337045
Smart-016-337046,Mobile,+855016337046
Smart-016-337047,Mobile,+855016337047
Smart-016-337048,Mobile,+855016337048
Smart-016-337049,Mobile,+855016337049
Smart-016-337050,Mobile,+855016337050
Smart-016-337051,Mobile,+855016337051
Smart-016-337052,Mobile,+855016337052
Smart-016-337053,Mobile,+855016337053
Smart-016-337054,Mobile,+855016337054
Smart-016-337055,Mobile,+855016337055
Smart-016-337056,Mobile,+855016337056
Smart-016-337057,Mobile,+855016337057
Smart-016-337058,Mobile,+855016337058
Smart-016-337059,Mobile,+855016337059
Smart-016-337060,Mobile,+855016337060
Smart-016-337061,Mobile,+855016337061
Smart-016-337062,Mobile,+855016337062
Smart-016-337063,Mobile,+855016337063
Smart-016-337064,Mobile,+855016337064
Smart-016-337065,Mobile,+855016337065
Smart-016-337066,Mobile,+855016337066
Smart-016-337067,Mobile,+855016337067
Smart-016-337068,Mobile,+855016337068
Smart-016-337069,Mobile,+855016337069
Smart-016-337070,Mobile,+855016337070
Smart-016-337071,Mobile,+855016337071
Smart-016-337072,Mobile,+855016337072
Smart-016-337073,Mobile,+855016337073
Smart-016-337074,Mobile,+855016337074
Smart-016-337075,Mobile,+855016337075
Smart-016-337076,Mobile,+855016337076
Smart-016-337077,Mobile,+855016337077
Smart-016-337078,Mobile,+855016337078
Smart-016-337079,Mobile,+855016337079
Smart-016-337080,Mobile,+855016337080
Smart-016-337081,Mobile,+855016337081
Smart-016-337082,Mobile,+855016337082
Smart-016-337083,Mobile,+855016337083
Smart-016-337084,Mobile,+855016337084
Smart-016-337085,Mobile,+855016337085
Smart-016-337086,Mobile,+855016337086
Smart-016-337087,Mobile,+855016337087
Smart-016-337088,Mobile,+855016337088
Smart-016-337089,Mobile,+855016337089
Smart-016-337090,Mobile,+855016337090
Smart-016-337091,Mobile,+855016337091
Smart-016-337092,Mobile,+855016337092
Smart-016-337093,Mobile,+855016337093
Smart-016-337094,Mobile,+855016337094
Smart-016-337095,Mobile,+855016337095
Smart-016-337096,Mobile,+855016337096
Smart-016-337097,Mobile,+855016337097
Smart-016-337098,Mobile,+855016337098
Smart-016-337099,Mobile,+855016337099
Smart-016-337100,Mobile,+855016337100
Smart-016-337101,Mobile,+855016337101
Smart-016-337102,Mobile,+855016337102
Smart-016-337103,Mobile,+855016337103
Smart-016-337104,Mobile,+855016337104
Smart-016-337105,Mobile,+855016337105
Smart-016-337106,Mobile,+855016337106
Smart-016-337107,Mobile,+855016337107
Smart-016-337108,Mobile,+855016337108
Smart-016-337109,Mobile,+855016337109
Smart-016-337110,Mobile,+855016337110
Smart-016-337111,Mobile,+855016337111
Smart-016-337112,Mobile,+855016337112
Smart-016-337113,Mobile,+855016337113
Smart-016-337114,Mobile,+855016337114
Smart-016-337115,Mobile,+855016337115
Smart-016-337116,Mobile,+855016337116
Smart-016-337117,Mobile,+855016337117
Smart-016-337118,Mobile,+855016337118
Smart-016-337119,Mobile,+855016337119
Smart-016-337120,Mobile,+855016337120
Smart-016-337121,Mobile,+855016337121
Smart-016-337122,Mobile,+855016337122
Smart-016-337123,Mobile,+855016337123
Smart-016-337124,Mobile,+855016337124
Smart-016-337125,Mobile,+855016337125
Smart-016-337126,Mobile,+855016337126
Smart-016-337127,Mobile,+855016337127
Smart-016-337128,Mobile,+855016337128
Smart-016-337129,Mobile,+855016337129
Smart-016-337130,Mobile,+855016337130
Smart-016-337131,Mobile,+855016337131
Smart-016-337132,Mobile,+855016337132
Smart-016-337133,Mobile,+855016337133
Smart-016-337134,Mobile,+855016337134
Smart-016-337135,Mobile,+855016337135
Smart-016-337136,Mobile,+855016337136
Smart-016-337137,Mobile,+855016337137
Smart-016-337138,Mobile,+855016337138
Smart-016-337139,Mobile,+855016337139
Smart-016-337140,Mobile,+855016337140
Smart-016-337141,Mobile,+855016337141
Smart-016-337142,Mobile,+855016337142
Smart-016-337143,Mobile,+855016337143
Smart-016-337144,Mobile,+855016337144
Smart-016-337145,Mobile,+855016337145
Smart-016-337146,Mobile,+855016337146
Smart-016-337147,Mobile,+855016337147
Smart-016-337148,Mobile,+855016337148
Smart-016-337149,Mobile,+855016337149
Smart-016-337150,Mobile,+855016337150
Smart-016-337151,Mobile,+855016337151
Smart-016-337152,Mobile,+855016337152
Smart-016-337153,Mobile,+855016337153
Smart-016-337154,Mobile,+855016337154
Smart-016-337155,Mobile,+855016337155
Smart-016-337156,Mobile,+855016337156
Smart-016-337157,Mobile,+855016337157
Smart-016-337158,Mobile,+855016337158
Smart-016-337159,Mobile,+855016337159
Smart-016-337160,Mobile,+855016337160
Smart-016-337161,Mobile,+855016337161
Smart-016-337162,Mobile,+855016337162
Smart-016-337163,Mobile,+855016337163
Smart-016-337164,Mobile,+855016337164
Smart-016-337165,Mobile,+855016337165
Smart-016-337166,Mobile,+855016337166
Smart-016-337167,Mobile,+855016337167
Smart-016-337168,Mobile,+855016337168
Smart-016-337169,Mobile,+855016337169
Smart-016-337170,Mobile,+855016337170
Smart-016-337171,Mobile,+855016337171
Smart-016-337172,Mobile,+855016337172
Smart-016-337173,Mobile,+855016337173
Smart-016-337174,Mobile,+855016337174
Smart-016-337175,Mobile,+855016337175
Smart-016-337176,Mobile,+855016337176
Smart-016-337177,Mobile,+855016337177
Smart-016-337178,Mobile,+855016337178
Smart-016-337179,Mobile,+855016337179
Smart-016-337180,Mobile,+855016337180
Smart-016-337181,Mobile,+855016337181
Smart-016-337182,Mobile,+855016337182
Smart-016-337183,Mobile,+855016337183
Smart-016-337184,Mobile,+855016337184
Smart-016-337185,Mobile,+855016337185
Smart-016-337186,Mobile,+855016337186
Smart-016-337187,Mobile,+855016337187
Smart-016-337188,Mobile,+855016337188
Smart-016-337189,Mobile,+855016337189
Smart-016-337190,Mobile,+855016337190
Smart-016-337191,Mobile,+855016337191
Smart-016-337192,Mobile,+855016337192
Smart-016-337193,Mobile,+855016337193
Smart-016-337194,Mobile,+855016337194
Smart-016-337195,Mobile,+855016337195
Smart-016-337196,Mobile,+855016337196
Smart-016-337197,Mobile,+855016337197
Smart-016-337198,Mobile,+855016337198
Smart-016-337199,Mobile,+855016337199
Smart-016-337200,Mobile,+855016337200
Smart-016-337201,Mobile,+855016337201
Smart-016-337202,Mobile,+855016337202
Smart-016-337203,Mobile,+855016337203
Smart-016-337204,Mobile,+855016337204
Smart-016-337205,Mobile,+855016337205
Smart-016-337206,Mobile,+855016337206
Smart-016-337207,Mobile,+855016337207
Smart-016-337208,Mobile,+855016337208
Smart-016-337209,Mobile,+855016337209
Smart-016-337210,Mobile,+855016337210
Smart-016-337211,Mobile,+855016337211
Smart-016-337212,Mobile,+855016337212
Smart-016-337213,Mobile,+855016337213
Smart-016-337214,Mobile,+855016337214
Smart-016-337215,Mobile,+855016337215
Smart-016-337216,Mobile,+855016337216
Smart-016-337217,Mobile,+855016337217
Smart-016-337218,Mobile,+855016337218
Smart-016-337219,Mobile,+855016337219
Smart-016-337220,Mobile,+855016337220
Smart-016-337221,Mobile,+855016337221
Smart-016-337222,Mobile,+855016337222
Smart-016-337223,Mobile,+855016337223
Smart-016-337224,Mobile,+855016337224
Smart-016-337225,Mobile,+855016337225
Smart-016-337226,Mobile,+855016337226
Smart-016-337227,Mobile,+855016337227
Smart-016-337228,Mobile,+855016337228
Smart-016-337229,Mobile,+855016337229
Smart-016-337230,Mobile,+855016337230
Smart-016-337231,Mobile,+855016337231
Smart-016-337232,Mobile,+855016337232
Smart-016-337233,Mobile,+855016337233
Smart-016-337234,Mobile,+855016337234
Smart-016-337235,Mobile,+855016337235
Smart-016-337236,Mobile,+855016337236
Smart-016-337237,Mobile,+855016337237
Smart-016-337238,Mobile,+855016337238
Smart-016-337239,Mobile,+855016337239
Smart-016-337240,Mobile,+855016337240
Smart-016-337241,Mobile,+855016337241
Smart-016-337242,Mobile,+855016337242
Smart-016-337243,Mobile,+855016337243
Smart-016-337244,Mobile,+855016337244
Smart-016-337245,Mobile,+855016337245
Smart-016-337246,Mobile,+855016337246
Smart-016-337247,Mobile,+855016337247
Smart-016-337248,Mobile,+855016337248
Smart-016-337249,Mobile,+855016337249
Smart-016-337250,Mobile,+855016337250
Smart-016-337251,Mobile,+855016337251
Smart-016-337252,Mobile,+855016337252
Smart-016-337253,Mobile,+855016337253
Smart-016-337254,Mobile,+855016337254
Smart-016-337255,Mobile,+855016337255
Smart-016-337256,Mobile,+855016337256
Smart-016-337257,Mobile,+855016337257
Smart-016-337258,Mobile,+855016337258
Smart-016-337259,Mobile,+855016337259
Smart-016-337260,Mobile,+855016337260
Smart-016-337261,Mobile,+855016337261
Smart-016-337262,Mobile,+855016337262
Smart-016-337263,Mobile,+855016337263
Smart-016-337264,Mobile,+855016337264
Smart-016-337265,Mobile,+855016337265
Smart-016-337266,Mobile,+855016337266
Smart-016-337267,Mobile,+855016337267
Smart-016-337268,Mobile,+855016337268
Smart-016-337269,Mobile,+855016337269
Smart-016-337270,Mobile,+855016337270
Smart-016-337271,Mobile,+855016337271
Smart-016-337272,Mobile,+855016337272
Smart-016-337273,Mobile,+855016337273
Smart-016-337274,Mobile,+855016337274
Smart-016-337275,Mobile,+855016337275
Smart-016-337276,Mobile,+855016337276
Smart-016-337277,Mobile,+855016337277
Smart-016-337278,Mobile,+855016337278
Smart-016-337279,Mobile,+855016337279
Smart-016-337280,Mobile,+855016337280
Smart-016-337281,Mobile,+855016337281
Smart-016-337282,Mobile,+855016337282
Smart-016-337283,Mobile,+855016337283
Smart-016-337284,Mobile,+855016337284
Smart-016-337285,Mobile,+855016337285
Smart-016-337286,Mobile,+855016337286
Smart-016-337287,Mobile,+855016337287
Smart-016-337288,Mobile,+855016337288
Smart-016-337289,Mobile,+855016337289
Smart-016-337290,Mobile,+855016337290
Smart-016-337291,Mobile,+855016337291
Smart-016-337292,Mobile,+855016337292
Smart-016-337293,Mobile,+855016337293
Smart-016-337294,Mobile,+855016337294
Smart-016-337295,Mobile,+855016337295
Smart-016-337296,Mobile,+855016337296
Smart-016-337297,Mobile,+855016337297
Smart-016-337298,Mobile,+855016337298
Smart-016-337299,Mobile,+855016337299
Smart-016-337300,Mobile,+855016337300
Smart-016-337301,Mobile,+855016337301
Smart-016-337302,Mobile,+855016337302
Smart-016-337303,Mobile,+855016337303
Smart-016-337304,Mobile,+855016337304
Smart-016-337305,Mobile,+855016337305
Smart-016-337306,Mobile,+855016337306
Smart-016-337307,Mobile,+855016337307
Smart-016-337308,Mobile,+855016337308
Smart-016-337309,Mobile,+855016337309
Smart-016-337310,Mobile,+855016337310
Smart-016-337311,Mobile,+855016337311
Smart-016-337312,Mobile,+855016337312
Smart-016-337313,Mobile,+855016337313
Smart-016-337314,Mobile,+855016337314
Smart-016-337315,Mobile,+855016337315
Smart-016-337316,Mobile,+855016337316
Smart-016-337317,Mobile,+855016337317
Smart-016-337318,Mobile,+855016337318
Smart-016-337319,Mobile,+855016337319
Smart-016-337320,Mobile,+855016337320
Smart-016-337321,Mobile,+855016337321
Smart-016-337322,Mobile,+855016337322
Smart-016-337323,Mobile,+855016337323
Smart-016-337324,Mobile,+855016337324
Smart-016-337325,Mobile,+855016337325
Smart-016-337326,Mobile,+855016337326
Smart-016-337327,Mobile,+855016337327
Smart-016-337328,Mobile,+855016337328
Smart-016-337329,Mobile,+855016337329
Smart-016-337330,Mobile,+855016337330
Smart-016-337331,Mobile,+855016337331
Smart-016-337332,Mobile,+855016337332
Smart-016-337333,Mobile,+855016337333
Smart-016-337334,Mobile,+855016337334
Smart-016-337335,Mobile,+855016337335
Smart-016-337336,Mobile,+855016337336
Smart-016-337337,Mobile,+855016337337
Smart-016-337338,Mobile,+855016337338
Smart-016-337339,Mobile,+855016337339
Smart-016-337340,Mobile,+855016337340
Smart-016-337341,Mobile,+855016337341
Smart-016-337342,Mobile,+855016337342
Smart-016-337343,Mobile,+855016337343
Smart-016-337344,Mobile,+855016337344
Smart-016-337345,Mobile,+855016337345
Smart-016-337346,Mobile,+855016337346
Smart-016-337347,Mobile,+855016337347
Smart-016-337348,Mobile,+855016337348
Smart-016-337349,Mobile,+855016337349
Smart-016-337350,Mobile,+855016337350
Smart-016-337351,Mobile,+855016337351
Smart-016-337352,Mobile,+855016337352
Smart-016-337353,Mobile,+855016337353
Smart-016-337354,Mobile,+855016337354
Smart-016-337355,Mobile,+855016337355
Smart-016-337356,Mobile,+855016337356
Smart-016-337357,Mobile,+855016337357
Smart-016-337358,Mobile,+855016337358
Smart-016-337359,Mobile,+855016337359
Smart-016-337360,Mobile,+855016337360
Smart-016-337361,Mobile,+855016337361
Smart-016-337362,Mobile,+855016337362
Smart-016-337363,Mobile,+855016337363
Smart-016-337364,Mobile,+855016337364
Smart-016-337365,Mobile,+855016337365
Smart-016-337366,Mobile,+855016337366
Smart-016-337367,Mobile,+855016337367
Smart-016-337368,Mobile,+855016337368
Smart-016-337369,Mobile,+855016337369
Smart-016-337370,Mobile,+855016337370
Smart-016-337371,Mobile,+855016337371
Smart-016-337372,Mobile,+855016337372
Smart-016-337373,Mobile,+855016337373
Smart-016-337374,Mobile,+855016337374
Smart-016-337375,Mobile,+855016337375
Smart-016-337376,Mobile,+855016337376
Smart-016-337377,Mobile,+855016337377
Smart-016-337378,Mobile,+855016337378
Smart-016-337379,Mobile,+855016337379
Smart-016-337380,Mobile,+855016337380
Smart-016-337381,Mobile,+855016337381
Smart-016-337382,Mobile,+855016337382
Smart-016-337383,Mobile,+855016337383
Smart-016-337384,Mobile,+855016337384
Smart-016-337385,Mobile,+855016337385
Smart-016-337386,Mobile,+855016337386
Smart-016-337387,Mobile,+855016337387
Smart-016-337388,Mobile,+855016337388
Smart-016-337389,Mobile,+855016337389
Smart-016-337390,Mobile,+855016337390
Smart-016-337391,Mobile,+855016337391
Smart-016-337392,Mobile,+855016337392
Smart-016-337393,Mobile,+855016337393
Smart-016-337394,Mobile,+855016337394
Smart-016-337395,Mobile,+855016337395
Smart-016-337396,Mobile,+855016337396
Smart-016-337397,Mobile,+855016337397
Smart-016-337398,Mobile,+855016337398
Smart-016-337399,Mobile,+855016337399
Smart-016-337400,Mobile,+855016337400
Smart-016-337401,Mobile,+855016337401
Smart-016-337402,Mobile,+855016337402
Smart-016-337403,Mobile,+855016337403
Smart-016-337404,Mobile,+855016337404
Smart-016-337405,Mobile,+855016337405
Smart-016-337406,Mobile,+855016337406
Smart-016-337407,Mobile,+855016337407
Smart-016-337408,Mobile,+855016337408
Smart-016-337409,Mobile,+855016337409
Smart-016-337410,Mobile,+855016337410
Smart-016-337411,Mobile,+855016337411
Smart-016-337412,Mobile,+855016337412
Smart-016-337413,Mobile,+855016337413
Smart-016-337414,Mobile,+855016337414
Smart-016-337415,Mobile,+855016337415
Smart-016-337416,Mobile,+855016337416
Smart-016-337417,Mobile,+855016337417
Smart-016-337418,Mobile,+855016337418
Smart-016-337419,Mobile,+855016337419
Smart-016-337420,Mobile,+855016337420
Smart-016-337421,Mobile,+855016337421
Smart-016-337422,Mobile,+855016337422
Smart-016-337423,Mobile,+855016337423
Smart-016-337424,Mobile,+855016337424
Smart-016-337425,Mobile,+855016337425
Smart-016-337426,Mobile,+855016337426
Smart-016-337427,Mobile,+855016337427
Smart-016-337428,Mobile,+855016337428
Smart-016-337429,Mobile,+855016337429
Smart-016-337430,Mobile,+855016337430
Smart-016-337431,Mobile,+855016337431
Smart-016-337432,Mobile,+855016337432
Smart-016-337433,Mobile,+855016337433
Smart-016-337434,Mobile,+855016337434
Smart-016-337435,Mobile,+855016337435
Smart-016-337436,Mobile,+855016337436
Smart-016-337437,Mobile,+855016337437
Smart-016-337438,Mobile,+855016337438
Smart-016-337439,Mobile,+855016337439
Smart-016-337440,Mobile,+855016337440
Smart-016-337441,Mobile,+855016337441
Smart-016-337442,Mobile,+855016337442
Smart-016-337443,Mobile,+855016337443
Smart-016-337444,Mobile,+855016337444
Smart-016-337445,Mobile,+855016337445
Smart-016-337446,Mobile,+855016337446
Smart-016-337447,Mobile,+855016337447
Smart-016-337448,Mobile,+855016337448
Smart-016-337449,Mobile,+855016337449
Smart-016-337450,Mobile,+855016337450
Smart-016-337451,Mobile,+855016337451
Smart-016-337452,Mobile,+855016337452
Smart-016-337453,Mobile,+855016337453
Smart-016-337454,Mobile,+855016337454
Smart-016-337455,Mobile,+855016337455
Smart-016-337456,Mobile,+855016337456
Smart-016-337457,Mobile,+855016337457
Smart-016-337458,Mobile,+855016337458
Smart-016-337459,Mobile,+855016337459
Smart-016-337460,Mobile,+855016337460
Smart-016-337461,Mobile,+855016337461
Smart-016-337462,Mobile,+855016337462
Smart-016-337463,Mobile,+855016337463
Smart-016-337464,Mobile,+855016337464
Smart-016-337465,Mobile,+855016337465
Smart-016-337466,Mobile,+855016337466
Smart-016-337467,Mobile,+855016337467
Smart-016-337468,Mobile,+855016337468
Smart-016-337469,Mobile,+855016337469
Smart-016-337470,Mobile,+855016337470
Smart-016-337471,Mobile,+855016337471
Smart-016-337472,Mobile,+855016337472
Smart-016-337473,Mobile,+855016337473
Smart-016-337474,Mobile,+855016337474
Smart-016-337475,Mobile,+855016337475
Smart-016-337476,Mobile,+855016337476
Smart-016-337477,Mobile,+855016337477
Smart-016-337478,Mobile,+855016337478
Smart-016-337479,Mobile,+855016337479
Smart-016-337480,Mobile,+855016337480
Smart-016-337481,Mobile,+855016337481
Smart-016-337482,Mobile,+855016337482
Smart-016-337483,Mobile,+855016337483
Smart-016-337484,Mobile,+855016337484
Smart-016-337485,Mobile,+855016337485
Smart-016-337486,Mobile,+855016337486
Smart-016-337487,Mobile,+855016337487
Smart-016-337488,Mobile,+855016337488
Smart-016-337489,Mobile,+855016337489
Smart-016-337490,Mobile,+855016337490
Smart-016-337491,Mobile,+855016337491
Smart-016-337492,Mobile,+855016337492
Smart-016-337493,Mobile,+855016337493
Smart-016-337494,Mobile,+855016337494
Smart-016-337495,Mobile,+855016337495
Smart-016-337496,Mobile,+855016337496
Smart-016-337497,Mobile,+855016337497
Smart-016-337498,Mobile,+855016337498
Smart-016-337499,Mobile,+855016337499
Smart-016-337500,Mobile,+855016337500
Smart-016-337501,Mobile,+855016337501
Smart-016-337502,Mobile,+855016337502
Smart-016-337503,Mobile,+855016337503
Smart-016-337504,Mobile,+855016337504
Smart-016-337505,Mobile,+855016337505
Smart-016-337506,Mobile,+855016337506
Smart-016-337507,Mobile,+855016337507
Smart-016-337508,Mobile,+855016337508
Smart-016-337509,Mobile,+855016337509
Smart-016-337510,Mobile,+855016337510
Smart-016-337511,Mobile,+855016337511
Smart-016-337512,Mobile,+855016337512
Smart-016-337513,Mobile,+855016337513
Smart-016-337514,Mobile,+855016337514
Smart-016-337515,Mobile,+855016337515
Smart-016-337516,Mobile,+855016337516
Smart-016-337517,Mobile,+855016337517
Smart-016-337518,Mobile,+855016337518
Smart-016-337519,Mobile,+855016337519
Smart-016-337520,Mobile,+855016337520
Smart-016-337521,Mobile,+855016337521
Smart-016-337522,Mobile,+855016337522
Smart-016-337523,Mobile,+855016337523
Smart-016-337524,Mobile,+855016337524
Smart-016-337525,Mobile,+855016337525
Smart-016-337526,Mobile,+855016337526
Smart-016-337527,Mobile,+855016337527
Smart-016-337528,Mobile,+855016337528
Smart-016-337529,Mobile,+855016337529
Smart-016-337530,Mobile,+855016337530
Smart-016-337531,Mobile,+855016337531
Smart-016-337532,Mobile,+855016337532
Smart-016-337533,Mobile,+855016337533
Smart-016-337534,Mobile,+855016337534
Smart-016-337535,Mobile,+855016337535
Smart-016-337536,Mobile,+855016337536
Smart-016-337537,Mobile,+855016337537
Smart-016-337538,Mobile,+855016337538
Smart-016-337539,Mobile,+855016337539
Smart-016-337540,Mobile,+855016337540
Smart-016-337541,Mobile,+855016337541
Smart-016-337542,Mobile,+855016337542
Smart-016-337543,Mobile,+855016337543
Smart-016-337544,Mobile,+855016337544
Smart-016-337545,Mobile,+855016337545
Smart-016-337546,Mobile,+855016337546
Smart-016-337547,Mobile,+855016337547
Smart-016-337548,Mobile,+855016337548
Smart-016-337549,Mobile,+855016337549
Smart-016-337550,Mobile,+855016337550
Smart-016-337551,Mobile,+855016337551
Smart-016-337552,Mobile,+855016337552
Smart-016-337553,Mobile,+855016337553
Smart-016-337554,Mobile,+855016337554
Smart-016-337555,Mobile,+855016337555
Smart-016-337556,Mobile,+855016337556
Smart-016-337557,Mobile,+855016337557
Smart-016-337558,Mobile,+855016337558
Smart-016-337559,Mobile,+855016337559
Smart-016-337560,Mobile,+855016337560
Smart-016-337561,Mobile,+855016337561
Smart-016-337562,Mobile,+855016337562
Smart-016-337563,Mobile,+855016337563
Smart-016-337564,Mobile,+855016337564
Smart-016-337565,Mobile,+855016337565
Smart-016-337566,Mobile,+855016337566
Smart-016-337567,Mobile,+855016337567
Smart-016-337568,Mobile,+855016337568
Smart-016-337569,Mobile,+855016337569
Smart-016-337570,Mobile,+855016337570
Smart-016-337571,Mobile,+855016337571
Smart-016-337572,Mobile,+855016337572
Smart-016-337573,Mobile,+855016337573
Smart-016-337574,Mobile,+855016337574
Smart-016-337575,Mobile,+855016337575
Smart-016-337576,Mobile,+855016337576
Smart-016-337577,Mobile,+855016337577
Smart-016-337578,Mobile,+855016337578
Smart-016-337579,Mobile,+855016337579
Smart-016-337580,Mobile,+855016337580
Smart-016-337581,Mobile,+855016337581
Smart-016-337582,Mobile,+855016337582
Smart-016-337583,Mobile,+855016337583
Smart-016-337584,Mobile,+855016337584
Smart-016-337585,Mobile,+855016337585
Smart-016-337586,Mobile,+855016337586
Smart-016-337587,Mobile,+855016337587
Smart-016-337588,Mobile,+855016337588
Smart-016-337589,Mobile,+855016337589
Smart-016-337590,Mobile,+855016337590
Smart-016-337591,Mobile,+855016337591
Smart-016-337592,Mobile,+855016337592
Smart-016-337593,Mobile,+855016337593
Smart-016-337594,Mobile,+855016337594
Smart-016-337595,Mobile,+855016337595
Smart-016-337596,Mobile,+855016337596
Smart-016-337597,Mobile,+855016337597
Smart-016-337598,Mobile,+855016337598
Smart-016-337599,Mobile,+855016337599
Smart-016-337600,Mobile,+855016337600
Smart-016-337601,Mobile,+855016337601
Smart-016-337602,Mobile,+855016337602
Smart-016-337603,Mobile,+855016337603
Smart-016-337604,Mobile,+855016337604
Smart-016-337605,Mobile,+855016337605
Smart-016-337606,Mobile,+855016337606
Smart-016-337607,Mobile,+855016337607
Smart-016-337608,Mobile,+855016337608
Smart-016-337609,Mobile,+855016337609
Smart-016-337610,Mobile,+855016337610
Smart-016-337611,Mobile,+855016337611
Smart-016-337612,Mobile,+855016337612
Smart-016-337613,Mobile,+855016337613
Smart-016-337614,Mobile,+855016337614
Smart-016-337615,Mobile,+855016337615
Smart-016-337616,Mobile,+855016337616
Smart-016-337617,Mobile,+855016337617
Smart-016-337618,Mobile,+855016337618
Smart-016-337619,Mobile,+855016337619
Smart-016-337620,Mobile,+855016337620
Smart-016-337621,Mobile,+855016337621
Smart-016-337622,Mobile,+855016337622
Smart-016-337623,Mobile,+855016337623
Smart-016-337624,Mobile,+855016337624
Smart-016-337625,Mobile,+855016337625
Smart-016-337626,Mobile,+855016337626
Smart-016-337627,Mobile,+855016337627
Smart-016-337628,Mobile,+855016337628
Smart-016-337629,Mobile,+855016337629
Smart-016-337630,Mobile,+855016337630
Smart-016-337631,Mobile,+855016337631
Smart-016-337632,Mobile,+855016337632
Smart-016-337633,Mobile,+855016337633
Smart-016-337634,Mobile,+855016337634
Smart-016-337635,Mobile,+855016337635
Smart-016-337636,Mobile,+855016337636
Smart-016-337637,Mobile,+855016337637
Smart-016-337638,Mobile,+855016337638
Smart-016-337639,Mobile,+855016337639
Smart-016-337640,Mobile,+855016337640
Smart-016-337641,Mobile,+855016337641
Smart-016-337642,Mobile,+855016337642
Smart-016-337643,Mobile,+855016337643
Smart-016-337644,Mobile,+855016337644
Smart-016-337645,Mobile,+855016337645
Smart-016-337646,Mobile,+855016337646
Smart-016-337647,Mobile,+855016337647
Smart-016-337648,Mobile,+855016337648
Smart-016-337649,Mobile,+855016337649
Smart-016-337650,Mobile,+855016337650
Smart-016-337651,Mobile,+855016337651
Smart-016-337652,Mobile,+855016337652
Smart-016-337653,Mobile,+855016337653
Smart-016-337654,Mobile,+855016337654
Smart-016-337655,Mobile,+855016337655
Smart-016-337656,Mobile,+855016337656
Smart-016-337657,Mobile,+855016337657
Smart-016-337658,Mobile,+855016337658
Smart-016-337659,Mobile,+855016337659
Smart-016-337660,Mobile,+855016337660
Smart-016-337661,Mobile,+855016337661
Smart-016-337662,Mobile,+855016337662
Smart-016-337663,Mobile,+855016337663
Smart-016-337664,Mobile,+855016337664
Smart-016-337665,Mobile,+855016337665
Smart-016-337666,Mobile,+855016337666
Smart-016-337667,Mobile,+855016337667
Smart-016-337668,Mobile,+855016337668
Smart-016-337669,Mobile,+855016337669
Smart-016-337670,Mobile,+855016337670
Smart-016-337671,Mobile,+855016337671
Smart-016-337672,Mobile,+855016337672
Smart-016-337673,Mobile,+855016337673
Smart-016-337674,Mobile,+855016337674
Smart-016-337675,Mobile,+855016337675
Smart-016-337676,Mobile,+855016337676
Smart-016-337677,Mobile,+855016337677
Smart-016-337678,Mobile,+855016337678
Smart-016-337679,Mobile,+855016337679
Smart-016-337680,Mobile,+855016337680
Smart-016-337681,Mobile,+855016337681
Smart-016-337682,Mobile,+855016337682
Smart-016-337683,Mobile,+855016337683
Smart-016-337684,Mobile,+855016337684
Smart-016-337685,Mobile,+855016337685
Smart-016-337686,Mobile,+855016337686
Smart-016-337687,Mobile,+855016337687
Smart-016-337688,Mobile,+855016337688
Smart-016-337689,Mobile,+855016337689
Smart-016-337690,Mobile,+855016337690
Smart-016-337691,Mobile,+855016337691
Smart-016-337692,Mobile,+855016337692
Smart-016-337693,Mobile,+855016337693
Smart-016-337694,Mobile,+855016337694
Smart-016-337695,Mobile,+855016337695
Smart-016-337696,Mobile,+855016337696
Smart-016-337697,Mobile,+855016337697
Smart-016-337698,Mobile,+855016337698
Smart-016-337699,Mobile,+855016337699
Smart-016-337700,Mobile,+855016337700
Smart-016-337701,Mobile,+855016337701
Smart-016-337702,Mobile,+855016337702
Smart-016-337703,Mobile,+855016337703
Smart-016-337704,Mobile,+855016337704
Smart-016-337705,Mobile,+855016337705
Smart-016-337706,Mobile,+855016337706
Smart-016-337707,Mobile,+855016337707
Smart-016-337708,Mobile,+855016337708
Smart-016-337709,Mobile,+855016337709
Smart-016-337710,Mobile,+855016337710
Smart-016-337711,Mobile,+855016337711
Smart-016-337712,Mobile,+855016337712
Smart-016-337713,Mobile,+855016337713
Smart-016-337714,Mobile,+855016337714
Smart-016-337715,Mobile,+855016337715
Smart-016-337716,Mobile,+855016337716
Smart-016-337717,Mobile,+855016337717
Smart-016-337718,Mobile,+855016337718
Smart-016-337719,Mobile,+855016337719
Smart-016-337720,Mobile,+855016337720
Smart-016-337721,Mobile,+855016337721
Smart-016-337722,Mobile,+855016337722
Smart-016-337723,Mobile,+855016337723
Smart-016-337724,Mobile,+855016337724
Smart-016-337725,Mobile,+855016337725
Smart-016-337726,Mobile,+855016337726
Smart-016-337727,Mobile,+855016337727
Smart-016-337728,Mobile,+855016337728
Smart-016-337729,Mobile,+855016337729
Smart-016-337730,Mobile,+855016337730
Smart-016-337731,Mobile,+855016337731
Smart-016-337732,Mobile,+855016337732
Smart-016-337733,Mobile,+855016337733
Smart-016-337734,Mobile,+855016337734
Smart-016-337735,Mobile,+855016337735
Smart-016-337736,Mobile,+855016337736
Smart-016-337737,Mobile,+855016337737
Smart-016-337738,Mobile,+855016337738
Smart-016-337739,Mobile,+855016337739
Smart-016-337740,Mobile,+855016337740
Smart-016-337741,Mobile,+855016337741
Smart-016-337742,Mobile,+855016337742
Smart-016-337743,Mobile,+855016337743
Smart-016-337744,Mobile,+855016337744
Smart-016-337745,Mobile,+855016337745
Smart-016-337746,Mobile,+855016337746
Smart-016-337747,Mobile,+855016337747
Smart-016-337748,Mobile,+855016337748
Smart-016-337749,Mobile,+855016337749
Smart-016-337750,Mobile,+855016337750
Smart-016-337751,Mobile,+855016337751
Smart-016-337752,Mobile,+855016337752
Smart-016-337753,Mobile,+855016337753
Smart-016-337754,Mobile,+855016337754
Smart-016-337755,Mobile,+855016337755
Smart-016-337756,Mobile,+855016337756
Smart-016-337757,Mobile,+855016337757
Smart-016-337758,Mobile,+855016337758
Smart-016-337759,Mobile,+855016337759
Smart-016-337760,Mobile,+855016337760
Smart-016-337761,Mobile,+855016337761
Smart-016-337762,Mobile,+855016337762
Smart-016-337763,Mobile,+855016337763
Smart-016-337764,Mobile,+855016337764
Smart-016-337765,Mobile,+855016337765
Smart-016-337766,Mobile,+855016337766
Smart-016-337767,Mobile,+855016337767
Smart-016-337768,Mobile,+855016337768
Smart-016-337769,Mobile,+855016337769
Smart-016-337770,Mobile,+855016337770
Smart-016-337771,Mobile,+855016337771
Smart-016-337772,Mobile,+855016337772
Smart-016-337773,Mobile,+855016337773
Smart-016-337774,Mobile,+855016337774
Smart-016-337775,Mobile,+855016337775
Smart-016-337776,Mobile,+855016337776
Smart-016-337777,Mobile,+855016337777
Smart-016-337778,Mobile,+855016337778
Smart-016-337779,Mobile,+855016337779
Smart-016-337780,Mobile,+855016337780
Smart-016-337781,Mobile,+855016337781
Smart-016-337782,Mobile,+855016337782
Smart-016-337783,Mobile,+855016337783
Smart-016-337784,Mobile,+855016337784
Smart-016-337785,Mobile,+855016337785
Smart-016-337786,Mobile,+855016337786
Smart-016-337787,Mobile,+855016337787
Smart-016-337788,Mobile,+855016337788
Smart-016-337789,Mobile,+855016337789
Smart-016-337790,Mobile,+855016337790
Smart-016-337791,Mobile,+855016337791
Smart-016-337792,Mobile,+855016337792
Smart-016-337793,Mobile,+855016337793
Smart-016-337794,Mobile,+855016337794
Smart-016-337795,Mobile,+855016337795
Smart-016-337796,Mobile,+855016337796
Smart-016-337797,Mobile,+855016337797
Smart-016-337798,Mobile,+855016337798
Smart-016-337799,Mobile,+855016337799
Smart-016-337800,Mobile,+855016337800
Smart-016-337801,Mobile,+855016337801
Smart-016-337802,Mobile,+855016337802
Smart-016-337803,Mobile,+855016337803
Smart-016-337804,Mobile,+855016337804
Smart-016-337805,Mobile,+855016337805
Smart-016-337806,Mobile,+855016337806
Smart-016-337807,Mobile,+855016337807
Smart-016-337808,Mobile,+855016337808
Smart-016-337809,Mobile,+855016337809
Smart-016-337810,Mobile,+855016337810
Smart-016-337811,Mobile,+855016337811
Smart-016-337812,Mobile,+855016337812
Smart-016-337813,Mobile,+855016337813
Smart-016-337814,Mobile,+855016337814
Smart-016-337815,Mobile,+855016337815
Smart-016-337816,Mobile,+855016337816
Smart-016-337817,Mobile,+855016337817
Smart-016-337818,Mobile,+855016337818
Smart-016-337819,Mobile,+855016337819
Smart-016-337820,Mobile,+855016337820
Smart-016-337821,Mobile,+855016337821
Smart-016-337822,Mobile,+855016337822
Smart-016-337823,Mobile,+855016337823
Smart-016-337824,Mobile,+855016337824
Smart-016-337825,Mobile,+855016337825
Smart-016-337826,Mobile,+855016337826
Smart-016-337827,Mobile,+855016337827
Smart-016-337828,Mobile,+855016337828
Smart-016-337829,Mobile,+855016337829
Smart-016-337830,Mobile,+855016337830
Smart-016-337831,Mobile,+855016337831
Smart-016-337832,Mobile,+855016337832
Smart-016-337833,Mobile,+855016337833
Smart-016-337834,Mobile,+855016337834
Smart-016-337835,Mobile,+855016337835
Smart-016-337836,Mobile,+855016337836
Smart-016-337837,Mobile,+855016337837
Smart-016-337838,Mobile,+855016337838
Smart-016-337839,Mobile,+855016337839
Smart-016-337840,Mobile,+855016337840
Smart-016-337841,Mobile,+855016337841
Smart-016-337842,Mobile,+855016337842
Smart-016-337843,Mobile,+855016337843
Smart-016-337844,Mobile,+855016337844
Smart-016-337845,Mobile,+855016337845
Smart-016-337846,Mobile,+855016337846
Smart-016-337847,Mobile,+855016337847
Smart-016-337848,Mobile,+855016337848
Smart-016-337849,Mobile,+855016337849
Smart-016-337850,Mobile,+855016337850
Smart-016-337851,Mobile,+855016337851
Smart-016-337852,Mobile,+855016337852
Smart-016-337853,Mobile,+855016337853
Smart-016-337854,Mobile,+855016337854
Smart-016-337855,Mobile,+855016337855
Smart-016-337856,Mobile,+855016337856
Smart-016-337857,Mobile,+855016337857
Smart-016-337858,Mobile,+855016337858
Smart-016-337859,Mobile,+855016337859
Smart-016-337860,Mobile,+855016337860
Smart-016-337861,Mobile,+855016337861
Smart-016-337862,Mobile,+855016337862
Smart-016-337863,Mobile,+855016337863
Smart-016-337864,Mobile,+855016337864
Smart-016-337865,Mobile,+855016337865
Smart-016-337866,Mobile,+855016337866
Smart-016-337867,Mobile,+855016337867
Smart-016-337868,Mobile,+855016337868
Smart-016-337869,Mobile,+855016337869
Smart-016-337870,Mobile,+855016337870
Smart-016-337871,Mobile,+855016337871
Smart-016-337872,Mobile,+855016337872
Smart-016-337873,Mobile,+855016337873
Smart-016-337874,Mobile,+855016337874
Smart-016-337875,Mobile,+855016337875
Smart-016-337876,Mobile,+855016337876
Smart-016-337877,Mobile,+855016337877
Smart-016-337878,Mobile,+855016337878
Smart-016-337879,Mobile,+855016337879
Smart-016-337880,Mobile,+855016337880
Smart-016-337881,Mobile,+855016337881
Smart-016-337882,Mobile,+855016337882
Smart-016-337883,Mobile,+855016337883
Smart-016-337884,Mobile,+855016337884
Smart-016-337885,Mobile,+855016337885
Smart-016-337886,Mobile,+855016337886
Smart-016-337887,Mobile,+855016337887
Smart-016-337888,Mobile,+855016337888
Smart-016-337889,Mobile,+855016337889
Smart-016-337890,Mobile,+855016337890
Smart-016-337891,Mobile,+855016337891
Smart-016-337892,Mobile,+855016337892
Smart-016-337893,Mobile,+855016337893
Smart-016-337894,Mobile,+855016337894
Smart-016-337895,Mobile,+855016337895
Smart-016-337896,Mobile,+855016337896
Smart-016-337897,Mobile,+855016337897
Smart-016-337898,Mobile,+855016337898
Smart-016-337899,Mobile,+855016337899
Smart-016-337900,Mobile,+855016337900
Smart-016-337901,Mobile,+855016337901
Smart-016-337902,Mobile,+855016337902
Smart-016-337903,Mobile,+855016337903
Smart-016-337904,Mobile,+855016337904
Smart-016-337905,Mobile,+855016337905
Smart-016-337906,Mobile,+855016337906
Smart-016-337907,Mobile,+855016337907
Smart-016-337908,Mobile,+855016337908
Smart-016-337909,Mobile,+855016337909
Smart-016-337910,Mobile,+855016337910
Smart-016-337911,Mobile,+855016337911
Smart-016-337912,Mobile,+855016337912
Smart-016-337913,Mobile,+855016337913
Smart-016-337914,Mobile,+855016337914
Smart-016-337915,Mobile,+855016337915
Smart-016-337916,Mobile,+855016337916
Smart-016-337917,Mobile,+855016337917
Smart-016-337918,Mobile,+855016337918
Smart-016-337919,Mobile,+855016337919
Smart-016-337920,Mobile,+855016337920
Smart-016-337921,Mobile,+855016337921
Smart-016-337922,Mobile,+855016337922
Smart-016-337923,Mobile,+855016337923
Smart-016-337924,Mobile,+855016337924
Smart-016-337925,Mobile,+855016337925
Smart-016-337926,Mobile,+855016337926
Smart-016-337927,Mobile,+855016337927
Smart-016-337928,Mobile,+855016337928
Smart-016-337929,Mobile,+855016337929
Smart-016-337930,Mobile,+855016337930
Smart-016-337931,Mobile,+855016337931
Smart-016-337932,Mobile,+855016337932
Smart-016-337933,Mobile,+855016337933
Smart-016-337934,Mobile,+855016337934
Smart-016-337935,Mobile,+855016337935
Smart-016-337936,Mobile,+855016337936
Smart-016-337937,Mobile,+855016337937
Smart-016-337938,Mobile,+855016337938
Smart-016-337939,Mobile,+855016337939
Smart-016-337940,Mobile,+855016337940
Smart-016-337941,Mobile,+855016337941
Smart-016-337942,Mobile,+855016337942
Smart-016-337943,Mobile,+855016337943
Smart-016-337944,Mobile,+855016337944
Smart-016-337945,Mobile,+855016337945
Smart-016-337946,Mobile,+855016337946
Smart-016-337947,Mobile,+855016337947
Smart-016-337948,Mobile,+855016337948
Smart-016-337949,Mobile,+855016337949
Smart-016-337950,Mobile,+855016337950
Smart-016-337951,Mobile,+855016337951
Smart-016-337952,Mobile,+855016337952
Smart-016-337953,Mobile,+855016337953
Smart-016-337954,Mobile,+855016337954
Smart-016-337955,Mobile,+855016337955
Smart-016-337956,Mobile,+855016337956
Smart-016-337957,Mobile,+855016337957
Smart-016-337958,Mobile,+855016337958
Smart-016-337959,Mobile,+855016337959
Smart-016-337960,Mobile,+855016337960
Smart-016-337961,Mobile,+855016337961
Smart-016-337962,Mobile,+855016337962
Smart-016-337963,Mobile,+855016337963
Smart-016-337964,Mobile,+855016337964
Smart-016-337965,Mobile,+855016337965
Smart-016-337966,Mobile,+855016337966
Smart-016-337967,Mobile,+855016337967
Smart-016-337968,Mobile,+855016337968
Smart-016-337969,Mobile,+855016337969
Smart-016-337970,Mobile,+855016337970
Smart-016-337971,Mobile,+855016337971
Smart-016-337972,Mobile,+855016337972
Smart-016-337973,Mobile,+855016337973
Smart-016-337974,Mobile,+855016337974
Smart-016-337975,Mobile,+855016337975
Smart-016-337976,Mobile,+855016337976
Smart-016-337977,Mobile,+855016337977
Smart-016-337978,Mobile,+855016337978
Smart-016-337979,Mobile,+855016337979
Smart-016-337980,Mobile,+855016337980
Smart-016-337981,Mobile,+855016337981
Smart-016-337982,Mobile,+855016337982
Smart-016-337983,Mobile,+855016337983
Smart-016-337984,Mobile,+855016337984
Smart-016-337985,Mobile,+855016337985
Smart-016-337986,Mobile,+855016337986
Smart-016-337987,Mobile,+855016337987
Smart-016-337988,Mobile,+855016337988
Smart-016-337989,Mobile,+855016337989
Smart-016-337990,Mobile,+855016337990
Smart-016-337991,Mobile,+855016337991
Smart-016-337992,Mobile,+855016337992
Smart-016-337993,Mobile,+855016337993
Smart-016-337994,Mobile,+855016337994
Smart-016-337995,Mobile,+855016337995
Smart-016-337996,Mobile,+855016337996
Smart-016-337997,Mobile,+855016337997
Smart-016-337998,Mobile,+855016337998
Smart-016-337999,Mobile,+855016337999
Smart-016-338000,Mobile,+855016338000
Smart-016-338001,Mobile,+855016338001
Smart-016-338002,Mobile,+855016338002
Smart-016-338003,Mobile,+855016338003
Smart-016-338004,Mobile,+855016338004
Smart-016-338005,Mobile,+855016338005
Smart-016-338006,Mobile,+855016338006
Smart-016-338007,Mobile,+855016338007
Smart-016-338008,Mobile,+855016338008
Smart-016-338009,Mobile,+855016338009
Smart-016-338010,Mobile,+855016338010
Smart-016-338011,Mobile,+855016338011
Smart-016-338012,Mobile,+855016338012
Smart-016-338013,Mobile,+855016338013
Smart-016-338014,Mobile,+855016338014
Smart-016-338015,Mobile,+855016338015
Smart-016-338016,Mobile,+855016338016
Smart-016-338017,Mobile,+855016338017
Smart-016-338018,Mobile,+855016338018
Smart-016-338019,Mobile,+855016338019
Smart-016-338020,Mobile,+855016338020
Smart-016-338021,Mobile,+855016338021
Smart-016-338022,Mobile,+855016338022
Smart-016-338023,Mobile,+855016338023
Smart-016-338024,Mobile,+855016338024
Smart-016-338025,Mobile,+855016338025
Smart-016-338026,Mobile,+855016338026
Smart-016-338027,Mobile,+855016338027
Smart-016-338028,Mobile,+855016338028
Smart-016-338029,Mobile,+855016338029
Smart-016-338030,Mobile,+855016338030
Smart-016-338031,Mobile,+855016338031
Smart-016-338032,Mobile,+855016338032
Smart-016-338033,Mobile,+855016338033
Smart-016-338034,Mobile,+855016338034
Smart-016-338035,Mobile,+855016338035
Smart-016-338036,Mobile,+855016338036
Smart-016-338037,Mobile,+855016338037
Smart-016-338038,Mobile,+855016338038
Smart-016-338039,Mobile,+855016338039
Smart-016-338040,Mobile,+855016338040
Smart-016-338041,Mobile,+855016338041
Smart-016-338042,Mobile,+855016338042
Smart-016-338043,Mobile,+855016338043
Smart-016-338044,Mobile,+855016338044
Smart-016-338045,Mobile,+855016338045
Smart-016-338046,Mobile,+855016338046
Smart-016-338047,Mobile,+855016338047
Smart-016-338048,Mobile,+855016338048
Smart-016-338049,Mobile,+855016338049
Smart-016-338050,Mobile,+855016338050
Smart-016-338051,Mobile,+855016338051
Smart-016-338052,Mobile,+855016338052
Smart-016-338053,Mobile,+855016338053
Smart-016-338054,Mobile,+855016338054
Smart-016-338055,Mobile,+855016338055
Smart-016-338056,Mobile,+855016338056
Smart-016-338057,Mobile,+855016338057
Smart-016-338058,Mobile,+855016338058
Smart-016-338059,Mobile,+855016338059
Smart-016-338060,Mobile,+855016338060
Smart-016-338061,Mobile,+855016338061
Smart-016-338062,Mobile,+855016338062
Smart-016-338063,Mobile,+855016338063
Smart-016-338064,Mobile,+855016338064
Smart-016-338065,Mobile,+855016338065
Smart-016-338066,Mobile,+855016338066
Smart-016-338067,Mobile,+855016338067
Smart-016-338068,Mobile,+855016338068
Smart-016-338069,Mobile,+855016338069
Smart-016-338070,Mobile,+855016338070
Smart-016-338071,Mobile,+855016338071
Smart-016-338072,Mobile,+855016338072
Smart-016-338073,Mobile,+855016338073
Smart-016-338074,Mobile,+855016338074
Smart-016-338075,Mobile,+855016338075
Smart-016-338076,Mobile,+855016338076
Smart-016-338077,Mobile,+855016338077
Smart-016-338078,Mobile,+855016338078
Smart-016-338079,Mobile,+855016338079
Smart-016-338080,Mobile,+855016338080
Smart-016-338081,Mobile,+855016338081
Smart-016-338082,Mobile,+855016338082
Smart-016-338083,Mobile,+855016338083
Smart-016-338084,Mobile,+855016338084
Smart-016-338085,Mobile,+855016338085
Smart-016-338086,Mobile,+855016338086
Smart-016-338087,Mobile,+855016338087
Smart-016-338088,Mobile,+855016338088
Smart-016-338089,Mobile,+855016338089
Smart-016-338090,Mobile,+855016338090
Smart-016-338091,Mobile,+855016338091
Smart-016-338092,Mobile,+855016338092
Smart-016-338093,Mobile,+855016338093
Smart-016-338094,Mobile,+855016338094
Smart-016-338095,Mobile,+855016338095
Smart-016-338096,Mobile,+855016338096
Smart-016-338097,Mobile,+855016338097
Smart-016-338098,Mobile,+855016338098
Smart-016-338099,Mobile,+855016338099
Smart-016-338100,Mobile,+855016338100
Smart-016-338101,Mobile,+855016338101
Smart-016-338102,Mobile,+855016338102
Smart-016-338103,Mobile,+855016338103
Smart-016-338104,Mobile,+855016338104
Smart-016-338105,Mobile,+855016338105
Smart-016-338106,Mobile,+855016338106
Smart-016-338107,Mobile,+855016338107
Smart-016-338108,Mobile,+855016338108
Smart-016-338109,Mobile,+855016338109
Smart-016-338110,Mobile,+855016338110
Smart-016-338111,Mobile,+855016338111
Smart-016-338112,Mobile,+855016338112
Smart-016-338113,Mobile,+855016338113
Smart-016-338114,Mobile,+855016338114
Smart-016-338115,Mobile,+855016338115
Smart-016-338116,Mobile,+855016338116
Smart-016-338117,Mobile,+855016338117
Smart-016-338118,Mobile,+855016338118
Smart-016-338119,Mobile,+855016338119
Smart-016-338120,Mobile,+855016338120
Smart-016-338121,Mobile,+855016338121
Smart-016-338122,Mobile,+855016338122
Smart-016-338123,Mobile,+855016338123
Smart-016-338124,Mobile,+855016338124
Smart-016-338125,Mobile,+855016338125
Smart-016-338126,Mobile,+855016338126
Smart-016-338127,Mobile,+855016338127
Smart-016-338128,Mobile,+855016338128
Smart-016-338129,Mobile,+855016338129
Smart-016-338130,Mobile,+855016338130
Smart-016-338131,Mobile,+855016338131
Smart-016-338132,Mobile,+855016338132
Smart-016-338133,Mobile,+855016338133
Smart-016-338134,Mobile,+855016338134
Smart-016-338135,Mobile,+855016338135
Smart-016-338136,Mobile,+855016338136
Smart-016-338137,Mobile,+855016338137
Smart-016-338138,Mobile,+855016338138
Smart-016-338139,Mobile,+855016338139
Smart-016-338140,Mobile,+855016338140
Smart-016-338141,Mobile,+855016338141
Smart-016-338142,Mobile,+855016338142
Smart-016-338143,Mobile,+855016338143
Smart-016-338144,Mobile,+855016338144
Smart-016-338145,Mobile,+855016338145
Smart-016-338146,Mobile,+855016338146
Smart-016-338147,Mobile,+855016338147
Smart-016-338148,Mobile,+855016338148
Smart-016-338149,Mobile,+855016338149
Smart-016-338150,Mobile,+855016338150
Smart-016-338151,Mobile,+855016338151
Smart-016-338152,Mobile,+855016338152
Smart-016-338153,Mobile,+855016338153
Smart-016-338154,Mobile,+855016338154
Smart-016-338155,Mobile,+855016338155
Smart-016-338156,Mobile,+855016338156
Smart-016-338157,Mobile,+855016338157
Smart-016-338158,Mobile,+855016338158
Smart-016-338159,Mobile,+855016338159
Smart-016-338160,Mobile,+855016338160
Smart-016-338161,Mobile,+855016338161
Smart-016-338162,Mobile,+855016338162
Smart-016-338163,Mobile,+855016338163
Smart-016-338164,Mobile,+855016338164
Smart-016-338165,Mobile,+855016338165
Smart-016-338166,Mobile,+855016338166
Smart-016-338167,Mobile,+855016338167
Smart-016-338168,Mobile,+855016338168
Smart-016-338169,Mobile,+855016338169
Smart-016-338170,Mobile,+855016338170
Smart-016-338171,Mobile,+855016338171
Smart-016-338172,Mobile,+855016338172
Smart-016-338173,Mobile,+855016338173
Smart-016-338174,Mobile,+855016338174
Smart-016-338175,Mobile,+855016338175
Smart-016-338176,Mobile,+855016338176
Smart-016-338177,Mobile,+855016338177
Smart-016-338178,Mobile,+855016338178
Smart-016-338179,Mobile,+855016338179
Smart-016-338180,Mobile,+855016338180
Smart-016-338181,Mobile,+855016338181
Smart-016-338182,Mobile,+855016338182
Smart-016-338183,Mobile,+855016338183
Smart-016-338184,Mobile,+855016338184
Smart-016-338185,Mobile,+855016338185
Smart-016-338186,Mobile,+855016338186
Smart-016-338187,Mobile,+855016338187
Smart-016-338188,Mobile,+855016338188
Smart-016-338189,Mobile,+855016338189
Smart-016-338190,Mobile,+855016338190
Smart-016-338191,Mobile,+855016338191
Smart-016-338192,Mobile,+855016338192
Smart-016-338193,Mobile,+855016338193
Smart-016-338194,Mobile,+855016338194
Smart-016-338195,Mobile,+855016338195
Smart-016-338196,Mobile,+855016338196
Smart-016-338197,Mobile,+855016338197
Smart-016-338198,Mobile,+855016338198
Smart-016-338199,Mobile,+855016338199
Smart-016-338200,Mobile,+855016338200
Smart-016-338201,Mobile,+855016338201
Smart-016-338202,Mobile,+855016338202
Smart-016-338203,Mobile,+855016338203
Smart-016-338204,Mobile,+855016338204
Smart-016-338205,Mobile,+855016338205
Smart-016-338206,Mobile,+855016338206
Smart-016-338207,Mobile,+855016338207
Smart-016-338208,Mobile,+855016338208
Smart-016-338209,Mobile,+855016338209
Smart-016-338210,Mobile,+855016338210
Smart-016-338211,Mobile,+855016338211
Smart-016-338212,Mobile,+855016338212
Smart-016-338213,Mobile,+855016338213
Smart-016-338214,Mobile,+855016338214
Smart-016-338215,Mobile,+855016338215
Smart-016-338216,Mobile,+855016338216
Smart-016-338217,Mobile,+855016338217
Smart-016-338218,Mobile,+855016338218
Smart-016-338219,Mobile,+855016338219
Smart-016-338220,Mobile,+855016338220
Smart-016-338221,Mobile,+855016338221
Smart-016-338222,Mobile,+855016338222
Smart-016-338223,Mobile,+855016338223
Smart-016-338224,Mobile,+855016338224
Smart-016-338225,Mobile,+855016338225
Smart-016-338226,Mobile,+855016338226
Smart-016-338227,Mobile,+855016338227
Smart-016-338228,Mobile,+855016338228
Smart-016-338229,Mobile,+855016338229
Smart-016-338230,Mobile,+855016338230
Smart-016-338231,Mobile,+855016338231
Smart-016-338232,Mobile,+855016338232
Smart-016-338233,Mobile,+855016338233
Smart-016-338234,Mobile,+855016338234
Smart-016-338235,Mobile,+855016338235
Smart-016-338236,Mobile,+855016338236
Smart-016-338237,Mobile,+855016338237
Smart-016-338238,Mobile,+855016338238
Smart-016-338239,Mobile,+855016338239
Smart-016-338240,Mobile,+855016338240
Smart-016-338241,Mobile,+855016338241
Smart-016-338242,Mobile,+855016338242
Smart-016-338243,Mobile,+855016338243
Smart-016-338244,Mobile,+855016338244
Smart-016-338245,Mobile,+855016338245
Smart-016-338246,Mobile,+855016338246
Smart-016-338247,Mobile,+855016338247
Smart-016-338248,Mobile,+855016338248
Smart-016-338249,Mobile,+855016338249
Smart-016-338250,Mobile,+855016338250
Smart-016-338251,Mobile,+855016338251
Smart-016-338252,Mobile,+855016338252
Smart-016-338253,Mobile,+855016338253
Smart-016-338254,Mobile,+855016338254
Smart-016-338255,Mobile,+855016338255
Smart-016-338256,Mobile,+855016338256
Smart-016-338257,Mobile,+855016338257
Smart-016-338258,Mobile,+855016338258
Smart-016-338259,Mobile,+855016338259
Smart-016-338260,Mobile,+855016338260
Smart-016-338261,Mobile,+855016338261
Smart-016-338262,Mobile,+855016338262
Smart-016-338263,Mobile,+855016338263
Smart-016-338264,Mobile,+855016338264
Smart-016-338265,Mobile,+855016338265
Smart-016-338266,Mobile,+855016338266
Smart-016-338267,Mobile,+855016338267
Smart-016-338268,Mobile,+855016338268
Smart-016-338269,Mobile,+855016338269
Smart-016-338270,Mobile,+855016338270
Smart-016-338271,Mobile,+855016338271
Smart-016-338272,Mobile,+855016338272
Smart-016-338273,Mobile,+855016338273
Smart-016-338274,Mobile,+855016338274
Smart-016-338275,Mobile,+855016338275
Smart-016-338276,Mobile,+855016338276
Smart-016-338277,Mobile,+855016338277
Smart-016-338278,Mobile,+855016338278
Smart-016-338279,Mobile,+855016338279
Smart-016-338280,Mobile,+855016338280
Smart-016-338281,Mobile,+855016338281
Smart-016-338282,Mobile,+855016338282
Smart-016-338283,Mobile,+855016338283
Smart-016-338284,Mobile,+855016338284
Smart-016-338285,Mobile,+855016338285
Smart-016-338286,Mobile,+855016338286
Smart-016-338287,Mobile,+855016338287
Smart-016-338288,Mobile,+855016338288
Smart-016-338289,Mobile,+855016338289
Smart-016-338290,Mobile,+855016338290
Smart-016-338291,Mobile,+855016338291
Smart-016-338292,Mobile,+855016338292
Smart-016-338293,Mobile,+855016338293
Smart-016-338294,Mobile,+855016338294
Smart-016-338295,Mobile,+855016338295
Smart-016-338296,Mobile,+855016338296
Smart-016-338297,Mobile,+855016338297
Smart-016-338298,Mobile,+855016338298
Smart-016-338299,Mobile,+855016338299
Smart-016-338300,Mobile,+855016338300
Smart-016-338301,Mobile,+855016338301
Smart-016-338302,Mobile,+855016338302
Smart-016-338303,Mobile,+855016338303
Smart-016-338304,Mobile,+855016338304
Smart-016-338305,Mobile,+855016338305
Smart-016-338306,Mobile,+855016338306
Smart-016-338307,Mobile,+855016338307
Smart-016-338308,Mobile,+855016338308
Smart-016-338309,Mobile,+855016338309
Smart-016-338310,Mobile,+855016338310
Smart-016-338311,Mobile,+855016338311
Smart-016-338312,Mobile,+855016338312
Smart-016-338313,Mobile,+855016338313
Smart-016-338314,Mobile,+855016338314
Smart-016-338315,Mobile,+855016338315
Smart-016-338316,Mobile,+855016338316
Smart-016-338317,Mobile,+855016338317
Smart-016-338318,Mobile,+855016338318
Smart-016-338319,Mobile,+855016338319
Smart-016-338320,Mobile,+855016338320
Smart-016-338321,Mobile,+855016338321
Smart-016-338322,Mobile,+855016338322
Smart-016-338323,Mobile,+855016338323
Smart-016-338324,Mobile,+855016338324
Smart-016-338325,Mobile,+855016338325
Smart-016-338326,Mobile,+855016338326
Smart-016-338327,Mobile,+855016338327
Smart-016-338328,Mobile,+855016338328
Smart-016-338329,Mobile,+855016338329
Smart-016-338330,Mobile,+855016338330
Smart-016-338331,Mobile,+855016338331
Smart-016-338332,Mobile,+855016338332
Smart-016-338333,Mobile,+855016338333
Smart-016-338334,Mobile,+855016338334
Smart-016-338335,Mobile,+855016338335
Smart-016-338336,Mobile,+855016338336
Smart-016-338337,Mobile,+855016338337
Smart-016-338338,Mobile,+855016338338
Smart-016-338339,Mobile,+855016338339
Smart-016-338340,Mobile,+855016338340
Smart-016-338341,Mobile,+855016338341
Smart-016-338342,Mobile,+855016338342
Smart-016-338343,Mobile,+855016338343
Smart-016-338344,Mobile,+855016338344
Smart-016-338345,Mobile,+855016338345
Smart-016-338346,Mobile,+855016338346
Smart-016-338347,Mobile,+855016338347
Smart-016-338348,Mobile,+855016338348
Smart-016-338349,Mobile,+855016338349
Smart-016-338350,Mobile,+855016338350
Smart-016-338351,Mobile,+855016338351
Smart-016-338352,Mobile,+855016338352
Smart-016-338353,Mobile,+855016338353
Smart-016-338354,Mobile,+855016338354
Smart-016-338355,Mobile,+855016338355
Smart-016-338356,Mobile,+855016338356
Smart-016-338357,Mobile,+855016338357
Smart-016-338358,Mobile,+855016338358
Smart-016-338359,Mobile,+855016338359
Smart-016-338360,Mobile,+855016338360
Smart-016-338361,Mobile,+855016338361
Smart-016-338362,Mobile,+855016338362
Smart-016-338363,Mobile,+855016338363
Smart-016-338364,Mobile,+855016338364
Smart-016-338365,Mobile,+855016338365
Smart-016-338366,Mobile,+855016338366
Smart-016-338367,Mobile,+855016338367
Smart-016-338368,Mobile,+855016338368
Smart-016-338369,Mobile,+855016338369
Smart-016-338370,Mobile,+855016338370
Smart-016-338371,Mobile,+855016338371
Smart-016-338372,Mobile,+855016338372
Smart-016-338373,Mobile,+855016338373
Smart-016-338374,Mobile,+855016338374
Smart-016-338375,Mobile,+855016338375
Smart-016-338376,Mobile,+855016338376
Smart-016-338377,Mobile,+855016338377
Smart-016-338378,Mobile,+855016338378
Smart-016-338379,Mobile,+855016338379
Smart-016-338380,Mobile,+855016338380
Smart-016-338381,Mobile,+855016338381
Smart-016-338382,Mobile,+855016338382
Smart-016-338383,Mobile,+855016338383
Smart-016-338384,Mobile,+855016338384
Smart-016-338385,Mobile,+855016338385
Smart-016-338386,Mobile,+855016338386
Smart-016-338387,Mobile,+855016338387
Smart-016-338388,Mobile,+855016338388
Smart-016-338389,Mobile,+855016338389
Smart-016-338390,Mobile,+855016338390
Smart-016-338391,Mobile,+855016338391
Smart-016-338392,Mobile,+855016338392
Smart-016-338393,Mobile,+855016338393
Smart-016-338394,Mobile,+855016338394
Smart-016-338395,Mobile,+855016338395
Smart-016-338396,Mobile,+855016338396
Smart-016-338397,Mobile,+855016338397
Smart-016-338398,Mobile,+855016338398
Smart-016-338399,Mobile,+855016338399
Smart-016-338400,Mobile,+855016338400
Smart-016-338401,Mobile,+855016338401
Smart-016-338402,Mobile,+855016338402
Smart-016-338403,Mobile,+855016338403
Smart-016-338404,Mobile,+855016338404
Smart-016-338405,Mobile,+855016338405
Smart-016-338406,Mobile,+855016338406
Smart-016-338407,Mobile,+855016338407
Smart-016-338408,Mobile,+855016338408
Smart-016-338409,Mobile,+855016338409
Smart-016-338410,Mobile,+855016338410
Smart-016-338411,Mobile,+855016338411
Smart-016-338412,Mobile,+855016338412
Smart-016-338413,Mobile,+855016338413
Smart-016-338414,Mobile,+855016338414
Smart-016-338415,Mobile,+855016338415
Smart-016-338416,Mobile,+855016338416
Smart-016-338417,Mobile,+855016338417
Smart-016-338418,Mobile,+855016338418
Smart-016-338419,Mobile,+855016338419
Smart-016-338420,Mobile,+855016338420
Smart-016-338421,Mobile,+855016338421
Smart-016-338422,Mobile,+855016338422
Smart-016-338423,Mobile,+855016338423
Smart-016-338424,Mobile,+855016338424
Smart-016-338425,Mobile,+855016338425
Smart-016-338426,Mobile,+855016338426
Smart-016-338427,Mobile,+855016338427
Smart-016-338428,Mobile,+855016338428
Smart-016-338429,Mobile,+855016338429
Smart-016-338430,Mobile,+855016338430
Smart-016-338431,Mobile,+855016338431
Smart-016-338432,Mobile,+855016338432
Smart-016-338433,Mobile,+855016338433
Smart-016-338434,Mobile,+855016338434
Smart-016-338435,Mobile,+855016338435
Smart-016-338436,Mobile,+855016338436
Smart-016-338437,Mobile,+855016338437
Smart-016-338438,Mobile,+855016338438
Smart-016-338439,Mobile,+855016338439
Smart-016-338440,Mobile,+855016338440
Smart-016-338441,Mobile,+855016338441
Smart-016-338442,Mobile,+855016338442
Smart-016-338443,Mobile,+855016338443
Smart-016-338444,Mobile,+855016338444
Smart-016-338445,Mobile,+855016338445
Smart-016-338446,Mobile,+855016338446
Smart-016-338447,Mobile,+855016338447
Smart-016-338448,Mobile,+855016338448
Smart-016-338449,Mobile,+855016338449
Smart-016-338450,Mobile,+855016338450
Smart-016-338451,Mobile,+855016338451
Smart-016-338452,Mobile,+855016338452
Smart-016-338453,Mobile,+855016338453
Smart-016-338454,Mobile,+855016338454
Smart-016-338455,Mobile,+855016338455
Smart-016-338456,Mobile,+855016338456
Smart-016-338457,Mobile,+855016338457
Smart-016-338458,Mobile,+855016338458
Smart-016-338459,Mobile,+855016338459
Smart-016-338460,Mobile,+855016338460
Smart-016-338461,Mobile,+855016338461
Smart-016-338462,Mobile,+855016338462
Smart-016-338463,Mobile,+855016338463
Smart-016-338464,Mobile,+855016338464
Smart-016-338465,Mobile,+855016338465
Smart-016-338466,Mobile,+855016338466
Smart-016-338467,Mobile,+855016338467
Smart-016-338468,Mobile,+855016338468
Smart-016-338469,Mobile,+855016338469
Smart-016-338470,Mobile,+855016338470
Smart-016-338471,Mobile,+855016338471
Smart-016-338472,Mobile,+855016338472
Smart-016-338473,Mobile,+855016338473
Smart-016-338474,Mobile,+855016338474
Smart-016-338475,Mobile,+855016338475
Smart-016-338476,Mobile,+855016338476
Smart-016-338477,Mobile,+855016338477
Smart-016-338478,Mobile,+855016338478
Smart-016-338479,Mobile,+855016338479
Smart-016-338480,Mobile,+855016338480
Smart-016-338481,Mobile,+855016338481
Smart-016-338482,Mobile,+855016338482
Smart-016-338483,Mobile,+855016338483
Smart-016-338484,Mobile,+855016338484
Smart-016-338485,Mobile,+855016338485
Smart-016-338486,Mobile,+855016338486
Smart-016-338487,Mobile,+855016338487
Smart-016-338488,Mobile,+855016338488
Smart-016-338489,Mobile,+855016338489
Smart-016-338490,Mobile,+855016338490
Smart-016-338491,Mobile,+855016338491
Smart-016-338492,Mobile,+855016338492
Smart-016-338493,Mobile,+855016338493
Smart-016-338494,Mobile,+855016338494
Smart-016-338495,Mobile,+855016338495
Smart-016-338496,Mobile,+855016338496
Smart-016-338497,Mobile,+855016338497
Smart-016-338498,Mobile,+855016338498
Smart-016-338499,Mobile,+855016338499
Smart-016-338500,Mobile,+855016338500
Smart-016-338501,Mobile,+855016338501
Smart-016-338502,Mobile,+855016338502
Smart-016-338503,Mobile,+855016338503
Smart-016-338504,Mobile,+855016338504
Smart-016-338505,Mobile,+855016338505
Smart-016-338506,Mobile,+855016338506
Smart-016-338507,Mobile,+855016338507
Smart-016-338508,Mobile,+855016338508
Smart-016-338509,Mobile,+855016338509
Smart-016-338510,Mobile,+855016338510
Smart-016-338511,Mobile,+855016338511
Smart-016-338512,Mobile,+855016338512
Smart-016-338513,Mobile,+855016338513
Smart-016-338514,Mobile,+855016338514
Smart-016-338515,Mobile,+855016338515
Smart-016-338516,Mobile,+855016338516
Smart-016-338517,Mobile,+855016338517
Smart-016-338518,Mobile,+855016338518
Smart-016-338519,Mobile,+855016338519
Smart-016-338520,Mobile,+855016338520
Smart-016-338521,Mobile,+855016338521
Smart-016-338522,Mobile,+855016338522
Smart-016-338523,Mobile,+855016338523
Smart-016-338524,Mobile,+855016338524
Smart-016-338525,Mobile,+855016338525
Smart-016-338526,Mobile,+855016338526
Smart-016-338527,Mobile,+855016338527
Smart-016-338528,Mobile,+855016338528
Smart-016-338529,Mobile,+855016338529
Smart-016-338530,Mobile,+855016338530
Smart-016-338531,Mobile,+855016338531
Smart-016-338532,Mobile,+855016338532
Smart-016-338533,Mobile,+855016338533
Smart-016-338534,Mobile,+855016338534
Smart-016-338535,Mobile,+855016338535
Smart-016-338536,Mobile,+855016338536
Smart-016-338537,Mobile,+855016338537
Smart-016-338538,Mobile,+855016338538
Smart-016-338539,Mobile,+855016338539
Smart-016-338540,Mobile,+855016338540
Smart-016-338541,Mobile,+855016338541
Smart-016-338542,Mobile,+855016338542
Smart-016-338543,Mobile,+855016338543
Smart-016-338544,Mobile,+855016338544
Smart-016-338545,Mobile,+855016338545
Smart-016-338546,Mobile,+855016338546
Smart-016-338547,Mobile,+855016338547
Smart-016-338548,Mobile,+855016338548
Smart-016-338549,Mobile,+855016338549
Smart-016-338550,Mobile,+855016338550
Smart-016-338551,Mobile,+855016338551
Smart-016-338552,Mobile,+855016338552
Smart-016-338553,Mobile,+855016338553
Smart-016-338554,Mobile,+855016338554
Smart-016-338555,Mobile,+855016338555
Smart-016-338556,Mobile,+855016338556
Smart-016-338557,Mobile,+855016338557
Smart-016-338558,Mobile,+855016338558
Smart-016-338559,Mobile,+855016338559
Smart-016-338560,Mobile,+855016338560
Smart-016-338561,Mobile,+855016338561
Smart-016-338562,Mobile,+855016338562
Smart-016-338563,Mobile,+855016338563
Smart-016-338564,Mobile,+855016338564
Smart-016-338565,Mobile,+855016338565
Smart-016-338566,Mobile,+855016338566
Smart-016-338567,Mobile,+855016338567
Smart-016-338568,Mobile,+855016338568
Smart-016-338569,Mobile,+855016338569
Smart-016-338570,Mobile,+855016338570
Smart-016-338571,Mobile,+855016338571
Smart-016-338572,Mobile,+855016338572
Smart-016-338573,Mobile,+855016338573
Smart-016-338574,Mobile,+855016338574
Smart-016-338575,Mobile,+855016338575
Smart-016-338576,Mobile,+855016338576
Smart-016-338577,Mobile,+855016338577
Smart-016-338578,Mobile,+855016338578
Smart-016-338579,Mobile,+855016338579
Smart-016-338580,Mobile,+855016338580
Smart-016-338581,Mobile,+855016338581
Smart-016-338582,Mobile,+855016338582
Smart-016-338583,Mobile,+855016338583
Smart-016-338584,Mobile,+855016338584
Smart-016-338585,Mobile,+855016338585
Smart-016-338586,Mobile,+855016338586
Smart-016-338587,Mobile,+855016338587
Smart-016-338588,Mobile,+855016338588
Smart-016-338589,Mobile,+855016338589
Smart-016-338590,Mobile,+855016338590
Smart-016-338591,Mobile,+855016338591
Smart-016-338592,Mobile,+855016338592
Smart-016-338593,Mobile,+855016338593
Smart-016-338594,Mobile,+855016338594
Smart-016-338595,Mobile,+855016338595
Smart-016-338596,Mobile,+855016338596
Smart-016-338597,Mobile,+855016338597
Smart-016-338598,Mobile,+855016338598
Smart-016-338599,Mobile,+855016338599
Smart-016-338600,Mobile,+855016338600
Smart-016-338601,Mobile,+855016338601
Smart-016-338602,Mobile,+855016338602
Smart-016-338603,Mobile,+855016338603
Smart-016-338604,Mobile,+855016338604
Smart-016-338605,Mobile,+855016338605
Smart-016-338606,Mobile,+855016338606
Smart-016-338607,Mobile,+855016338607
Smart-016-338608,Mobile,+855016338608
Smart-016-338609,Mobile,+855016338609
Smart-016-338610,Mobile,+855016338610
Smart-016-338611,Mobile,+855016338611
Smart-016-338612,Mobile,+855016338612
Smart-016-338613,Mobile,+855016338613
Smart-016-338614,Mobile,+855016338614
Smart-016-338615,Mobile,+855016338615
Smart-016-338616,Mobile,+855016338616
Smart-016-338617,Mobile,+855016338617
Smart-016-338618,Mobile,+855016338618
Smart-016-338619,Mobile,+855016338619
Smart-016-338620,Mobile,+855016338620
Smart-016-338621,Mobile,+855016338621
Smart-016-338622,Mobile,+855016338622
Smart-016-338623,Mobile,+855016338623
Smart-016-338624,Mobile,+855016338624
Smart-016-338625,Mobile,+855016338625
Smart-016-338626,Mobile,+855016338626
Smart-016-338627,Mobile,+855016338627
Smart-016-338628,Mobile,+855016338628
Smart-016-338629,Mobile,+855016338629
Smart-016-338630,Mobile,+855016338630
Smart-016-338631,Mobile,+855016338631
Smart-016-338632,Mobile,+855016338632
Smart-016-338633,Mobile,+855016338633
Smart-016-338634,Mobile,+855016338634
Smart-016-338635,Mobile,+855016338635
Smart-016-338636,Mobile,+855016338636
Smart-016-338637,Mobile,+855016338637
Smart-016-338638,Mobile,+855016338638
Smart-016-338639,Mobile,+855016338639
Smart-016-338640,Mobile,+855016338640
Smart-016-338641,Mobile,+855016338641
Smart-016-338642,Mobile,+855016338642
Smart-016-338643,Mobile,+855016338643
Smart-016-338644,Mobile,+855016338644
Smart-016-338645,Mobile,+855016338645
Smart-016-338646,Mobile,+855016338646
Smart-016-338647,Mobile,+855016338647
Smart-016-338648,Mobile,+855016338648
Smart-016-338649,Mobile,+855016338649
Smart-016-338650,Mobile,+855016338650
Smart-016-338651,Mobile,+855016338651
Smart-016-338652,Mobile,+855016338652
Smart-016-338653,Mobile,+855016338653
Smart-016-338654,Mobile,+855016338654
Smart-016-338655,Mobile,+855016338655
Smart-016-338656,Mobile,+855016338656
Smart-016-338657,Mobile,+855016338657
Smart-016-338658,Mobile,+855016338658
Smart-016-338659,Mobile,+855016338659
Smart-016-338660,Mobile,+855016338660
Smart-016-338661,Mobile,+855016338661
Smart-016-338662,Mobile,+855016338662
Smart-016-338663,Mobile,+855016338663
Smart-016-338664,Mobile,+855016338664
Smart-016-338665,Mobile,+855016338665
Smart-016-338666,Mobile,+855016338666
Smart-016-338667,Mobile,+855016338667
Smart-016-338668,Mobile,+855016338668
Smart-016-338669,Mobile,+855016338669
Smart-016-338670,Mobile,+855016338670
Smart-016-338671,Mobile,+855016338671
Smart-016-338672,Mobile,+855016338672
Smart-016-338673,Mobile,+855016338673
Smart-016-338674,Mobile,+855016338674
Smart-016-338675,Mobile,+855016338675
Smart-016-338676,Mobile,+855016338676
Smart-016-338677,Mobile,+855016338677
Smart-016-338678,Mobile,+855016338678
Smart-016-338679,Mobile,+855016338679
Smart-016-338680,Mobile,+855016338680
Smart-016-338681,Mobile,+855016338681
Smart-016-338682,Mobile,+855016338682
Smart-016-338683,Mobile,+855016338683
Smart-016-338684,Mobile,+855016338684
Smart-016-338685,Mobile,+855016338685
Smart-016-338686,Mobile,+855016338686
Smart-016-338687,Mobile,+855016338687
Smart-016-338688,Mobile,+855016338688
Smart-016-338689,Mobile,+855016338689
Smart-016-338690,Mobile,+855016338690
Smart-016-338691,Mobile,+855016338691
Smart-016-338692,Mobile,+855016338692
Smart-016-338693,Mobile,+855016338693
Smart-016-338694,Mobile,+855016338694
Smart-016-338695,Mobile,+855016338695
Smart-016-338696,Mobile,+855016338696
Smart-016-338697,Mobile,+855016338697
Smart-016-338698,Mobile,+855016338698
Smart-016-338699,Mobile,+855016338699
Smart-016-338700,Mobile,+855016338700
Smart-016-338701,Mobile,+855016338701
Smart-016-338702,Mobile,+855016338702
Smart-016-338703,Mobile,+855016338703
Smart-016-338704,Mobile,+855016338704
Smart-016-338705,Mobile,+855016338705
Smart-016-338706,Mobile,+855016338706
Smart-016-338707,Mobile,+855016338707
Smart-016-338708,Mobile,+855016338708
Smart-016-338709,Mobile,+855016338709
Smart-016-338710,Mobile,+855016338710
Smart-016-338711,Mobile,+855016338711
Smart-016-338712,Mobile,+855016338712
Smart-016-338713,Mobile,+855016338713
Smart-016-338714,Mobile,+855016338714
Smart-016-338715,Mobile,+855016338715
Smart-016-338716,Mobile,+855016338716
Smart-016-338717,Mobile,+855016338717
Smart-016-338718,Mobile,+855016338718
Smart-016-338719,Mobile,+855016338719
Smart-016-338720,Mobile,+855016338720
Smart-016-338721,Mobile,+855016338721
Smart-016-338722,Mobile,+855016338722
Smart-016-338723,Mobile,+855016338723
Smart-016-338724,Mobile,+855016338724
Smart-016-338725,Mobile,+855016338725
Smart-016-338726,Mobile,+855016338726
Smart-016-338727,Mobile,+855016338727
Smart-016-338728,Mobile,+855016338728
Smart-016-338729,Mobile,+855016338729
Smart-016-338730,Mobile,+855016338730
Smart-016-338731,Mobile,+855016338731
Smart-016-338732,Mobile,+855016338732
Smart-016-338733,Mobile,+855016338733
Smart-016-338734,Mobile,+855016338734
Smart-016-338735,Mobile,+855016338735
Smart-016-338736,Mobile,+855016338736
Smart-016-338737,Mobile,+855016338737
Smart-016-338738,Mobile,+855016338738
Smart-016-338739,Mobile,+855016338739
Smart-016-338740,Mobile,+855016338740
Smart-016-338741,Mobile,+855016338741
Smart-016-338742,Mobile,+855016338742
Smart-016-338743,Mobile,+855016338743
Smart-016-338744,Mobile,+855016338744
Smart-016-338745,Mobile,+855016338745
Smart-016-338746,Mobile,+855016338746
Smart-016-338747,Mobile,+855016338747
Smart-016-338748,Mobile,+855016338748
Smart-016-338749,Mobile,+855016338749
Smart-016-338750,Mobile,+855016338750
Smart-016-338751,Mobile,+855016338751
Smart-016-338752,Mobile,+855016338752
Smart-016-338753,Mobile,+855016338753
Smart-016-338754,Mobile,+855016338754
Smart-016-338755,Mobile,+855016338755
Smart-016-338756,Mobile,+855016338756
Smart-016-338757,Mobile,+855016338757
Smart-016-338758,Mobile,+855016338758
Smart-016-338759,Mobile,+855016338759
Smart-016-338760,Mobile,+855016338760
Smart-016-338761,Mobile,+855016338761
Smart-016-338762,Mobile,+855016338762
Smart-016-338763,Mobile,+855016338763
Smart-016-338764,Mobile,+855016338764
Smart-016-338765,Mobile,+855016338765
Smart-016-338766,Mobile,+855016338766
Smart-016-338767,Mobile,+855016338767
Smart-016-338768,Mobile,+855016338768
Smart-016-338769,Mobile,+855016338769
Smart-016-338770,Mobile,+855016338770
Smart-016-338771,Mobile,+855016338771
Smart-016-338772,Mobile,+855016338772
Smart-016-338773,Mobile,+855016338773
Smart-016-338774,Mobile,+855016338774
Smart-016-338775,Mobile,+855016338775
Smart-016-338776,Mobile,+855016338776
Smart-016-338777,Mobile,+855016338777
Smart-016-338778,Mobile,+855016338778
Smart-016-338779,Mobile,+855016338779
Smart-016-338780,Mobile,+855016338780
Smart-016-338781,Mobile,+855016338781
Smart-016-338782,Mobile,+855016338782
Smart-016-338783,Mobile,+855016338783
Smart-016-338784,Mobile,+855016338784
Smart-016-338785,Mobile,+855016338785
Smart-016-338786,Mobile,+855016338786
Smart-016-338787,Mobile,+855016338787
Smart-016-338788,Mobile,+855016338788
Smart-016-338789,Mobile,+855016338789
Smart-016-338790,Mobile,+855016338790
Smart-016-338791,Mobile,+855016338791
Smart-016-338792,Mobile,+855016338792
Smart-016-338793,Mobile,+855016338793
Smart-016-338794,Mobile,+855016338794
Smart-016-338795,Mobile,+855016338795
Smart-016-338796,Mobile,+855016338796
Smart-016-338797,Mobile,+855016338797
Smart-016-338798,Mobile,+855016338798
Smart-016-338799,Mobile,+855016338799
Smart-016-338800,Mobile,+855016338800
Smart-016-338801,Mobile,+855016338801
Smart-016-338802,Mobile,+855016338802
Smart-016-338803,Mobile,+855016338803
Smart-016-338804,Mobile,+855016338804
Smart-016-338805,Mobile,+855016338805
Smart-016-338806,Mobile,+855016338806
Smart-016-338807,Mobile,+855016338807
Smart-016-338808,Mobile,+855016338808
Smart-016-338809,Mobile,+855016338809
Smart-016-338810,Mobile,+855016338810
Smart-016-338811,Mobile,+855016338811
Smart-016-338812,Mobile,+855016338812
Smart-016-338813,Mobile,+855016338813
Smart-016-338814,Mobile,+855016338814
Smart-016-338815,Mobile,+855016338815
Smart-016-338816,Mobile,+855016338816
Smart-016-338817,Mobile,+855016338817
Smart-016-338818,Mobile,+855016338818
Smart-016-338819,Mobile,+855016338819
Smart-016-338820,Mobile,+855016338820
Smart-016-338821,Mobile,+855016338821
Smart-016-338822,Mobile,+855016338822
Smart-016-338823,Mobile,+855016338823
Smart-016-338824,Mobile,+855016338824
Smart-016-338825,Mobile,+855016338825
Smart-016-338826,Mobile,+855016338826
Smart-016-338827,Mobile,+855016338827
Smart-016-338828,Mobile,+855016338828
Smart-016-338829,Mobile,+855016338829
Smart-016-338830,Mobile,+855016338830
Smart-016-338831,Mobile,+855016338831
Smart-016-338832,Mobile,+855016338832
Smart-016-338833,Mobile,+855016338833
Smart-016-338834,Mobile,+855016338834
Smart-016-338835,Mobile,+855016338835
Smart-016-338836,Mobile,+855016338836
Smart-016-338837,Mobile,+855016338837
Smart-016-338838,Mobile,+855016338838
Smart-016-338839,Mobile,+855016338839
Smart-016-338840,Mobile,+855016338840
Smart-016-338841,Mobile,+855016338841
Smart-016-338842,Mobile,+855016338842
Smart-016-338843,Mobile,+855016338843
Smart-016-338844,Mobile,+855016338844
Smart-016-338845,Mobile,+855016338845
Smart-016-338846,Mobile,+855016338846
Smart-016-338847,Mobile,+855016338847
Smart-016-338848,Mobile,+855016338848
Smart-016-338849,Mobile,+855016338849
Smart-016-338850,Mobile,+855016338850
Smart-016-338851,Mobile,+855016338851
Smart-016-338852,Mobile,+855016338852
Smart-016-338853,Mobile,+855016338853
Smart-016-338854,Mobile,+855016338854
Smart-016-338855,Mobile,+855016338855
Smart-016-338856,Mobile,+855016338856
Smart-016-338857,Mobile,+855016338857
Smart-016-338858,Mobile,+855016338858
Smart-016-338859,Mobile,+855016338859
Smart-016-338860,Mobile,+855016338860
Smart-016-338861,Mobile,+855016338861
Smart-016-338862,Mobile,+855016338862
Smart-016-338863,Mobile,+855016338863
Smart-016-338864,Mobile,+855016338864
Smart-016-338865,Mobile,+855016338865
Smart-016-338866,Mobile,+855016338866
Smart-016-338867,Mobile,+855016338867
Smart-016-338868,Mobile,+855016338868
Smart-016-338869,Mobile,+855016338869
Smart-016-338870,Mobile,+855016338870
Smart-016-338871,Mobile,+855016338871
Smart-016-338872,Mobile,+855016338872
Smart-016-338873,Mobile,+855016338873
Smart-016-338874,Mobile,+855016338874
Smart-016-338875,Mobile,+855016338875
Smart-016-338876,Mobile,+855016338876
Smart-016-338877,Mobile,+855016338877
Smart-016-338878,Mobile,+855016338878
Smart-016-338879,Mobile,+855016338879
Smart-016-338880,Mobile,+855016338880
Smart-016-338881,Mobile,+855016338881
Smart-016-338882,Mobile,+855016338882
Smart-016-338883,Mobile,+855016338883
Smart-016-338884,Mobile,+855016338884
Smart-016-338885,Mobile,+855016338885
Smart-016-338886,Mobile,+855016338886
Smart-016-338887,Mobile,+855016338887
Smart-016-338888,Mobile,+855016338888
Smart-016-338889,Mobile,+855016338889
Smart-016-338890,Mobile,+855016338890
Smart-016-338891,Mobile,+855016338891
Smart-016-338892,Mobile,+855016338892
Smart-016-338893,Mobile,+855016338893
Smart-016-338894,Mobile,+855016338894
Smart-016-338895,Mobile,+855016338895
Smart-016-338896,Mobile,+855016338896
Smart-016-338897,Mobile,+855016338897
Smart-016-338898,Mobile,+855016338898
Smart-016-338899,Mobile,+855016338899
Smart-016-338900,Mobile,+855016338900
Smart-016-338901,Mobile,+855016338901
Smart-016-338902,Mobile,+855016338902
Smart-016-338903,Mobile,+855016338903
Smart-016-338904,Mobile,+855016338904
Smart-016-338905,Mobile,+855016338905
Smart-016-338906,Mobile,+855016338906
Smart-016-338907,Mobile,+855016338907
Smart-016-338908,Mobile,+855016338908
Smart-016-338909,Mobile,+855016338909
Smart-016-338910,Mobile,+855016338910
Smart-016-338911,Mobile,+855016338911
Smart-016-338912,Mobile,+855016338912
Smart-016-338913,Mobile,+855016338913
Smart-016-338914,Mobile,+855016338914
Smart-016-338915,Mobile,+855016338915
Smart-016-338916,Mobile,+855016338916
Smart-016-338917,Mobile,+855016338917
Smart-016-338918,Mobile,+855016338918
Smart-016-338919,Mobile,+855016338919
Smart-016-338920,Mobile,+855016338920
Smart-016-338921,Mobile,+855016338921
Smart-016-338922,Mobile,+855016338922
Smart-016-338923,Mobile,+855016338923
Smart-016-338924,Mobile,+855016338924
Smart-016-338925,Mobile,+855016338925
Smart-016-338926,Mobile,+855016338926
Smart-016-338927,Mobile,+855016338927
Smart-016-338928,Mobile,+855016338928
Smart-016-338929,Mobile,+855016338929
Smart-016-338930,Mobile,+855016338930
Smart-016-338931,Mobile,+855016338931
Smart-016-338932,Mobile,+855016338932
Smart-016-338933,Mobile,+855016338933
Smart-016-338934,Mobile,+855016338934
Smart-016-338935,Mobile,+855016338935
Smart-016-338936,Mobile,+855016338936
Smart-016-338937,Mobile,+855016338937
Smart-016-338938,Mobile,+855016338938
Smart-016-338939,Mobile,+855016338939
Smart-016-338940,Mobile,+855016338940
Smart-016-338941,Mobile,+855016338941
Smart-016-338942,Mobile,+855016338942
Smart-016-338943,Mobile,+855016338943
Smart-016-338944,Mobile,+855016338944
Smart-016-338945,Mobile,+855016338945
Smart-016-338946,Mobile,+855016338946
Smart-016-338947,Mobile,+855016338947
Smart-016-338948,Mobile,+855016338948
Smart-016-338949,Mobile,+855016338949
Smart-016-338950,Mobile,+855016338950
Smart-016-338951,Mobile,+855016338951
Smart-016-338952,Mobile,+855016338952
Smart-016-338953,Mobile,+855016338953
Smart-016-338954,Mobile,+855016338954
Smart-016-338955,Mobile,+855016338955
Smart-016-338956,Mobile,+855016338956
Smart-016-338957,Mobile,+855016338957
Smart-016-338958,Mobile,+855016338958
Smart-016-338959,Mobile,+855016338959
Smart-016-338960,Mobile,+855016338960
Smart-016-338961,Mobile,+855016338961
Smart-016-338962,Mobile,+855016338962
Smart-016-338963,Mobile,+855016338963
Smart-016-338964,Mobile,+855016338964
Smart-016-338965,Mobile,+855016338965
Smart-016-338966,Mobile,+855016338966
Smart-016-338967,Mobile,+855016338967
Smart-016-338968,Mobile,+855016338968
Smart-016-338969,Mobile,+855016338969
Smart-016-338970,Mobile,+855016338970
Smart-016-338971,Mobile,+855016338971
Smart-016-338972,Mobile,+855016338972
Smart-016-338973,Mobile,+855016338973
Smart-016-338974,Mobile,+855016338974
Smart-016-338975,Mobile,+855016338975
Smart-016-338976,Mobile,+855016338976
Smart-016-338977,Mobile,+855016338977
Smart-016-338978,Mobile,+855016338978
Smart-016-338979,Mobile,+855016338979
Smart-016-338980,Mobile,+855016338980
Smart-016-338981,Mobile,+855016338981
Smart-016-338982,Mobile,+855016338982
Smart-016-338983,Mobile,+855016338983
Smart-016-338984,Mobile,+855016338984
Smart-016-338985,Mobile,+855016338985
Smart-016-338986,Mobile,+855016338986
Smart-016-338987,Mobile,+855016338987
Smart-016-338988,Mobile,+855016338988
Smart-016-338989,Mobile,+855016338989
Smart-016-338990,Mobile,+855016338990
Smart-016-338991,Mobile,+855016338991
Smart-016-338992,Mobile,+855016338992
Smart-016-338993,Mobile,+855016338993
Smart-016-338994,Mobile,+855016338994
Smart-016-338995,Mobile,+855016338995
Smart-016-338996,Mobile,+855016338996
Smart-016-338997,Mobile,+855016338997
Smart-016-338998,Mobile,+855016338998
Smart-016-338999,Mobile,+855016338999
Smart-016-339000,Mobile,+855016339000
Smart-016-339001,Mobile,+855016339001
Smart-016-339002,Mobile,+855016339002
Smart-016-339003,Mobile,+855016339003
Smart-016-339004,Mobile,+855016339004
Smart-016-339005,Mobile,+855016339005
Smart-016-339006,Mobile,+855016339006
Smart-016-339007,Mobile,+855016339007
Smart-016-339008,Mobile,+855016339008
Smart-016-339009,Mobile,+855016339009
Smart-016-339010,Mobile,+855016339010
Smart-016-339011,Mobile,+855016339011
Smart-016-339012,Mobile,+855016339012
Smart-016-339013,Mobile,+855016339013
Smart-016-339014,Mobile,+855016339014
Smart-016-339015,Mobile,+855016339015
Smart-016-339016,Mobile,+855016339016
Smart-016-339017,Mobile,+855016339017
Smart-016-339018,Mobile,+855016339018
Smart-016-339019,Mobile,+855016339019
Smart-016-339020,Mobile,+855016339020
Smart-016-339021,Mobile,+855016339021
Smart-016-339022,Mobile,+855016339022
Smart-016-339023,Mobile,+855016339023
Smart-016-339024,Mobile,+855016339024
Smart-016-339025,Mobile,+855016339025
Smart-016-339026,Mobile,+855016339026
Smart-016-339027,Mobile,+855016339027
Smart-016-339028,Mobile,+855016339028
Smart-016-339029,Mobile,+855016339029
Smart-016-339030,Mobile,+855016339030
Smart-016-339031,Mobile,+855016339031
Smart-016-339032,Mobile,+855016339032
Smart-016-339033,Mobile,+855016339033
Smart-016-339034,Mobile,+855016339034
Smart-016-339035,Mobile,+855016339035
Smart-016-339036,Mobile,+855016339036
Smart-016-339037,Mobile,+855016339037
Smart-016-339038,Mobile,+855016339038
Smart-016-339039,Mobile,+855016339039
Smart-016-339040,Mobile,+855016339040
Smart-016-339041,Mobile,+855016339041
Smart-016-339042,Mobile,+855016339042
Smart-016-339043,Mobile,+855016339043
Smart-016-339044,Mobile,+855016339044
Smart-016-339045,Mobile,+855016339045
Smart-016-339046,Mobile,+855016339046
Smart-016-339047,Mobile,+855016339047
Smart-016-339048,Mobile,+855016339048
Smart-016-339049,Mobile,+855016339049
Smart-016-339050,Mobile,+855016339050
Smart-016-339051,Mobile,+855016339051
Smart-016-339052,Mobile,+855016339052
Smart-016-339053,Mobile,+855016339053
Smart-016-339054,Mobile,+855016339054
Smart-016-339055,Mobile,+855016339055
Smart-016-339056,Mobile,+855016339056
Smart-016-339057,Mobile,+855016339057
Smart-016-339058,Mobile,+855016339058
Smart-016-339059,Mobile,+855016339059
Smart-016-339060,Mobile,+855016339060
Smart-016-339061,Mobile,+855016339061
Smart-016-339062,Mobile,+855016339062
Smart-016-339063,Mobile,+855016339063
Smart-016-339064,Mobile,+855016339064
Smart-016-339065,Mobile,+855016339065
Smart-016-339066,Mobile,+855016339066
Smart-016-339067,Mobile,+855016339067
Smart-016-339068,Mobile,+855016339068
Smart-016-339069,Mobile,+855016339069
Smart-016-339070,Mobile,+855016339070
Smart-016-339071,Mobile,+855016339071
Smart-016-339072,Mobile,+855016339072
Smart-016-339073,Mobile,+855016339073
Smart-016-339074,Mobile,+855016339074
Smart-016-339075,Mobile,+855016339075
Smart-016-339076,Mobile,+855016339076
Smart-016-339077,Mobile,+855016339077
Smart-016-339078,Mobile,+855016339078
Smart-016-339079,Mobile,+855016339079
Smart-016-339080,Mobile,+855016339080
Smart-016-339081,Mobile,+855016339081
Smart-016-339082,Mobile,+855016339082
Smart-016-339083,Mobile,+855016339083
Smart-016-339084,Mobile,+855016339084
Smart-016-339085,Mobile,+855016339085
Smart-016-339086,Mobile,+855016339086
Smart-016-339087,Mobile,+855016339087
Smart-016-339088,Mobile,+855016339088
Smart-016-339089,Mobile,+855016339089
Smart-016-339090,Mobile,+855016339090
Smart-016-339091,Mobile,+855016339091
Smart-016-339092,Mobile,+855016339092
Smart-016-339093,Mobile,+855016339093
Smart-016-339094,Mobile,+855016339094
Smart-016-339095,Mobile,+855016339095
Smart-016-339096,Mobile,+855016339096
Smart-016-339097,Mobile,+855016339097
Smart-016-339098,Mobile,+855016339098
Smart-016-339099,Mobile,+855016339099
Smart-016-339100,Mobile,+855016339100
Smart-016-339101,Mobile,+855016339101
Smart-016-339102,Mobile,+855016339102
Smart-016-339103,Mobile,+855016339103
Smart-016-339104,Mobile,+855016339104
Smart-016-339105,Mobile,+855016339105
Smart-016-339106,Mobile,+855016339106
Smart-016-339107,Mobile,+855016339107
Smart-016-339108,Mobile,+855016339108
Smart-016-339109,Mobile,+855016339109
Smart-016-339110,Mobile,+855016339110
Smart-016-339111,Mobile,+855016339111
Smart-016-339112,Mobile,+855016339112
Smart-016-339113,Mobile,+855016339113
Smart-016-339114,Mobile,+855016339114
Smart-016-339115,Mobile,+855016339115
Smart-016-339116,Mobile,+855016339116
Smart-016-339117,Mobile,+855016339117
Smart-016-339118,Mobile,+855016339118
Smart-016-339119,Mobile,+855016339119
Smart-016-339120,Mobile,+855016339120
Smart-016-339121,Mobile,+855016339121
Smart-016-339122,Mobile,+855016339122
Smart-016-339123,Mobile,+855016339123
Smart-016-339124,Mobile,+855016339124
Smart-016-339125,Mobile,+855016339125
Smart-016-339126,Mobile,+855016339126
Smart-016-339127,Mobile,+855016339127
Smart-016-339128,Mobile,+855016339128
Smart-016-339129,Mobile,+855016339129
Smart-016-339130,Mobile,+855016339130
Smart-016-339131,Mobile,+855016339131
Smart-016-339132,Mobile,+855016339132
Smart-016-339133,Mobile,+855016339133
Smart-016-339134,Mobile,+855016339134
Smart-016-339135,Mobile,+855016339135
Smart-016-339136,Mobile,+855016339136
Smart-016-339137,Mobile,+855016339137
Smart-016-339138,Mobile,+855016339138
Smart-016-339139,Mobile,+855016339139
Smart-016-339140,Mobile,+855016339140
Smart-016-339141,Mobile,+855016339141
Smart-016-339142,Mobile,+855016339142
Smart-016-339143,Mobile,+855016339143
Smart-016-339144,Mobile,+855016339144
Smart-016-339145,Mobile,+855016339145
Smart-016-339146,Mobile,+855016339146
Smart-016-339147,Mobile,+855016339147
Smart-016-339148,Mobile,+855016339148
Smart-016-339149,Mobile,+855016339149
Smart-016-339150,Mobile,+855016339150
Smart-016-339151,Mobile,+855016339151
Smart-016-339152,Mobile,+855016339152
Smart-016-339153,Mobile,+855016339153
Smart-016-339154,Mobile,+855016339154
Smart-016-339155,Mobile,+855016339155
Smart-016-339156,Mobile,+855016339156
Smart-016-339157,Mobile,+855016339157
Smart-016-339158,Mobile,+855016339158
Smart-016-339159,Mobile,+855016339159
Smart-016-339160,Mobile,+855016339160
Smart-016-339161,Mobile,+855016339161
Smart-016-339162,Mobile,+855016339162
Smart-016-339163,Mobile,+855016339163
Smart-016-339164,Mobile,+855016339164
Smart-016-339165,Mobile,+855016339165
Smart-016-339166,Mobile,+855016339166
Smart-016-339167,Mobile,+855016339167
Smart-016-339168,Mobile,+855016339168
Smart-016-339169,Mobile,+855016339169
Smart-016-339170,Mobile,+855016339170
Smart-016-339171,Mobile,+855016339171
Smart-016-339172,Mobile,+855016339172
Smart-016-339173,Mobile,+855016339173
Smart-016-339174,Mobile,+855016339174
Smart-016-339175,Mobile,+855016339175
Smart-016-339176,Mobile,+855016339176
Smart-016-339177,Mobile,+855016339177
Smart-016-339178,Mobile,+855016339178
Smart-016-339179,Mobile,+855016339179
Smart-016-339180,Mobile,+855016339180
Smart-016-339181,Mobile,+855016339181
Smart-016-339182,Mobile,+855016339182
Smart-016-339183,Mobile,+855016339183
Smart-016-339184,Mobile,+855016339184
Smart-016-339185,Mobile,+855016339185
Smart-016-339186,Mobile,+855016339186
Smart-016-339187,Mobile,+855016339187
Smart-016-339188,Mobile,+855016339188
Smart-016-339189,Mobile,+855016339189
Smart-016-339190,Mobile,+855016339190
Smart-016-339191,Mobile,+855016339191
Smart-016-339192,Mobile,+855016339192
Smart-016-339193,Mobile,+855016339193
Smart-016-339194,Mobile,+855016339194
Smart-016-339195,Mobile,+855016339195
Smart-016-339196,Mobile,+855016339196
Smart-016-339197,Mobile,+855016339197
Smart-016-339198,Mobile,+855016339198
Smart-016-339199,Mobile,+855016339199
Smart-016-339200,Mobile,+855016339200
Smart-016-339201,Mobile,+855016339201
Smart-016-339202,Mobile,+855016339202
Smart-016-339203,Mobile,+855016339203
Smart-016-339204,Mobile,+855016339204
Smart-016-339205,Mobile,+855016339205
Smart-016-339206,Mobile,+855016339206
Smart-016-339207,Mobile,+855016339207
Smart-016-339208,Mobile,+855016339208
Smart-016-339209,Mobile,+855016339209
Smart-016-339210,Mobile,+855016339210
Smart-016-339211,Mobile,+855016339211
Smart-016-339212,Mobile,+855016339212
Smart-016-339213,Mobile,+855016339213
Smart-016-339214,Mobile,+855016339214
Smart-016-339215,Mobile,+855016339215
Smart-016-339216,Mobile,+855016339216
Smart-016-339217,Mobile,+855016339217
Smart-016-339218,Mobile,+855016339218
Smart-016-339219,Mobile,+855016339219
Smart-016-339220,Mobile,+855016339220
Smart-016-339221,Mobile,+855016339221
Smart-016-339222,Mobile,+855016339222
Smart-016-339223,Mobile,+855016339223
Smart-016-339224,Mobile,+855016339224
Smart-016-339225,Mobile,+855016339225
Smart-016-339226,Mobile,+855016339226
Smart-016-339227,Mobile,+855016339227
Smart-016-339228,Mobile,+855016339228
Smart-016-339229,Mobile,+855016339229
Smart-016-339230,Mobile,+855016339230
Smart-016-339231,Mobile,+855016339231
Smart-016-339232,Mobile,+855016339232
Smart-016-339233,Mobile,+855016339233
Smart-016-339234,Mobile,+855016339234
Smart-016-339235,Mobile,+855016339235
Smart-016-339236,Mobile,+855016339236
Smart-016-339237,Mobile,+855016339237
Smart-016-339238,Mobile,+855016339238
Smart-016-339239,Mobile,+855016339239
Smart-016-339240,Mobile,+855016339240
Smart-016-339241,Mobile,+855016339241
Smart-016-339242,Mobile,+855016339242
Smart-016-339243,Mobile,+855016339243
Smart-016-339244,Mobile,+855016339244
Smart-016-339245,Mobile,+855016339245
Smart-016-339246,Mobile,+855016339246
Smart-016-339247,Mobile,+855016339247
Smart-016-339248,Mobile,+855016339248
Smart-016-339249,Mobile,+855016339249
Smart-016-339250,Mobile,+855016339250
Smart-016-339251,Mobile,+855016339251
Smart-016-339252,Mobile,+855016339252
Smart-016-339253,Mobile,+855016339253
Smart-016-339254,Mobile,+855016339254
Smart-016-339255,Mobile,+855016339255
Smart-016-339256,Mobile,+855016339256
Smart-016-339257,Mobile,+855016339257
Smart-016-339258,Mobile,+855016339258
Smart-016-339259,Mobile,+855016339259
Smart-016-339260,Mobile,+855016339260
Smart-016-339261,Mobile,+855016339261
Smart-016-339262,Mobile,+855016339262
Smart-016-339263,Mobile,+855016339263
Smart-016-339264,Mobile,+855016339264
Smart-016-339265,Mobile,+855016339265
Smart-016-339266,Mobile,+855016339266
Smart-016-339267,Mobile,+855016339267
Smart-016-339268,Mobile,+855016339268
Smart-016-339269,Mobile,+855016339269
Smart-016-339270,Mobile,+855016339270
Smart-016-339271,Mobile,+855016339271
Smart-016-339272,Mobile,+855016339272
Smart-016-339273,Mobile,+855016339273
Smart-016-339274,Mobile,+855016339274
Smart-016-339275,Mobile,+855016339275
Smart-016-339276,Mobile,+855016339276
Smart-016-339277,Mobile,+855016339277
Smart-016-339278,Mobile,+855016339278
Smart-016-339279,Mobile,+855016339279
Smart-016-339280,Mobile,+855016339280
Smart-016-339281,Mobile,+855016339281
Smart-016-339282,Mobile,+855016339282
Smart-016-339283,Mobile,+855016339283
Smart-016-339284,Mobile,+855016339284
Smart-016-339285,Mobile,+855016339285
Smart-016-339286,Mobile,+855016339286
Smart-016-339287,Mobile,+855016339287
Smart-016-339288,Mobile,+855016339288
Smart-016-339289,Mobile,+855016339289
Smart-016-339290,Mobile,+855016339290
Smart-016-339291,Mobile,+855016339291
Smart-016-339292,Mobile,+855016339292
Smart-016-339293,Mobile,+855016339293
Smart-016-339294,Mobile,+855016339294
Smart-016-339295,Mobile,+855016339295
Smart-016-339296,Mobile,+855016339296
Smart-016-339297,Mobile,+855016339297
Smart-016-339298,Mobile,+855016339298
Smart-016-339299,Mobile,+855016339299
Smart-016-339300,Mobile,+855016339300
Smart-016-339301,Mobile,+855016339301
Smart-016-339302,Mobile,+855016339302
Smart-016-339303,Mobile,+855016339303
Smart-016-339304,Mobile,+855016339304
Smart-016-339305,Mobile,+855016339305
Smart-016-339306,Mobile,+855016339306
Smart-016-339307,Mobile,+855016339307
Smart-016-339308,Mobile,+855016339308
Smart-016-339309,Mobile,+855016339309
Smart-016-339310,Mobile,+855016339310
Smart-016-339311,Mobile,+855016339311
Smart-016-339312,Mobile,+855016339312
Smart-016-339313,Mobile,+855016339313
Smart-016-339314,Mobile,+855016339314
Smart-016-339315,Mobile,+855016339315
Smart-016-339316,Mobile,+855016339316
Smart-016-339317,Mobile,+855016339317
Smart-016-339318,Mobile,+855016339318
Smart-016-339319,Mobile,+855016339319
Smart-016-339320,Mobile,+855016339320
Smart-016-339321,Mobile,+855016339321
Smart-016-339322,Mobile,+855016339322
Smart-016-339323,Mobile,+855016339323
Smart-016-339324,Mobile,+855016339324
Smart-016-339325,Mobile,+855016339325
Smart-016-339326,Mobile,+855016339326
Smart-016-339327,Mobile,+855016339327
Smart-016-339328,Mobile,+855016339328
Smart-016-339329,Mobile,+855016339329
Smart-016-339330,Mobile,+855016339330
Smart-016-339331,Mobile,+855016339331
Smart-016-339332,Mobile,+855016339332
Smart-016-339333,Mobile,+855016339333
Smart-016-339334,Mobile,+855016339334
Smart-016-339335,Mobile,+855016339335
Smart-016-339336,Mobile,+855016339336
Smart-016-339337,Mobile,+855016339337
Smart-016-339338,Mobile,+855016339338
Smart-016-339339,Mobile,+855016339339
Smart-016-339340,Mobile,+855016339340
Smart-016-339341,Mobile,+855016339341
Smart-016-339342,Mobile,+855016339342
Smart-016-339343,Mobile,+855016339343
Smart-016-339344,Mobile,+855016339344
Smart-016-339345,Mobile,+855016339345
Smart-016-339346,Mobile,+855016339346
Smart-016-339347,Mobile,+855016339347
Smart-016-339348,Mobile,+855016339348
Smart-016-339349,Mobile,+855016339349
Smart-016-339350,Mobile,+855016339350
Smart-016-339351,Mobile,+855016339351
Smart-016-339352,Mobile,+855016339352
Smart-016-339353,Mobile,+855016339353
Smart-016-339354,Mobile,+855016339354
Smart-016-339355,Mobile,+855016339355
Smart-016-339356,Mobile,+855016339356
Smart-016-339357,Mobile,+855016339357
Smart-016-339358,Mobile,+855016339358
Smart-016-339359,Mobile,+855016339359
Smart-016-339360,Mobile,+855016339360
Smart-016-339361,Mobile,+855016339361
Smart-016-339362,Mobile,+855016339362
Smart-016-339363,Mobile,+855016339363
Smart-016-339364,Mobile,+855016339364
Smart-016-339365,Mobile,+855016339365
Smart-016-339366,Mobile,+855016339366
Smart-016-339367,Mobile,+855016339367
Smart-016-339368,Mobile,+855016339368
Smart-016-339369,Mobile,+855016339369
Smart-016-339370,Mobile,+855016339370
Smart-016-339371,Mobile,+855016339371
Smart-016-339372,Mobile,+855016339372
Smart-016-339373,Mobile,+855016339373
Smart-016-339374,Mobile,+855016339374
Smart-016-339375,Mobile,+855016339375
Smart-016-339376,Mobile,+855016339376
Smart-016-339377,Mobile,+855016339377
Smart-016-339378,Mobile,+855016339378
Smart-016-339379,Mobile,+855016339379
Smart-016-339380,Mobile,+855016339380
Smart-016-339381,Mobile,+855016339381
Smart-016-339382,Mobile,+855016339382
Smart-016-339383,Mobile,+855016339383
Smart-016-339384,Mobile,+855016339384
Smart-016-339385,Mobile,+855016339385
Smart-016-339386,Mobile,+855016339386
Smart-016-339387,Mobile,+855016339387
Smart-016-339388,Mobile,+855016339388
Smart-016-339389,Mobile,+855016339389
Smart-016-339390,Mobile,+855016339390
Smart-016-339391,Mobile,+855016339391
Smart-016-339392,Mobile,+855016339392
Smart-016-339393,Mobile,+855016339393
Smart-016-339394,Mobile,+855016339394
Smart-016-339395,Mobile,+855016339395
Smart-016-339396,Mobile,+855016339396
Smart-016-339397,Mobile,+855016339397
Smart-016-339398,Mobile,+855016339398
Smart-016-339399,Mobile,+855016339399
Smart-016-339400,Mobile,+855016339400
Smart-016-339401,Mobile,+855016339401
Smart-016-339402,Mobile,+855016339402
Smart-016-339403,Mobile,+855016339403
Smart-016-339404,Mobile,+855016339404
Smart-016-339405,Mobile,+855016339405
Smart-016-339406,Mobile,+855016339406
Smart-016-339407,Mobile,+855016339407
Smart-016-339408,Mobile,+855016339408
Smart-016-339409,Mobile,+855016339409
Smart-016-339410,Mobile,+855016339410
Smart-016-339411,Mobile,+855016339411
Smart-016-339412,Mobile,+855016339412
Smart-016-339413,Mobile,+855016339413
Smart-016-339414,Mobile,+855016339414
Smart-016-339415,Mobile,+855016339415
Smart-016-339416,Mobile,+855016339416
Smart-016-339417,Mobile,+855016339417
Smart-016-339418,Mobile,+855016339418
Smart-016-339419,Mobile,+855016339419
Smart-016-339420,Mobile,+855016339420
Smart-016-339421,Mobile,+855016339421
Smart-016-339422,Mobile,+855016339422
Smart-016-339423,Mobile,+855016339423
Smart-016-339424,Mobile,+855016339424
Smart-016-339425,Mobile,+855016339425
Smart-016-339426,Mobile,+855016339426
Smart-016-339427,Mobile,+855016339427
Smart-016-339428,Mobile,+855016339428
Smart-016-339429,Mobile,+855016339429
Smart-016-339430,Mobile,+855016339430
Smart-016-339431,Mobile,+855016339431
Smart-016-339432,Mobile,+855016339432
Smart-016-339433,Mobile,+855016339433
Smart-016-339434,Mobile,+855016339434
Smart-016-339435,Mobile,+855016339435
Smart-016-339436,Mobile,+855016339436
Smart-016-339437,Mobile,+855016339437
Smart-016-339438,Mobile,+855016339438
Smart-016-339439,Mobile,+855016339439
Smart-016-339440,Mobile,+855016339440
Smart-016-339441,Mobile,+855016339441
Smart-016-339442,Mobile,+855016339442
Smart-016-339443,Mobile,+855016339443
Smart-016-339444,Mobile,+855016339444
Smart-016-339445,Mobile,+855016339445
Smart-016-339446,Mobile,+855016339446
Smart-016-339447,Mobile,+855016339447
Smart-016-339448,Mobile,+855016339448
Smart-016-339449,Mobile,+855016339449
Smart-016-339450,Mobile,+855016339450
Smart-016-339451,Mobile,+855016339451
Smart-016-339452,Mobile,+855016339452
Smart-016-339453,Mobile,+855016339453
Smart-016-339454,Mobile,+855016339454
Smart-016-339455,Mobile,+855016339455
Smart-016-339456,Mobile,+855016339456
Smart-016-339457,Mobile,+855016339457
Smart-016-339458,Mobile,+855016339458
Smart-016-339459,Mobile,+855016339459
Smart-016-339460,Mobile,+855016339460
Smart-016-339461,Mobile,+855016339461
Smart-016-339462,Mobile,+855016339462
Smart-016-339463,Mobile,+855016339463
Smart-016-339464,Mobile,+855016339464
Smart-016-339465,Mobile,+855016339465
Smart-016-339466,Mobile,+855016339466
Smart-016-339467,Mobile,+855016339467
Smart-016-339468,Mobile,+855016339468
Smart-016-339469,Mobile,+855016339469
Smart-016-339470,Mobile,+855016339470
Smart-016-339471,Mobile,+855016339471
Smart-016-339472,Mobile,+855016339472
Smart-016-339473,Mobile,+855016339473
Smart-016-339474,Mobile,+855016339474
Smart-016-339475,Mobile,+855016339475
Smart-016-339476,Mobile,+855016339476
Smart-016-339477,Mobile,+855016339477
Smart-016-339478,Mobile,+855016339478
Smart-016-339479,Mobile,+855016339479
Smart-016-339480,Mobile,+855016339480
Smart-016-339481,Mobile,+855016339481
Smart-016-339482,Mobile,+855016339482
Smart-016-339483,Mobile,+855016339483
Smart-016-339484,Mobile,+855016339484
Smart-016-339485,Mobile,+855016339485
Smart-016-339486,Mobile,+855016339486
Smart-016-339487,Mobile,+855016339487
Smart-016-339488,Mobile,+855016339488
Smart-016-339489,Mobile,+855016339489
Smart-016-339490,Mobile,+855016339490
Smart-016-339491,Mobile,+855016339491
Smart-016-339492,Mobile,+855016339492
Smart-016-339493,Mobile,+855016339493
Smart-016-339494,Mobile,+855016339494
Smart-016-339495,Mobile,+855016339495
Smart-016-339496,Mobile,+855016339496
Smart-016-339497,Mobile,+855016339497
Smart-016-339498,Mobile,+855016339498
Smart-016-339499,Mobile,+855016339499
Smart-016-339500,Mobile,+855016339500
Smart-016-339501,Mobile,+855016339501
Smart-016-339502,Mobile,+855016339502
Smart-016-339503,Mobile,+855016339503
Smart-016-339504,Mobile,+855016339504
Smart-016-339505,Mobile,+855016339505
Smart-016-339506,Mobile,+855016339506
Smart-016-339507,Mobile,+855016339507
Smart-016-339508,Mobile,+855016339508
Smart-016-339509,Mobile,+855016339509
Smart-016-339510,Mobile,+855016339510
Smart-016-339511,Mobile,+855016339511
Smart-016-339512,Mobile,+855016339512
Smart-016-339513,Mobile,+855016339513
Smart-016-339514,Mobile,+855016339514
Smart-016-339515,Mobile,+855016339515
Smart-016-339516,Mobile,+855016339516
Smart-016-339517,Mobile,+855016339517
Smart-016-339518,Mobile,+855016339518
Smart-016-339519,Mobile,+855016339519
Smart-016-339520,Mobile,+855016339520
Smart-016-339521,Mobile,+855016339521
Smart-016-339522,Mobile,+855016339522
Smart-016-339523,Mobile,+855016339523
Smart-016-339524,Mobile,+855016339524
Smart-016-339525,Mobile,+855016339525
Smart-016-339526,Mobile,+855016339526
Smart-016-339527,Mobile,+855016339527
Smart-016-339528,Mobile,+855016339528
Smart-016-339529,Mobile,+855016339529
Smart-016-339530,Mobile,+855016339530
Smart-016-339531,Mobile,+855016339531
Smart-016-339532,Mobile,+855016339532
Smart-016-339533,Mobile,+855016339533
Smart-016-339534,Mobile,+855016339534
Smart-016-339535,Mobile,+855016339535
Smart-016-339536,Mobile,+855016339536
Smart-016-339537,Mobile,+855016339537
Smart-016-339538,Mobile,+855016339538
Smart-016-339539,Mobile,+855016339539
Smart-016-339540,Mobile,+855016339540
Smart-016-339541,Mobile,+855016339541
Smart-016-339542,Mobile,+855016339542
Smart-016-339543,Mobile,+855016339543
Smart-016-339544,Mobile,+855016339544
Smart-016-339545,Mobile,+855016339545
Smart-016-339546,Mobile,+855016339546
Smart-016-339547,Mobile,+855016339547
Smart-016-339548,Mobile,+855016339548
Smart-016-339549,Mobile,+855016339549
Smart-016-339550,Mobile,+855016339550
Smart-016-339551,Mobile,+855016339551
Smart-016-339552,Mobile,+855016339552
Smart-016-339553,Mobile,+855016339553
Smart-016-339554,Mobile,+855016339554
Smart-016-339555,Mobile,+855016339555
Smart-016-339556,Mobile,+855016339556
Smart-016-339557,Mobile,+855016339557
Smart-016-339558,Mobile,+855016339558
Smart-016-339559,Mobile,+855016339559
Smart-016-339560,Mobile,+855016339560
Smart-016-339561,Mobile,+855016339561
Smart-016-339562,Mobile,+855016339562
Smart-016-339563,Mobile,+855016339563
Smart-016-339564,Mobile,+855016339564
Smart-016-339565,Mobile,+855016339565
Smart-016-339566,Mobile,+855016339566
Smart-016-339567,Mobile,+855016339567
Smart-016-339568,Mobile,+855016339568
Smart-016-339569,Mobile,+855016339569
Smart-016-339570,Mobile,+855016339570
Smart-016-339571,Mobile,+855016339571
Smart-016-339572,Mobile,+855016339572
Smart-016-339573,Mobile,+855016339573
Smart-016-339574,Mobile,+855016339574
Smart-016-339575,Mobile,+855016339575
Smart-016-339576,Mobile,+855016339576
Smart-016-339577,Mobile,+855016339577
Smart-016-339578,Mobile,+855016339578
Smart-016-339579,Mobile,+855016339579
Smart-016-339580,Mobile,+855016339580
Smart-016-339581,Mobile,+855016339581
Smart-016-339582,Mobile,+855016339582
Smart-016-339583,Mobile,+855016339583
Smart-016-339584,Mobile,+855016339584
Smart-016-339585,Mobile,+855016339585
Smart-016-339586,Mobile,+855016339586
Smart-016-339587,Mobile,+855016339587
Smart-016-339588,Mobile,+855016339588
Smart-016-339589,Mobile,+855016339589
Smart-016-339590,Mobile,+855016339590
Smart-016-339591,Mobile,+855016339591
Smart-016-339592,Mobile,+855016339592
Smart-016-339593,Mobile,+855016339593
Smart-016-339594,Mobile,+855016339594
Smart-016-339595,Mobile,+855016339595
Smart-016-339596,Mobile,+855016339596
Smart-016-339597,Mobile,+855016339597
Smart-016-339598,Mobile,+855016339598
Smart-016-339599,Mobile,+855016339599
Smart-016-339600,Mobile,+855016339600
Smart-016-339601,Mobile,+855016339601
Smart-016-339602,Mobile,+855016339602
Smart-016-339603,Mobile,+855016339603
Smart-016-339604,Mobile,+855016339604
Smart-016-339605,Mobile,+855016339605
Smart-016-339606,Mobile,+855016339606
Smart-016-339607,Mobile,+855016339607
Smart-016-339608,Mobile,+855016339608
Smart-016-339609,Mobile,+855016339609
Smart-016-339610,Mobile,+855016339610
Smart-016-339611,Mobile,+855016339611
Smart-016-339612,Mobile,+855016339612
Smart-016-339613,Mobile,+855016339613
Smart-016-339614,Mobile,+855016339614
Smart-016-339615,Mobile,+855016339615
Smart-016-339616,Mobile,+855016339616
Smart-016-339617,Mobile,+855016339617
Smart-016-339618,Mobile,+855016339618
Smart-016-339619,Mobile,+855016339619
Smart-016-339620,Mobile,+855016339620
Smart-016-339621,Mobile,+855016339621
Smart-016-339622,Mobile,+855016339622
Smart-016-339623,Mobile,+855016339623
Smart-016-339624,Mobile,+855016339624
Smart-016-339625,Mobile,+855016339625
Smart-016-339626,Mobile,+855016339626
Smart-016-339627,Mobile,+855016339627
Smart-016-339628,Mobile,+855016339628
Smart-016-339629,Mobile,+855016339629
Smart-016-339630,Mobile,+855016339630
Smart-016-339631,Mobile,+855016339631
Smart-016-339632,Mobile,+855016339632
Smart-016-339633,Mobile,+855016339633
Smart-016-339634,Mobile,+855016339634
Smart-016-339635,Mobile,+855016339635
Smart-016-339636,Mobile,+855016339636
Smart-016-339637,Mobile,+855016339637
Smart-016-339638,Mobile,+855016339638
Smart-016-339639,Mobile,+855016339639
Smart-016-339640,Mobile,+855016339640
Smart-016-339641,Mobile,+855016339641
Smart-016-339642,Mobile,+855016339642
Smart-016-339643,Mobile,+855016339643
Smart-016-339644,Mobile,+855016339644
Smart-016-339645,Mobile,+855016339645
Smart-016-339646,Mobile,+855016339646
Smart-016-339647,Mobile,+855016339647
Smart-016-339648,Mobile,+855016339648
Smart-016-339649,Mobile,+855016339649
Smart-016-339650,Mobile,+855016339650
Smart-016-339651,Mobile,+855016339651
Smart-016-339652,Mobile,+855016339652
Smart-016-339653,Mobile,+855016339653
Smart-016-339654,Mobile,+855016339654
Smart-016-339655,Mobile,+855016339655
Smart-016-339656,Mobile,+855016339656
Smart-016-339657,Mobile,+855016339657
Smart-016-339658,Mobile,+855016339658
Smart-016-339659,Mobile,+855016339659
Smart-016-339660,Mobile,+855016339660
Smart-016-339661,Mobile,+855016339661
Smart-016-339662,Mobile,+855016339662
Smart-016-339663,Mobile,+855016339663
Smart-016-339664,Mobile,+855016339664
Smart-016-339665,Mobile,+855016339665
Smart-016-339666,Mobile,+855016339666
Smart-016-339667,Mobile,+855016339667
Smart-016-339668,Mobile,+855016339668
Smart-016-339669,Mobile,+855016339669
Smart-016-339670,Mobile,+855016339670
Smart-016-339671,Mobile,+855016339671
Smart-016-339672,Mobile,+855016339672
Smart-016-339673,Mobile,+855016339673
Smart-016-339674,Mobile,+855016339674
Smart-016-339675,Mobile,+855016339675
Smart-016-339676,Mobile,+855016339676
Smart-016-339677,Mobile,+855016339677
Smart-016-339678,Mobile,+855016339678
Smart-016-339679,Mobile,+855016339679
Smart-016-339680,Mobile,+855016339680
Smart-016-339681,Mobile,+855016339681
Smart-016-339682,Mobile,+855016339682
Smart-016-339683,Mobile,+855016339683
Smart-016-339684,Mobile,+855016339684
Smart-016-339685,Mobile,+855016339685
Smart-016-339686,Mobile,+855016339686
Smart-016-339687,Mobile,+855016339687
Smart-016-339688,Mobile,+855016339688
Smart-016-339689,Mobile,+855016339689
Smart-016-339690,Mobile,+855016339690
Smart-016-339691,Mobile,+855016339691
Smart-016-339692,Mobile,+855016339692
Smart-016-339693,Mobile,+855016339693
Smart-016-339694,Mobile,+855016339694
Smart-016-339695,Mobile,+855016339695
Smart-016-339696,Mobile,+855016339696
Smart-016-339697,Mobile,+855016339697
Smart-016-339698,Mobile,+855016339698
Smart-016-339699,Mobile,+855016339699
Smart-016-339700,Mobile,+855016339700
Smart-016-339701,Mobile,+855016339701
Smart-016-339702,Mobile,+855016339702
Smart-016-339703,Mobile,+855016339703
Smart-016-339704,Mobile,+855016339704
Smart-016-339705,Mobile,+855016339705
Smart-016-339706,Mobile,+855016339706
Smart-016-339707,Mobile,+855016339707
Smart-016-339708,Mobile,+855016339708
Smart-016-339709,Mobile,+855016339709
Smart-016-339710,Mobile,+855016339710
Smart-016-339711,Mobile,+855016339711
Smart-016-339712,Mobile,+855016339712
Smart-016-339713,Mobile,+855016339713
Smart-016-339714,Mobile,+855016339714
Smart-016-339715,Mobile,+855016339715
Smart-016-339716,Mobile,+855016339716
Smart-016-339717,Mobile,+855016339717
Smart-016-339718,Mobile,+855016339718
Smart-016-339719,Mobile,+855016339719
Smart-016-339720,Mobile,+855016339720
Smart-016-339721,Mobile,+855016339721
Smart-016-339722,Mobile,+855016339722
Smart-016-339723,Mobile,+855016339723
Smart-016-339724,Mobile,+855016339724
Smart-016-339725,Mobile,+855016339725
Smart-016-339726,Mobile,+855016339726
Smart-016-339727,Mobile,+855016339727
Smart-016-339728,Mobile,+855016339728
Smart-016-339729,Mobile,+855016339729
Smart-016-339730,Mobile,+855016339730
Smart-016-339731,Mobile,+855016339731
Smart-016-339732,Mobile,+855016339732
Smart-016-339733,Mobile,+855016339733
Smart-016-339734,Mobile,+855016339734
Smart-016-339735,Mobile,+855016339735
Smart-016-339736,Mobile,+855016339736
Smart-016-339737,Mobile,+855016339737
Smart-016-339738,Mobile,+855016339738
Smart-016-339739,Mobile,+855016339739
Smart-016-339740,Mobile,+855016339740
Smart-016-339741,Mobile,+855016339741
Smart-016-339742,Mobile,+855016339742
Smart-016-339743,Mobile,+855016339743
Smart-016-339744,Mobile,+855016339744
Smart-016-339745,Mobile,+855016339745
Smart-016-339746,Mobile,+855016339746
Smart-016-339747,Mobile,+855016339747
Smart-016-339748,Mobile,+855016339748
Smart-016-339749,Mobile,+855016339749
Smart-016-339750,Mobile,+855016339750
Smart-016-339751,Mobile,+855016339751
Smart-016-339752,Mobile,+855016339752
Smart-016-339753,Mobile,+855016339753
Smart-016-339754,Mobile,+855016339754
Smart-016-339755,Mobile,+855016339755
Smart-016-339756,Mobile,+855016339756
Smart-016-339757,Mobile,+855016339757
Smart-016-339758,Mobile,+855016339758
Smart-016-339759,Mobile,+855016339759
Smart-016-339760,Mobile,+855016339760
Smart-016-339761,Mobile,+855016339761
Smart-016-339762,Mobile,+855016339762
Smart-016-339763,Mobile,+855016339763
Smart-016-339764,Mobile,+855016339764
Smart-016-339765,Mobile,+855016339765
Smart-016-339766,Mobile,+855016339766
Smart-016-339767,Mobile,+855016339767
Smart-016-339768,Mobile,+855016339768
Smart-016-339769,Mobile,+855016339769
Smart-016-339770,Mobile,+855016339770
Smart-016-339771,Mobile,+855016339771
Smart-016-339772,Mobile,+855016339772
Smart-016-339773,Mobile,+855016339773
Smart-016-339774,Mobile,+855016339774
Smart-016-339775,Mobile,+855016339775
Smart-016-339776,Mobile,+855016339776
Smart-016-339777,Mobile,+855016339777
Smart-016-339778,Mobile,+855016339778
Smart-016-339779,Mobile,+855016339779
Smart-016-339780,Mobile,+855016339780
Smart-016-339781,Mobile,+855016339781
Smart-016-339782,Mobile,+855016339782
Smart-016-339783,Mobile,+855016339783
Smart-016-339784,Mobile,+855016339784
Smart-016-339785,Mobile,+855016339785
Smart-016-339786,Mobile,+855016339786
Smart-016-339787,Mobile,+855016339787
Smart-016-339788,Mobile,+855016339788
Smart-016-339789,Mobile,+855016339789
Smart-016-339790,Mobile,+855016339790
Smart-016-339791,Mobile,+855016339791
Smart-016-339792,Mobile,+855016339792
Smart-016-339793,Mobile,+855016339793
Smart-016-339794,Mobile,+855016339794
Smart-016-339795,Mobile,+855016339795
Smart-016-339796,Mobile,+855016339796
Smart-016-339797,Mobile,+855016339797
Smart-016-339798,Mobile,+855016339798
Smart-016-339799,Mobile,+855016339799
Smart-016-339800,Mobile,+855016339800
Smart-016-339801,Mobile,+855016339801
Smart-016-339802,Mobile,+855016339802
Smart-016-339803,Mobile,+855016339803
Smart-016-339804,Mobile,+855016339804
Smart-016-339805,Mobile,+855016339805
Smart-016-339806,Mobile,+855016339806
Smart-016-339807,Mobile,+855016339807
Smart-016-339808,Mobile,+855016339808
Smart-016-339809,Mobile,+855016339809
Smart-016-339810,Mobile,+855016339810
Smart-016-339811,Mobile,+855016339811
Smart-016-339812,Mobile,+855016339812
Smart-016-339813,Mobile,+855016339813
Smart-016-339814,Mobile,+855016339814
Smart-016-339815,Mobile,+855016339815
Smart-016-339816,Mobile,+855016339816
Smart-016-339817,Mobile,+855016339817
Smart-016-339818,Mobile,+855016339818
Smart-016-339819,Mobile,+855016339819
Smart-016-339820,Mobile,+855016339820
Smart-016-339821,Mobile,+855016339821
Smart-016-339822,Mobile,+855016339822
Smart-016-339823,Mobile,+855016339823
Smart-016-339824,Mobile,+855016339824
Smart-016-339825,Mobile,+855016339825
Smart-016-339826,Mobile,+855016339826
Smart-016-339827,Mobile,+855016339827
Smart-016-339828,Mobile,+855016339828
Smart-016-339829,Mobile,+855016339829
Smart-016-339830,Mobile,+855016339830
Smart-016-339831,Mobile,+855016339831
Smart-016-339832,Mobile,+855016339832
Smart-016-339833,Mobile,+855016339833
Smart-016-339834,Mobile,+855016339834
Smart-016-339835,Mobile,+855016339835
Smart-016-339836,Mobile,+855016339836
Smart-016-339837,Mobile,+855016339837
Smart-016-339838,Mobile,+855016339838
Smart-016-339839,Mobile,+855016339839
Smart-016-339840,Mobile,+855016339840
Smart-016-339841,Mobile,+855016339841
Smart-016-339842,Mobile,+855016339842
Smart-016-339843,Mobile,+855016339843
Smart-016-339844,Mobile,+855016339844
Smart-016-339845,Mobile,+855016339845
Smart-016-339846,Mobile,+855016339846
Smart-016-339847,Mobile,+855016339847
Smart-016-339848,Mobile,+855016339848
Smart-016-339849,Mobile,+855016339849
Smart-016-339850,Mobile,+855016339850
Smart-016-339851,Mobile,+855016339851
Smart-016-339852,Mobile,+855016339852
Smart-016-339853,Mobile,+855016339853
Smart-016-339854,Mobile,+855016339854
Smart-016-339855,Mobile,+855016339855
Smart-016-339856,Mobile,+855016339856
Smart-016-339857,Mobile,+855016339857
Smart-016-339858,Mobile,+855016339858
Smart-016-339859,Mobile,+855016339859
Smart-016-339860,Mobile,+855016339860
Smart-016-339861,Mobile,+855016339861
Smart-016-339862,Mobile,+855016339862
Smart-016-339863,Mobile,+855016339863
Smart-016-339864,Mobile,+855016339864
Smart-016-339865,Mobile,+855016339865
Smart-016-339866,Mobile,+855016339866
Smart-016-339867,Mobile,+855016339867
Smart-016-339868,Mobile,+855016339868
Smart-016-339869,Mobile,+855016339869
Smart-016-339870,Mobile,+855016339870
Smart-016-339871,Mobile,+855016339871
Smart-016-339872,Mobile,+855016339872
Smart-016-339873,Mobile,+855016339873
Smart-016-339874,Mobile,+855016339874
Smart-016-339875,Mobile,+855016339875
Smart-016-339876,Mobile,+855016339876
Smart-016-339877,Mobile,+855016339877
Smart-016-339878,Mobile,+855016339878
Smart-016-339879,Mobile,+855016339879
Smart-016-339880,Mobile,+855016339880
Smart-016-339881,Mobile,+855016339881
Smart-016-339882,Mobile,+855016339882
Smart-016-339883,Mobile,+855016339883
Smart-016-339884,Mobile,+855016339884
Smart-016-339885,Mobile,+855016339885
Smart-016-339886,Mobile,+855016339886
Smart-016-339887,Mobile,+855016339887
Smart-016-339888,Mobile,+855016339888
Smart-016-339889,Mobile,+855016339889
Smart-016-339890,Mobile,+855016339890
Smart-016-339891,Mobile,+855016339891
Smart-016-339892,Mobile,+855016339892
Smart-016-339893,Mobile,+855016339893
Smart-016-339894,Mobile,+855016339894
Smart-016-339895,Mobile,+855016339895
Smart-016-339896,Mobile,+855016339896
Smart-016-339897,Mobile,+855016339897
Smart-016-339898,Mobile,+855016339898
Smart-016-339899,Mobile,+855016339899
Smart-016-339900,Mobile,+855016339900
Smart-016-339901,Mobile,+855016339901
Smart-016-339902,Mobile,+855016339902
Smart-016-339903,Mobile,+855016339903
Smart-016-339904,Mobile,+855016339904
Smart-016-339905,Mobile,+855016339905
Smart-016-339906,Mobile,+855016339906
Smart-016-339907,Mobile,+855016339907
Smart-016-339908,Mobile,+855016339908
Smart-016-339909,Mobile,+855016339909
Smart-016-339910,Mobile,+855016339910
Smart-016-339911,Mobile,+855016339911
Smart-016-339912,Mobile,+855016339912
Smart-016-339913,Mobile,+855016339913
Smart-016-339914,Mobile,+855016339914
Smart-016-339915,Mobile,+855016339915
Smart-016-339916,Mobile,+855016339916
Smart-016-339917,Mobile,+855016339917
Smart-016-339918,Mobile,+855016339918
Smart-016-339919,Mobile,+855016339919
Smart-016-339920,Mobile,+855016339920
Smart-016-339921,Mobile,+855016339921
Smart-016-339922,Mobile,+855016339922
Smart-016-339923,Mobile,+855016339923
Smart-016-339924,Mobile,+855016339924
Smart-016-339925,Mobile,+855016339925
Smart-016-339926,Mobile,+855016339926
Smart-016-339927,Mobile,+855016339927
Smart-016-339928,Mobile,+855016339928
Smart-016-339929,Mobile,+855016339929
Smart-016-339930,Mobile,+855016339930
Smart-016-339931,Mobile,+855016339931
Smart-016-339932,Mobile,+855016339932
Smart-016-339933,Mobile,+855016339933
Smart-016-339934,Mobile,+855016339934
Smart-016-339935,Mobile,+855016339935
Smart-016-339936,Mobile,+855016339936
Smart-016-339937,Mobile,+855016339937
Smart-016-339938,Mobile,+855016339938
Smart-016-339939,Mobile,+855016339939
Smart-016-339940,Mobile,+855016339940
Smart-016-339941,Mobile,+855016339941
Smart-016-339942,Mobile,+855016339942
Smart-016-339943,Mobile,+855016339943
Smart-016-339944,Mobile,+855016339944
Smart-016-339945,Mobile,+855016339945
Smart-016-339946,Mobile,+855016339946
Smart-016-339947,Mobile,+855016339947
Smart-016-339948,Mobile,+855016339948
Smart-016-339949,Mobile,+855016339949
Smart-016-339950,Mobile,+855016339950
Smart-016-339951,Mobile,+855016339951
Smart-016-339952,Mobile,+855016339952
Smart-016-339953,Mobile,+855016339953
Smart-016-339954,Mobile,+855016339954
Smart-016-339955,Mobile,+855016339955
Smart-016-339956,Mobile,+855016339956
Smart-016-339957,Mobile,+855016339957
Smart-016-339958,Mobile,+855016339958
Smart-016-339959,Mobile,+855016339959
Smart-016-339960,Mobile,+855016339960
Smart-016-339961,Mobile,+855016339961
Smart-016-339962,Mobile,+855016339962
Smart-016-339963,Mobile,+855016339963
Smart-016-339964,Mobile,+855016339964
Smart-016-339965,Mobile,+855016339965
Smart-016-339966,Mobile,+855016339966
Smart-016-339967,Mobile,+855016339967
Smart-016-339968,Mobile,+855016339968
Smart-016-339969,Mobile,+855016339969
Smart-016-339970,Mobile,+855016339970
Smart-016-339971,Mobile,+855016339971
Smart-016-339972,Mobile,+855016339972
Smart-016-339973,Mobile,+855016339973
Smart-016-339974,Mobile,+855016339974
Smart-016-339975,Mobile,+855016339975
Smart-016-339976,Mobile,+855016339976
Smart-016-339977,Mobile,+855016339977
Smart-016-339978,Mobile,+855016339978
Smart-016-339979,Mobile,+855016339979
Smart-016-339980,Mobile,+855016339980
Smart-016-339981,Mobile,+855016339981
Smart-016-339982,Mobile,+855016339982
Smart-016-339983,Mobile,+855016339983
Smart-016-339984,Mobile,+855016339984
Smart-016-339985,Mobile,+855016339985
Smart-016-339986,Mobile,+855016339986
Smart-016-339987,Mobile,+855016339987
Smart-016-339988,Mobile,+855016339988
Smart-016-339989,Mobile,+855016339989
Smart-016-339990,Mobile,+855016339990
Smart-016-339991,Mobile,+855016339991
Smart-016-339992,Mobile,+855016339992
Smart-016-339993,Mobile,+855016339993
Smart-016-339994,Mobile,+855016339994
Smart-016-339995,Mobile,+855016339995
Smart-016-339996,Mobile,+855016339996
Smart-016-339997,Mobile,+855016339997
Smart-016-339998,Mobile,+855016339998
Smart-016-339999,Mobile,+855016339999
Smart-016-340000,Mobile,+855016340000
Smart-016-340001,Mobile,+855016340001
Smart-016-340002,Mobile,+855016340002
Smart-016-340003,Mobile,+855016340003
Smart-016-340004,Mobile,+855016340004
Smart-016-340005,Mobile,+855016340005
Smart-016-340006,Mobile,+855016340006
Smart-016-340007,Mobile,+855016340007
Smart-016-340008,Mobile,+855016340008
Smart-016-340009,Mobile,+855016340009
Smart-016-340010,Mobile,+855016340010
Smart-016-340011,Mobile,+855016340011
Smart-016-340012,Mobile,+855016340012
Smart-016-340013,Mobile,+855016340013
Smart-016-340014,Mobile,+855016340014
Smart-016-340015,Mobile,+855016340015
Smart-016-340016,Mobile,+855016340016
Smart-016-340017,Mobile,+855016340017
Smart-016-340018,Mobile,+855016340018
Smart-016-340019,Mobile,+855016340019
Smart-016-340020,Mobile,+855016340020
Smart-016-340021,Mobile,+855016340021
Smart-016-340022,Mobile,+855016340022
Smart-016-340023,Mobile,+855016340023
Smart-016-340024,Mobile,+855016340024
Smart-016-340025,Mobile,+855016340025
Smart-016-340026,Mobile,+855016340026
Smart-016-340027,Mobile,+855016340027
Smart-016-340028,Mobile,+855016340028
Smart-016-340029,Mobile,+855016340029
Smart-016-340030,Mobile,+855016340030
Smart-016-340031,Mobile,+855016340031
Smart-016-340032,Mobile,+855016340032
Smart-016-340033,Mobile,+855016340033
Smart-016-340034,Mobile,+855016340034
Smart-016-340035,Mobile,+855016340035
Smart-016-340036,Mobile,+855016340036
Smart-016-340037,Mobile,+855016340037
Smart-016-340038,Mobile,+855016340038
Smart-016-340039,Mobile,+855016340039
Smart-016-340040,Mobile,+855016340040
Smart-016-340041,Mobile,+855016340041
Smart-016-340042,Mobile,+855016340042
Smart-016-340043,Mobile,+855016340043
Smart-016-340044,Mobile,+855016340044
Smart-016-340045,Mobile,+855016340045
Smart-016-340046,Mobile,+855016340046
Smart-016-340047,Mobile,+855016340047
Smart-016-340048,Mobile,+855016340048
Smart-016-340049,Mobile,+855016340049
Smart-016-340050,Mobile,+855016340050
Smart-016-340051,Mobile,+855016340051
Smart-016-340052,Mobile,+855016340052
Smart-016-340053,Mobile,+855016340053
Smart-016-340054,Mobile,+855016340054
Smart-016-340055,Mobile,+855016340055
Smart-016-340056,Mobile,+855016340056
Smart-016-340057,Mobile,+855016340057
Smart-016-340058,Mobile,+855016340058
Smart-016-340059,Mobile,+855016340059
Smart-016-340060,Mobile,+855016340060
Smart-016-340061,Mobile,+855016340061
Smart-016-340062,Mobile,+855016340062
Smart-016-340063,Mobile,+855016340063
Smart-016-340064,Mobile,+855016340064
Smart-016-340065,Mobile,+855016340065
Smart-016-340066,Mobile,+855016340066
Smart-016-340067,Mobile,+855016340067
Smart-016-340068,Mobile,+855016340068
Smart-016-340069,Mobile,+855016340069
Smart-016-340070,Mobile,+855016340070
Smart-016-340071,Mobile,+855016340071
Smart-016-340072,Mobile,+855016340072
Smart-016-340073,Mobile,+855016340073
Smart-016-340074,Mobile,+855016340074
Smart-016-340075,Mobile,+855016340075
Smart-016-340076,Mobile,+855016340076
Smart-016-340077,Mobile,+855016340077
Smart-016-340078,Mobile,+855016340078
Smart-016-340079,Mobile,+855016340079
Smart-016-340080,Mobile,+855016340080
Smart-016-340081,Mobile,+855016340081
Smart-016-340082,Mobile,+855016340082
Smart-016-340083,Mobile,+855016340083
Smart-016-340084,Mobile,+855016340084
Smart-016-340085,Mobile,+855016340085
Smart-016-340086,Mobile,+855016340086
Smart-016-340087,Mobile,+855016340087
Smart-016-340088,Mobile,+855016340088
Smart-016-340089,Mobile,+855016340089
Smart-016-340090,Mobile,+855016340090
Smart-016-340091,Mobile,+855016340091
Smart-016-340092,Mobile,+855016340092
Smart-016-340093,Mobile,+855016340093
Smart-016-340094,Mobile,+855016340094
Smart-016-340095,Mobile,+855016340095
Smart-016-340096,Mobile,+855016340096
Smart-016-340097,Mobile,+855016340097
Smart-016-340098,Mobile,+855016340098
Smart-016-340099,Mobile,+855016340099
Smart-016-340100,Mobile,+855016340100
Smart-016-340101,Mobile,+855016340101
Smart-016-340102,Mobile,+855016340102
Smart-016-340103,Mobile,+855016340103
Smart-016-340104,Mobile,+855016340104
Smart-016-340105,Mobile,+855016340105
Smart-016-340106,Mobile,+855016340106
Smart-016-340107,Mobile,+855016340107
Smart-016-340108,Mobile,+855016340108
Smart-016-340109,Mobile,+855016340109
Smart-016-340110,Mobile,+855016340110
Smart-016-340111,Mobile,+855016340111
Smart-016-340112,Mobile,+855016340112
Smart-016-340113,Mobile,+855016340113
Smart-016-340114,Mobile,+855016340114
Smart-016-340115,Mobile,+855016340115
Smart-016-340116,Mobile,+855016340116
Smart-016-340117,Mobile,+855016340117
Smart-016-340118,Mobile,+855016340118
Smart-016-340119,Mobile,+855016340119
Smart-016-340120,Mobile,+855016340120
Smart-016-340121,Mobile,+855016340121
Smart-016-340122,Mobile,+855016340122
Smart-016-340123,Mobile,+855016340123
Smart-016-340124,Mobile,+855016340124
Smart-016-340125,Mobile,+855016340125
Smart-016-340126,Mobile,+855016340126
Smart-016-340127,Mobile,+855016340127
Smart-016-340128,Mobile,+855016340128
Smart-016-340129,Mobile,+855016340129
Smart-016-340130,Mobile,+855016340130
Smart-016-340131,Mobile,+855016340131
Smart-016-340132,Mobile,+855016340132
Smart-016-340133,Mobile,+855016340133
Smart-016-340134,Mobile,+855016340134
Smart-016-340135,Mobile,+855016340135
Smart-016-340136,Mobile,+855016340136
Smart-016-340137,Mobile,+855016340137
Smart-016-340138,Mobile,+855016340138
Smart-016-340139,Mobile,+855016340139
Smart-016-340140,Mobile,+855016340140
Smart-016-340141,Mobile,+855016340141
Smart-016-340142,Mobile,+855016340142
Smart-016-340143,Mobile,+855016340143
Smart-016-340144,Mobile,+855016340144
Smart-016-340145,Mobile,+855016340145
Smart-016-340146,Mobile,+855016340146
Smart-016-340147,Mobile,+855016340147
Smart-016-340148,Mobile,+855016340148
Smart-016-340149,Mobile,+855016340149
Smart-016-340150,Mobile,+855016340150
Smart-016-340151,Mobile,+855016340151
Smart-016-340152,Mobile,+855016340152
Smart-016-340153,Mobile,+855016340153
Smart-016-340154,Mobile,+855016340154
Smart-016-340155,Mobile,+855016340155
Smart-016-340156,Mobile,+855016340156
Smart-016-340157,Mobile,+855016340157
Smart-016-340158,Mobile,+855016340158
Smart-016-340159,Mobile,+855016340159
Smart-016-340160,Mobile,+855016340160
Smart-016-340161,Mobile,+855016340161
Smart-016-340162,Mobile,+855016340162
Smart-016-340163,Mobile,+855016340163
Smart-016-340164,Mobile,+855016340164
Smart-016-340165,Mobile,+855016340165
Smart-016-340166,Mobile,+855016340166
Smart-016-340167,Mobile,+855016340167
Smart-016-340168,Mobile,+855016340168
Smart-016-340169,Mobile,+855016340169
Smart-016-340170,Mobile,+855016340170
Smart-016-340171,Mobile,+855016340171
Smart-016-340172,Mobile,+855016340172
Smart-016-340173,Mobile,+855016340173
Smart-016-340174,Mobile,+855016340174
Smart-016-340175,Mobile,+855016340175
Smart-016-340176,Mobile,+855016340176
Smart-016-340177,Mobile,+855016340177
Smart-016-340178,Mobile,+855016340178
Smart-016-340179,Mobile,+855016340179
Smart-016-340180,Mobile,+855016340180
Smart-016-340181,Mobile,+855016340181
Smart-016-340182,Mobile,+855016340182
Smart-016-340183,Mobile,+855016340183
Smart-016-340184,Mobile,+855016340184
Smart-016-340185,Mobile,+855016340185
Smart-016-340186,Mobile,+855016340186
Smart-016-340187,Mobile,+855016340187
Smart-016-340188,Mobile,+855016340188
Smart-016-340189,Mobile,+855016340189
Smart-016-340190,Mobile,+855016340190
Smart-016-340191,Mobile,+855016340191
Smart-016-340192,Mobile,+855016340192
Smart-016-340193,Mobile,+855016340193
Smart-016-340194,Mobile,+855016340194
Smart-016-340195,Mobile,+855016340195
Smart-016-340196,Mobile,+855016340196
Smart-016-340197,Mobile,+855016340197
Smart-016-340198,Mobile,+855016340198
Smart-016-340199,Mobile,+855016340199
Smart-016-340200,Mobile,+855016340200
Smart-016-340201,Mobile,+855016340201
Smart-016-340202,Mobile,+855016340202
Smart-016-340203,Mobile,+855016340203
Smart-016-340204,Mobile,+855016340204
Smart-016-340205,Mobile,+855016340205
Smart-016-340206,Mobile,+855016340206
Smart-016-340207,Mobile,+855016340207
Smart-016-340208,Mobile,+855016340208
Smart-016-340209,Mobile,+855016340209
Smart-016-340210,Mobile,+855016340210
Smart-016-340211,Mobile,+855016340211
Smart-016-340212,Mobile,+855016340212
Smart-016-340213,Mobile,+855016340213
Smart-016-340214,Mobile,+855016340214
Smart-016-340215,Mobile,+855016340215
Smart-016-340216,Mobile,+855016340216
Smart-016-340217,Mobile,+855016340217
Smart-016-340218,Mobile,+855016340218
Smart-016-340219,Mobile,+855016340219
Smart-016-340220,Mobile,+855016340220
Smart-016-340221,Mobile,+855016340221
Smart-016-340222,Mobile,+855016340222
Smart-016-340223,Mobile,+855016340223
Smart-016-340224,Mobile,+855016340224
Smart-016-340225,Mobile,+855016340225
Smart-016-340226,Mobile,+855016340226
Smart-016-340227,Mobile,+855016340227
Smart-016-340228,Mobile,+855016340228
Smart-016-340229,Mobile,+855016340229
Smart-016-340230,Mobile,+855016340230
Smart-016-340231,Mobile,+855016340231
Smart-016-340232,Mobile,+855016340232
Smart-016-340233,Mobile,+855016340233
Smart-016-340234,Mobile,+855016340234
Smart-016-340235,Mobile,+855016340235
Smart-016-340236,Mobile,+855016340236
Smart-016-340237,Mobile,+855016340237
Smart-016-340238,Mobile,+855016340238
Smart-016-340239,Mobile,+855016340239
Smart-016-340240,Mobile,+855016340240
Smart-016-340241,Mobile,+855016340241
Smart-016-340242,Mobile,+855016340242
Smart-016-340243,Mobile,+855016340243
Smart-016-340244,Mobile,+855016340244
Smart-016-340245,Mobile,+855016340245
Smart-016-340246,Mobile,+855016340246
Smart-016-340247,Mobile,+855016340247
Smart-016-340248,Mobile,+855016340248
Smart-016-340249,Mobile,+855016340249
Smart-016-340250,Mobile,+855016340250
Smart-016-340251,Mobile,+855016340251
Smart-016-340252,Mobile,+855016340252
Smart-016-340253,Mobile,+855016340253
Smart-016-340254,Mobile,+855016340254
Smart-016-340255,Mobile,+855016340255
Smart-016-340256,Mobile,+855016340256
Smart-016-340257,Mobile,+855016340257
Smart-016-340258,Mobile,+855016340258
Smart-016-340259,Mobile,+855016340259
Smart-016-340260,Mobile,+855016340260
Smart-016-340261,Mobile,+855016340261
Smart-016-340262,Mobile,+855016340262
Smart-016-340263,Mobile,+855016340263
Smart-016-340264,Mobile,+855016340264
Smart-016-340265,Mobile,+855016340265
Smart-016-340266,Mobile,+855016340266
Smart-016-340267,Mobile,+855016340267
Smart-016-340268,Mobile,+855016340268
Smart-016-340269,Mobile,+855016340269
Smart-016-340270,Mobile,+855016340270
Smart-016-340271,Mobile,+855016340271
Smart-016-340272,Mobile,+855016340272
Smart-016-340273,Mobile,+855016340273
Smart-016-340274,Mobile,+855016340274
Smart-016-340275,Mobile,+855016340275
Smart-016-340276,Mobile,+855016340276
Smart-016-340277,Mobile,+855016340277
Smart-016-340278,Mobile,+855016340278
Smart-016-340279,Mobile,+855016340279
Smart-016-340280,Mobile,+855016340280
Smart-016-340281,Mobile,+855016340281
Smart-016-340282,Mobile,+855016340282
Smart-016-340283,Mobile,+855016340283
Smart-016-340284,Mobile,+855016340284
Smart-016-340285,Mobile,+855016340285
Smart-016-340286,Mobile,+855016340286
Smart-016-340287,Mobile,+855016340287
Smart-016-340288,Mobile,+855016340288
Smart-016-340289,Mobile,+855016340289
Smart-016-340290,Mobile,+855016340290
Smart-016-340291,Mobile,+855016340291
Smart-016-340292,Mobile,+855016340292
Smart-016-340293,Mobile,+855016340293
Smart-016-340294,Mobile,+855016340294
Smart-016-340295,Mobile,+855016340295
Smart-016-340296,Mobile,+855016340296
Smart-016-340297,Mobile,+855016340297
Smart-016-340298,Mobile,+855016340298
Smart-016-340299,Mobile,+855016340299
Smart-016-340300,Mobile,+855016340300
Smart-016-340301,Mobile,+855016340301
Smart-016-340302,Mobile,+855016340302
Smart-016-340303,Mobile,+855016340303
Smart-016-340304,Mobile,+855016340304
Smart-016-340305,Mobile,+855016340305
Smart-016-340306,Mobile,+855016340306
Smart-016-340307,Mobile,+855016340307
Smart-016-340308,Mobile,+855016340308
Smart-016-340309,Mobile,+855016340309
Smart-016-340310,Mobile,+855016340310
Smart-016-340311,Mobile,+855016340311
Smart-016-340312,Mobile,+855016340312
Smart-016-340313,Mobile,+855016340313
Smart-016-340314,Mobile,+855016340314
Smart-016-340315,Mobile,+855016340315
Smart-016-340316,Mobile,+855016340316
Smart-016-340317,Mobile,+855016340317
Smart-016-340318,Mobile,+855016340318
Smart-016-340319,Mobile,+855016340319
Smart-016-340320,Mobile,+855016340320
Smart-016-340321,Mobile,+855016340321
Smart-016-340322,Mobile,+855016340322
Smart-016-340323,Mobile,+855016340323
Smart-016-340324,Mobile,+855016340324
Smart-016-340325,Mobile,+855016340325
Smart-016-340326,Mobile,+855016340326
Smart-016-340327,Mobile,+855016340327
Smart-016-340328,Mobile,+855016340328
Smart-016-340329,Mobile,+855016340329
Smart-016-340330,Mobile,+855016340330
Smart-016-340331,Mobile,+855016340331
Smart-016-340332,Mobile,+855016340332
Smart-016-340333,Mobile,+855016340333
Smart-016-340334,Mobile,+855016340334
Smart-016-340335,Mobile,+855016340335
Smart-016-340336,Mobile,+855016340336
Smart-016-340337,Mobile,+855016340337
Smart-016-340338,Mobile,+855016340338
Smart-016-340339,Mobile,+855016340339
Smart-016-340340,Mobile,+855016340340
Smart-016-340341,Mobile,+855016340341
Smart-016-340342,Mobile,+855016340342
Smart-016-340343,Mobile,+855016340343
Smart-016-340344,Mobile,+855016340344
Smart-016-340345,Mobile,+855016340345
Smart-016-340346,Mobile,+855016340346
Smart-016-340347,Mobile,+855016340347
Smart-016-340348,Mobile,+855016340348
Smart-016-340349,Mobile,+855016340349
Smart-016-340350,Mobile,+855016340350
Smart-016-340351,Mobile,+855016340351
Smart-016-340352,Mobile,+855016340352
Smart-016-340353,Mobile,+855016340353
Smart-016-340354,Mobile,+855016340354
Smart-016-340355,Mobile,+855016340355
Smart-016-340356,Mobile,+855016340356
Smart-016-340357,Mobile,+855016340357
Smart-016-340358,Mobile,+855016340358
Smart-016-340359,Mobile,+855016340359
Smart-016-340360,Mobile,+855016340360
Smart-016-340361,Mobile,+855016340361
Smart-016-340362,Mobile,+855016340362
Smart-016-340363,Mobile,+855016340363
Smart-016-340364,Mobile,+855016340364
Smart-016-340365,Mobile,+855016340365
Smart-016-340366,Mobile,+855016340366
Smart-016-340367,Mobile,+855016340367
Smart-016-340368,Mobile,+855016340368
Smart-016-340369,Mobile,+855016340369
Smart-016-340370,Mobile,+855016340370
Smart-016-340371,Mobile,+855016340371
Smart-016-340372,Mobile,+855016340372
Smart-016-340373,Mobile,+855016340373
Smart-016-340374,Mobile,+855016340374
Smart-016-340375,Mobile,+855016340375
Smart-016-340376,Mobile,+855016340376
Smart-016-340377,Mobile,+855016340377
Smart-016-340378,Mobile,+855016340378
Smart-016-340379,Mobile,+855016340379
Smart-016-340380,Mobile,+855016340380
Smart-016-340381,Mobile,+855016340381
Smart-016-340382,Mobile,+855016340382
Smart-016-340383,Mobile,+855016340383
Smart-016-340384,Mobile,+855016340384
Smart-016-340385,Mobile,+855016340385
Smart-016-340386,Mobile,+855016340386
Smart-016-340387,Mobile,+855016340387
Smart-016-340388,Mobile,+855016340388
Smart-016-340389,Mobile,+855016340389
Smart-016-340390,Mobile,+855016340390
Smart-016-340391,Mobile,+855016340391
Smart-016-340392,Mobile,+855016340392
Smart-016-340393,Mobile,+855016340393
Smart-016-340394,Mobile,+855016340394
Smart-016-340395,Mobile,+855016340395
Smart-016-340396,Mobile,+855016340396
Smart-016-340397,Mobile,+855016340397
Smart-016-340398,Mobile,+855016340398
Smart-016-340399,Mobile,+855016340399
Smart-016-340400,Mobile,+855016340400
Smart-016-340401,Mobile,+855016340401
Smart-016-340402,Mobile,+855016340402
Smart-016-340403,Mobile,+855016340403
Smart-016-340404,Mobile,+855016340404
Smart-016-340405,Mobile,+855016340405
Smart-016-340406,Mobile,+855016340406
Smart-016-340407,Mobile,+855016340407
Smart-016-340408,Mobile,+855016340408
Smart-016-340409,Mobile,+855016340409
Smart-016-340410,Mobile,+855016340410
Smart-016-340411,Mobile,+855016340411
Smart-016-340412,Mobile,+855016340412
Smart-016-340413,Mobile,+855016340413
Smart-016-340414,Mobile,+855016340414
Smart-016-340415,Mobile,+855016340415
Smart-016-340416,Mobile,+855016340416
Smart-016-340417,Mobile,+855016340417
Smart-016-340418,Mobile,+855016340418
Smart-016-340419,Mobile,+855016340419
Smart-016-340420,Mobile,+855016340420
Smart-016-340421,Mobile,+855016340421
Smart-016-340422,Mobile,+855016340422
Smart-016-340423,Mobile,+855016340423
Smart-016-340424,Mobile,+855016340424
Smart-016-340425,Mobile,+855016340425
Smart-016-340426,Mobile,+855016340426
Smart-016-340427,Mobile,+855016340427
Smart-016-340428,Mobile,+855016340428
Smart-016-340429,Mobile,+855016340429
Smart-016-340430,Mobile,+855016340430
Smart-016-340431,Mobile,+855016340431
Smart-016-340432,Mobile,+855016340432
Smart-016-340433,Mobile,+855016340433
Smart-016-340434,Mobile,+855016340434
Smart-016-340435,Mobile,+855016340435
Smart-016-340436,Mobile,+855016340436
Smart-016-340437,Mobile,+855016340437
Smart-016-340438,Mobile,+855016340438
Smart-016-340439,Mobile,+855016340439
Smart-016-340440,Mobile,+855016340440
Smart-016-340441,Mobile,+855016340441
Smart-016-340442,Mobile,+855016340442
Smart-016-340443,Mobile,+855016340443
Smart-016-340444,Mobile,+855016340444
Smart-016-340445,Mobile,+855016340445
Smart-016-340446,Mobile,+855016340446
Smart-016-340447,Mobile,+855016340447
Smart-016-340448,Mobile,+855016340448
Smart-016-340449,Mobile,+855016340449
Smart-016-340450,Mobile,+855016340450
Smart-016-340451,Mobile,+855016340451
Smart-016-340452,Mobile,+855016340452
Smart-016-340453,Mobile,+855016340453
Smart-016-340454,Mobile,+855016340454
Smart-016-340455,Mobile,+855016340455
Smart-016-340456,Mobile,+855016340456
Smart-016-340457,Mobile,+855016340457
Smart-016-340458,Mobile,+855016340458
Smart-016-340459,Mobile,+855016340459
Smart-016-340460,Mobile,+855016340460
Smart-016-340461,Mobile,+855016340461
Smart-016-340462,Mobile,+855016340462
Smart-016-340463,Mobile,+855016340463
Smart-016-340464,Mobile,+855016340464
Smart-016-340465,Mobile,+855016340465
Smart-016-340466,Mobile,+855016340466
Smart-016-340467,Mobile,+855016340467
Smart-016-340468,Mobile,+855016340468
Smart-016-340469,Mobile,+855016340469
Smart-016-340470,Mobile,+855016340470
Smart-016-340471,Mobile,+855016340471
Smart-016-340472,Mobile,+855016340472
Smart-016-340473,Mobile,+855016340473
Smart-016-340474,Mobile,+855016340474
Smart-016-340475,Mobile,+855016340475
Smart-016-340476,Mobile,+855016340476
Smart-016-340477,Mobile,+855016340477
Smart-016-340478,Mobile,+855016340478
Smart-016-340479,Mobile,+855016340479
Smart-016-340480,Mobile,+855016340480
Smart-016-340481,Mobile,+855016340481
Smart-016-340482,Mobile,+855016340482
Smart-016-340483,Mobile,+855016340483
Smart-016-340484,Mobile,+855016340484
Smart-016-340485,Mobile,+855016340485
Smart-016-340486,Mobile,+855016340486
Smart-016-340487,Mobile,+855016340487
Smart-016-340488,Mobile,+855016340488
Smart-016-340489,Mobile,+855016340489
Smart-016-340490,Mobile,+855016340490
Smart-016-340491,Mobile,+855016340491
Smart-016-340492,Mobile,+855016340492
Smart-016-340493,Mobile,+855016340493
Smart-016-340494,Mobile,+855016340494
Smart-016-340495,Mobile,+855016340495
Smart-016-340496,Mobile,+855016340496
Smart-016-340497,Mobile,+855016340497
Smart-016-340498,Mobile,+855016340498
Smart-016-340499,Mobile,+855016340499
Smart-016-340500,Mobile,+855016340500
Smart-016-340501,Mobile,+855016340501
Smart-016-340502,Mobile,+855016340502
Smart-016-340503,Mobile,+855016340503
Smart-016-340504,Mobile,+855016340504
Smart-016-340505,Mobile,+855016340505
Smart-016-340506,Mobile,+855016340506
Smart-016-340507,Mobile,+855016340507
Smart-016-340508,Mobile,+855016340508
Smart-016-340509,Mobile,+855016340509
Smart-016-340510,Mobile,+855016340510
Smart-016-340511,Mobile,+855016340511
Smart-016-340512,Mobile,+855016340512
Smart-016-340513,Mobile,+855016340513
Smart-016-340514,Mobile,+855016340514
Smart-016-340515,Mobile,+855016340515
Smart-016-340516,Mobile,+855016340516
Smart-016-340517,Mobile,+855016340517
Smart-016-340518,Mobile,+855016340518
Smart-016-340519,Mobile,+855016340519
Smart-016-340520,Mobile,+855016340520
Smart-016-340521,Mobile,+855016340521
Smart-016-340522,Mobile,+855016340522
Smart-016-340523,Mobile,+855016340523
Smart-016-340524,Mobile,+855016340524
Smart-016-340525,Mobile,+855016340525
Smart-016-340526,Mobile,+855016340526
Smart-016-340527,Mobile,+855016340527
Smart-016-340528,Mobile,+855016340528
Smart-016-340529,Mobile,+855016340529
Smart-016-340530,Mobile,+855016340530
Smart-016-340531,Mobile,+855016340531
Smart-016-340532,Mobile,+855016340532
Smart-016-340533,Mobile,+855016340533
Smart-016-340534,Mobile,+855016340534
Smart-016-340535,Mobile,+855016340535
Smart-016-340536,Mobile,+855016340536
Smart-016-340537,Mobile,+855016340537
Smart-016-340538,Mobile,+855016340538
Smart-016-340539,Mobile,+855016340539
Smart-016-340540,Mobile,+855016340540
Smart-016-340541,Mobile,+855016340541
Smart-016-340542,Mobile,+855016340542
Smart-016-340543,Mobile,+855016340543
Smart-016-340544,Mobile,+855016340544
Smart-016-340545,Mobile,+855016340545
Smart-016-340546,Mobile,+855016340546
Smart-016-340547,Mobile,+855016340547
Smart-016-340548,Mobile,+855016340548
Smart-016-340549,Mobile,+855016340549
Smart-016-340550,Mobile,+855016340550
Smart-016-340551,Mobile,+855016340551
Smart-016-340552,Mobile,+855016340552
Smart-016-340553,Mobile,+855016340553
Smart-016-340554,Mobile,+855016340554
Smart-016-340555,Mobile,+855016340555
Smart-016-340556,Mobile,+855016340556
Smart-016-340557,Mobile,+855016340557
Smart-016-340558,Mobile,+855016340558
Smart-016-340559,Mobile,+855016340559
Smart-016-340560,Mobile,+855016340560
Smart-016-340561,Mobile,+855016340561
Smart-016-340562,Mobile,+855016340562
Smart-016-340563,Mobile,+855016340563
Smart-016-340564,Mobile,+855016340564
Smart-016-340565,Mobile,+855016340565
Smart-016-340566,Mobile,+855016340566
Smart-016-340567,Mobile,+855016340567
Smart-016-340568,Mobile,+855016340568
Smart-016-340569,Mobile,+855016340569
Smart-016-340570,Mobile,+855016340570
Smart-016-340571,Mobile,+855016340571
Smart-016-340572,Mobile,+855016340572
Smart-016-340573,Mobile,+855016340573
Smart-016-340574,Mobile,+855016340574
Smart-016-340575,Mobile,+855016340575
Smart-016-340576,Mobile,+855016340576
Smart-016-340577,Mobile,+855016340577
Smart-016-340578,Mobile,+855016340578
Smart-016-340579,Mobile,+855016340579
Smart-016-340580,Mobile,+855016340580
Smart-016-340581,Mobile,+855016340581
Smart-016-340582,Mobile,+855016340582
Smart-016-340583,Mobile,+855016340583
Smart-016-340584,Mobile,+855016340584
Smart-016-340585,Mobile,+855016340585
Smart-016-340586,Mobile,+855016340586
Smart-016-340587,Mobile,+855016340587
Smart-016-340588,Mobile,+855016340588
Smart-016-340589,Mobile,+855016340589
Smart-016-340590,Mobile,+855016340590
Smart-016-340591,Mobile,+855016340591
Smart-016-340592,Mobile,+855016340592
Smart-016-340593,Mobile,+855016340593
Smart-016-340594,Mobile,+855016340594
Smart-016-340595,Mobile,+855016340595
Smart-016-340596,Mobile,+855016340596
Smart-016-340597,Mobile,+855016340597
Smart-016-340598,Mobile,+855016340598
Smart-016-340599,Mobile,+855016340599
Smart-016-340600,Mobile,+855016340600
Smart-016-340601,Mobile,+855016340601
Smart-016-340602,Mobile,+855016340602
Smart-016-340603,Mobile,+855016340603
Smart-016-340604,Mobile,+855016340604
Smart-016-340605,Mobile,+855016340605
Smart-016-340606,Mobile,+855016340606
Smart-016-340607,Mobile,+855016340607
Smart-016-340608,Mobile,+855016340608
Smart-016-340609,Mobile,+855016340609
Smart-016-340610,Mobile,+855016340610
Smart-016-340611,Mobile,+855016340611
Smart-016-340612,Mobile,+855016340612
Smart-016-340613,Mobile,+855016340613
Smart-016-340614,Mobile,+855016340614
Smart-016-340615,Mobile,+855016340615
Smart-016-340616,Mobile,+855016340616
Smart-016-340617,Mobile,+855016340617
Smart-016-340618,Mobile,+855016340618
Smart-016-340619,Mobile,+855016340619
Smart-016-340620,Mobile,+855016340620
Smart-016-340621,Mobile,+855016340621
Smart-016-340622,Mobile,+855016340622
Smart-016-340623,Mobile,+855016340623
Smart-016-340624,Mobile,+855016340624
Smart-016-340625,Mobile,+855016340625
Smart-016-340626,Mobile,+855016340626
Smart-016-340627,Mobile,+855016340627
Smart-016-340628,Mobile,+855016340628
Smart-016-340629,Mobile,+855016340629
Smart-016-340630,Mobile,+855016340630
Smart-016-340631,Mobile,+855016340631
Smart-016-340632,Mobile,+855016340632
Smart-016-340633,Mobile,+855016340633
Smart-016-340634,Mobile,+855016340634
Smart-016-340635,Mobile,+855016340635
Smart-016-340636,Mobile,+855016340636
Smart-016-340637,Mobile,+855016340637
Smart-016-340638,Mobile,+855016340638
Smart-016-340639,Mobile,+855016340639
Smart-016-340640,Mobile,+855016340640
Smart-016-340641,Mobile,+855016340641
Smart-016-340642,Mobile,+855016340642
Smart-016-340643,Mobile,+855016340643
Smart-016-340644,Mobile,+855016340644
Smart-016-340645,Mobile,+855016340645
Smart-016-340646,Mobile,+855016340646
Smart-016-340647,Mobile,+855016340647
Smart-016-340648,Mobile,+855016340648
Smart-016-340649,Mobile,+855016340649
Smart-016-340650,Mobile,+855016340650
Smart-016-340651,Mobile,+855016340651
Smart-016-340652,Mobile,+855016340652
Smart-016-340653,Mobile,+855016340653
Smart-016-340654,Mobile,+855016340654
Smart-016-340655,Mobile,+855016340655
Smart-016-340656,Mobile,+855016340656
Smart-016-340657,Mobile,+855016340657
Smart-016-340658,Mobile,+855016340658
Smart-016-340659,Mobile,+855016340659
Smart-016-340660,Mobile,+855016340660
Smart-016-340661,Mobile,+855016340661
Smart-016-340662,Mobile,+855016340662
Smart-016-340663,Mobile,+855016340663
Smart-016-340664,Mobile,+855016340664
Smart-016-340665,Mobile,+855016340665
Smart-016-340666,Mobile,+855016340666
Smart-016-340667,Mobile,+855016340667
Smart-016-340668,Mobile,+855016340668
Smart-016-340669,Mobile,+855016340669
Smart-016-340670,Mobile,+855016340670
Smart-016-340671,Mobile,+855016340671
Smart-016-340672,Mobile,+855016340672
Smart-016-340673,Mobile,+855016340673
Smart-016-340674,Mobile,+855016340674
Smart-016-340675,Mobile,+855016340675
Smart-016-340676,Mobile,+855016340676
Smart-016-340677,Mobile,+855016340677
Smart-016-340678,Mobile,+855016340678
Smart-016-340679,Mobile,+855016340679
Smart-016-340680,Mobile,+855016340680
Smart-016-340681,Mobile,+855016340681
Smart-016-340682,Mobile,+855016340682
Smart-016-340683,Mobile,+855016340683
Smart-016-340684,Mobile,+855016340684
Smart-016-340685,Mobile,+855016340685
Smart-016-340686,Mobile,+855016340686
Smart-016-340687,Mobile,+855016340687
Smart-016-340688,Mobile,+855016340688
Smart-016-340689,Mobile,+855016340689
Smart-016-340690,Mobile,+855016340690
Smart-016-340691,Mobile,+855016340691
Smart-016-340692,Mobile,+855016340692
Smart-016-340693,Mobile,+855016340693
Smart-016-340694,Mobile,+855016340694
Smart-016-340695,Mobile,+855016340695
Smart-016-340696,Mobile,+855016340696
Smart-016-340697,Mobile,+855016340697
Smart-016-340698,Mobile,+855016340698
Smart-016-340699,Mobile,+855016340699
Smart-016-340700,Mobile,+855016340700
Smart-016-340701,Mobile,+855016340701
Smart-016-340702,Mobile,+855016340702
Smart-016-340703,Mobile,+855016340703
Smart-016-340704,Mobile,+855016340704
Smart-016-340705,Mobile,+855016340705
Smart-016-340706,Mobile,+855016340706
Smart-016-340707,Mobile,+855016340707
Smart-016-340708,Mobile,+855016340708
Smart-016-340709,Mobile,+855016340709
Smart-016-340710,Mobile,+855016340710
Smart-016-340711,Mobile,+855016340711
Smart-016-340712,Mobile,+855016340712
Smart-016-340713,Mobile,+855016340713
Smart-016-340714,Mobile,+855016340714
Smart-016-340715,Mobile,+855016340715
Smart-016-340716,Mobile,+855016340716
Smart-016-340717,Mobile,+855016340717
Smart-016-340718,Mobile,+855016340718
Smart-016-340719,Mobile,+855016340719
Smart-016-340720,Mobile,+855016340720
Smart-016-340721,Mobile,+855016340721
Smart-016-340722,Mobile,+855016340722
Smart-016-340723,Mobile,+855016340723
Smart-016-340724,Mobile,+855016340724
Smart-016-340725,Mobile,+855016340725
Smart-016-340726,Mobile,+855016340726
Smart-016-340727,Mobile,+855016340727
Smart-016-340728,Mobile,+855016340728
Smart-016-340729,Mobile,+855016340729
Smart-016-340730,Mobile,+855016340730
Smart-016-340731,Mobile,+855016340731
Smart-016-340732,Mobile,+855016340732
Smart-016-340733,Mobile,+855016340733
Smart-016-340734,Mobile,+855016340734
Smart-016-340735,Mobile,+855016340735
Smart-016-340736,Mobile,+855016340736
Smart-016-340737,Mobile,+855016340737
Smart-016-340738,Mobile,+855016340738
Smart-016-340739,Mobile,+855016340739
Smart-016-340740,Mobile,+855016340740
Smart-016-340741,Mobile,+855016340741
Smart-016-340742,Mobile,+855016340742
Smart-016-340743,Mobile,+855016340743
Smart-016-340744,Mobile,+855016340744
Smart-016-340745,Mobile,+855016340745
Smart-016-340746,Mobile,+855016340746
Smart-016-340747,Mobile,+855016340747
Smart-016-340748,Mobile,+855016340748
Smart-016-340749,Mobile,+855016340749
Smart-016-340750,Mobile,+855016340750
Smart-016-340751,Mobile,+855016340751
Smart-016-340752,Mobile,+855016340752
Smart-016-340753,Mobile,+855016340753
Smart-016-340754,Mobile,+855016340754
Smart-016-340755,Mobile,+855016340755
Smart-016-340756,Mobile,+855016340756
Smart-016-340757,Mobile,+855016340757
Smart-016-340758,Mobile,+855016340758
Smart-016-340759,Mobile,+855016340759
Smart-016-340760,Mobile,+855016340760
Smart-016-340761,Mobile,+855016340761
Smart-016-340762,Mobile,+855016340762
Smart-016-340763,Mobile,+855016340763
Smart-016-340764,Mobile,+855016340764
Smart-016-340765,Mobile,+855016340765
Smart-016-340766,Mobile,+855016340766
Smart-016-340767,Mobile,+855016340767
Smart-016-340768,Mobile,+855016340768
Smart-016-340769,Mobile,+855016340769
Smart-016-340770,Mobile,+855016340770
Smart-016-340771,Mobile,+855016340771
Smart-016-340772,Mobile,+855016340772
Smart-016-340773,Mobile,+855016340773
Smart-016-340774,Mobile,+855016340774
Smart-016-340775,Mobile,+855016340775
Smart-016-340776,Mobile,+855016340776
Smart-016-340777,Mobile,+855016340777
Smart-016-340778,Mobile,+855016340778
Smart-016-340779,Mobile,+855016340779
Smart-016-340780,Mobile,+855016340780
Smart-016-340781,Mobile,+855016340781
Smart-016-340782,Mobile,+855016340782
Smart-016-340783,Mobile,+855016340783
Smart-016-340784,Mobile,+855016340784
Smart-016-340785,Mobile,+855016340785
Smart-016-340786,Mobile,+855016340786
Smart-016-340787,Mobile,+855016340787
Smart-016-340788,Mobile,+855016340788
Smart-016-340789,Mobile,+855016340789
Smart-016-340790,Mobile,+855016340790
Smart-016-340791,Mobile,+855016340791
Smart-016-340792,Mobile,+855016340792
Smart-016-340793,Mobile,+855016340793
Smart-016-340794,Mobile,+855016340794
Smart-016-340795,Mobile,+855016340795
Smart-016-340796,Mobile,+855016340796
Smart-016-340797,Mobile,+855016340797
Smart-016-340798,Mobile,+855016340798
Smart-016-340799,Mobile,+855016340799
Smart-016-340800,Mobile,+855016340800
Smart-016-340801,Mobile,+855016340801
Smart-016-340802,Mobile,+855016340802
Smart-016-340803,Mobile,+855016340803
Smart-016-340804,Mobile,+855016340804
Smart-016-340805,Mobile,+855016340805
Smart-016-340806,Mobile,+855016340806
Smart-016-340807,Mobile,+855016340807
Smart-016-340808,Mobile,+855016340808
Smart-016-340809,Mobile,+855016340809
Smart-016-340810,Mobile,+855016340810
Smart-016-340811,Mobile,+855016340811
Smart-016-340812,Mobile,+855016340812
Smart-016-340813,Mobile,+855016340813
Smart-016-340814,Mobile,+855016340814
Smart-016-340815,Mobile,+855016340815
Smart-016-340816,Mobile,+855016340816
Smart-016-340817,Mobile,+855016340817
Smart-016-340818,Mobile,+855016340818
Smart-016-340819,Mobile,+855016340819
Smart-016-340820,Mobile,+855016340820
Smart-016-340821,Mobile,+855016340821
Smart-016-340822,Mobile,+855016340822
Smart-016-340823,Mobile,+855016340823
Smart-016-340824,Mobile,+855016340824
Smart-016-340825,Mobile,+855016340825
Smart-016-340826,Mobile,+855016340826
Smart-016-340827,Mobile,+855016340827
Smart-016-340828,Mobile,+855016340828
Smart-016-340829,Mobile,+855016340829
Smart-016-340830,Mobile,+855016340830
Smart-016-340831,Mobile,+855016340831
Smart-016-340832,Mobile,+855016340832
Smart-016-340833,Mobile,+855016340833
Smart-016-340834,Mobile,+855016340834
Smart-016-340835,Mobile,+855016340835
Smart-016-340836,Mobile,+855016340836
Smart-016-340837,Mobile,+855016340837
Smart-016-340838,Mobile,+855016340838
Smart-016-340839,Mobile,+855016340839
Smart-016-340840,Mobile,+855016340840
Smart-016-340841,Mobile,+855016340841
Smart-016-340842,Mobile,+855016340842
Smart-016-340843,Mobile,+855016340843
Smart-016-340844,Mobile,+855016340844
Smart-016-340845,Mobile,+855016340845
Smart-016-340846,Mobile,+855016340846
Smart-016-340847,Mobile,+855016340847
Smart-016-340848,Mobile,+855016340848
Smart-016-340849,Mobile,+855016340849
Smart-016-340850,Mobile,+855016340850
Smart-016-340851,Mobile,+855016340851
Smart-016-340852,Mobile,+855016340852
Smart-016-340853,Mobile,+855016340853
Smart-016-340854,Mobile,+855016340854
Smart-016-340855,Mobile,+855016340855
Smart-016-340856,Mobile,+855016340856
Smart-016-340857,Mobile,+855016340857
Smart-016-340858,Mobile,+855016340858
Smart-016-340859,Mobile,+855016340859
Smart-016-340860,Mobile,+855016340860
Smart-016-340861,Mobile,+855016340861
Smart-016-340862,Mobile,+855016340862
Smart-016-340863,Mobile,+855016340863
Smart-016-340864,Mobile,+855016340864
Smart-016-340865,Mobile,+855016340865
Smart-016-340866,Mobile,+855016340866
Smart-016-340867,Mobile,+855016340867
Smart-016-340868,Mobile,+855016340868
Smart-016-340869,Mobile,+855016340869
Smart-016-340870,Mobile,+855016340870
Smart-016-340871,Mobile,+855016340871
Smart-016-340872,Mobile,+855016340872
Smart-016-340873,Mobile,+855016340873
Smart-016-340874,Mobile,+855016340874
Smart-016-340875,Mobile,+855016340875
Smart-016-340876,Mobile,+855016340876
Smart-016-340877,Mobile,+855016340877
Smart-016-340878,Mobile,+855016340878
Smart-016-340879,Mobile,+855016340879
Smart-016-340880,Mobile,+855016340880
Smart-016-340881,Mobile,+855016340881
Smart-016-340882,Mobile,+855016340882
Smart-016-340883,Mobile,+855016340883
Smart-016-340884,Mobile,+855016340884
Smart-016-340885,Mobile,+855016340885
Smart-016-340886,Mobile,+855016340886
Smart-016-340887,Mobile,+855016340887
Smart-016-340888,Mobile,+855016340888
Smart-016-340889,Mobile,+855016340889
Smart-016-340890,Mobile,+855016340890
Smart-016-340891,Mobile,+855016340891
Smart-016-340892,Mobile,+855016340892
Smart-016-340893,Mobile,+855016340893
Smart-016-340894,Mobile,+855016340894
Smart-016-340895,Mobile,+855016340895
Smart-016-340896,Mobile,+855016340896
Smart-016-340897,Mobile,+855016340897
Smart-016-340898,Mobile,+855016340898
Smart-016-340899,Mobile,+855016340899
Smart-016-340900,Mobile,+855016340900
Smart-016-340901,Mobile,+855016340901
Smart-016-340902,Mobile,+855016340902
Smart-016-340903,Mobile,+855016340903
Smart-016-340904,Mobile,+855016340904
Smart-016-340905,Mobile,+855016340905
Smart-016-340906,Mobile,+855016340906
Smart-016-340907,Mobile,+855016340907
Smart-016-340908,Mobile,+855016340908
Smart-016-340909,Mobile,+855016340909
Smart-016-340910,Mobile,+855016340910
Smart-016-340911,Mobile,+855016340911
Smart-016-340912,Mobile,+855016340912
Smart-016-340913,Mobile,+855016340913
Smart-016-340914,Mobile,+855016340914
Smart-016-340915,Mobile,+855016340915
Smart-016-340916,Mobile,+855016340916
Smart-016-340917,Mobile,+855016340917
Smart-016-340918,Mobile,+855016340918
Smart-016-340919,Mobile,+855016340919
Smart-016-340920,Mobile,+855016340920
Smart-016-340921,Mobile,+855016340921
Smart-016-340922,Mobile,+855016340922
Smart-016-340923,Mobile,+855016340923
Smart-016-340924,Mobile,+855016340924
Smart-016-340925,Mobile,+855016340925
Smart-016-340926,Mobile,+855016340926
Smart-016-340927,Mobile,+855016340927
Smart-016-340928,Mobile,+855016340928
Smart-016-340929,Mobile,+855016340929
Smart-016-340930,Mobile,+855016340930
Smart-016-340931,Mobile,+855016340931
Smart-016-340932,Mobile,+855016340932
Smart-016-340933,Mobile,+855016340933
Smart-016-340934,Mobile,+855016340934
Smart-016-340935,Mobile,+855016340935
Smart-016-340936,Mobile,+855016340936
Smart-016-340937,Mobile,+855016340937
Smart-016-340938,Mobile,+855016340938
Smart-016-340939,Mobile,+855016340939
Smart-016-340940,Mobile,+855016340940
Smart-016-340941,Mobile,+855016340941
Smart-016-340942,Mobile,+855016340942
Smart-016-340943,Mobile,+855016340943
Smart-016-340944,Mobile,+855016340944
Smart-016-340945,Mobile,+855016340945
Smart-016-340946,Mobile,+855016340946
Smart-016-340947,Mobile,+855016340947
Smart-016-340948,Mobile,+855016340948
Smart-016-340949,Mobile,+855016340949
Smart-016-340950,Mobile,+855016340950
Smart-016-340951,Mobile,+855016340951
Smart-016-340952,Mobile,+855016340952
Smart-016-340953,Mobile,+855016340953
Smart-016-340954,Mobile,+855016340954
Smart-016-340955,Mobile,+855016340955
Smart-016-340956,Mobile,+855016340956
Smart-016-340957,Mobile,+855016340957
Smart-016-340958,Mobile,+855016340958
Smart-016-340959,Mobile,+855016340959
Smart-016-340960,Mobile,+855016340960
Smart-016-340961,Mobile,+855016340961
Smart-016-340962,Mobile,+855016340962
Smart-016-340963,Mobile,+855016340963
Smart-016-340964,Mobile,+855016340964
Smart-016-340965,Mobile,+855016340965
Smart-016-340966,Mobile,+855016340966
Smart-016-340967,Mobile,+855016340967
Smart-016-340968,Mobile,+855016340968
Smart-016-340969,Mobile,+855016340969
Smart-016-340970,Mobile,+855016340970
Smart-016-340971,Mobile,+855016340971
Smart-016-340972,Mobile,+855016340972
Smart-016-340973,Mobile,+855016340973
Smart-016-340974,Mobile,+855016340974
Smart-016-340975,Mobile,+855016340975
Smart-016-340976,Mobile,+855016340976
Smart-016-340977,Mobile,+855016340977
Smart-016-340978,Mobile,+855016340978
Smart-016-340979,Mobile,+855016340979
Smart-016-340980,Mobile,+855016340980
Smart-016-340981,Mobile,+855016340981
Smart-016-340982,Mobile,+855016340982
Smart-016-340983,Mobile,+855016340983
Smart-016-340984,Mobile,+855016340984
Smart-016-340985,Mobile,+855016340985
Smart-016-340986,Mobile,+855016340986
Smart-016-340987,Mobile,+855016340987
Smart-016-340988,Mobile,+855016340988
Smart-016-340989,Mobile,+855016340989
Smart-016-340990,Mobile,+855016340990
Smart-016-340991,Mobile,+855016340991
Smart-016-340992,Mobile,+855016340992
Smart-016-340993,Mobile,+855016340993
Smart-016-340994,Mobile,+855016340994
Smart-016-340995,Mobile,+855016340995
Smart-016-340996,Mobile,+855016340996
Smart-016-340997,Mobile,+855016340997
Smart-016-340998,Mobile,+855016340998
Smart-016-340999,Mobile,+855016340999
Smart-016-341000,Mobile,+855016341000
Smart-016-341001,Mobile,+855016341001
Smart-016-341002,Mobile,+855016341002
Smart-016-341003,Mobile,+855016341003
Smart-016-341004,Mobile,+855016341004
Smart-016-341005,Mobile,+855016341005
Smart-016-341006,Mobile,+855016341006
Smart-016-341007,Mobile,+855016341007
Smart-016-341008,Mobile,+855016341008
Smart-016-341009,Mobile,+855016341009
Smart-016-341010,Mobile,+855016341010
Smart-016-341011,Mobile,+855016341011
Smart-016-341012,Mobile,+855016341012
Smart-016-341013,Mobile,+855016341013
Smart-016-341014,Mobile,+855016341014
Smart-016-341015,Mobile,+855016341015
Smart-016-341016,Mobile,+855016341016
Smart-016-341017,Mobile,+855016341017
Smart-016-341018,Mobile,+855016341018
Smart-016-341019,Mobile,+855016341019
Smart-016-341020,Mobile,+855016341020
Smart-016-341021,Mobile,+855016341021
Smart-016-341022,Mobile,+855016341022
Smart-016-341023,Mobile,+855016341023
Smart-016-341024,Mobile,+855016341024
Smart-016-341025,Mobile,+855016341025
Smart-016-341026,Mobile,+855016341026
Smart-016-341027,Mobile,+855016341027
Smart-016-341028,Mobile,+855016341028
Smart-016-341029,Mobile,+855016341029
Smart-016-341030,Mobile,+855016341030
Smart-016-341031,Mobile,+855016341031
Smart-016-341032,Mobile,+855016341032
Smart-016-341033,Mobile,+855016341033
Smart-016-341034,Mobile,+855016341034
Smart-016-341035,Mobile,+855016341035
Smart-016-341036,Mobile,+855016341036
Smart-016-341037,Mobile,+855016341037
Smart-016-341038,Mobile,+855016341038
Smart-016-341039,Mobile,+855016341039
Smart-016-341040,Mobile,+855016341040
Smart-016-341041,Mobile,+855016341041
Smart-016-341042,Mobile,+855016341042
Smart-016-341043,Mobile,+855016341043
Smart-016-341044,Mobile,+855016341044
Smart-016-341045,Mobile,+855016341045
Smart-016-341046,Mobile,+855016341046
Smart-016-341047,Mobile,+855016341047
Smart-016-341048,Mobile,+855016341048
Smart-016-341049,Mobile,+855016341049
Smart-016-341050,Mobile,+855016341050
Smart-016-341051,Mobile,+855016341051
Smart-016-341052,Mobile,+855016341052
Smart-016-341053,Mobile,+855016341053
Smart-016-341054,Mobile,+855016341054
Smart-016-341055,Mobile,+855016341055
Smart-016-341056,Mobile,+855016341056
Smart-016-341057,Mobile,+855016341057
Smart-016-341058,Mobile,+855016341058
Smart-016-341059,Mobile,+855016341059
Smart-016-341060,Mobile,+855016341060
Smart-016-341061,Mobile,+855016341061
Smart-016-341062,Mobile,+855016341062
Smart-016-341063,Mobile,+855016341063
Smart-016-341064,Mobile,+855016341064
Smart-016-341065,Mobile,+855016341065
Smart-016-341066,Mobile,+855016341066
Smart-016-341067,Mobile,+855016341067
Smart-016-341068,Mobile,+855016341068
Smart-016-341069,Mobile,+855016341069
Smart-016-341070,Mobile,+855016341070
Smart-016-341071,Mobile,+855016341071
Smart-016-341072,Mobile,+855016341072
Smart-016-341073,Mobile,+855016341073
Smart-016-341074,Mobile,+855016341074
Smart-016-341075,Mobile,+855016341075
Smart-016-341076,Mobile,+855016341076
Smart-016-341077,Mobile,+855016341077
Smart-016-341078,Mobile,+855016341078
Smart-016-341079,Mobile,+855016341079
Smart-016-341080,Mobile,+855016341080
Smart-016-341081,Mobile,+855016341081
Smart-016-341082,Mobile,+855016341082
Smart-016-341083,Mobile,+855016341083
Smart-016-341084,Mobile,+855016341084
Smart-016-341085,Mobile,+855016341085
Smart-016-341086,Mobile,+855016341086
Smart-016-341087,Mobile,+855016341087
Smart-016-341088,Mobile,+855016341088
Smart-016-341089,Mobile,+855016341089
Smart-016-341090,Mobile,+855016341090
Smart-016-341091,Mobile,+855016341091
Smart-016-341092,Mobile,+855016341092
Smart-016-341093,Mobile,+855016341093
Smart-016-341094,Mobile,+855016341094
Smart-016-341095,Mobile,+855016341095
Smart-016-341096,Mobile,+855016341096
Smart-016-341097,Mobile,+855016341097
Smart-016-341098,Mobile,+855016341098
Smart-016-341099,Mobile,+855016341099
Smart-016-341100,Mobile,+855016341100
Smart-016-341101,Mobile,+855016341101
Smart-016-341102,Mobile,+855016341102
Smart-016-341103,Mobile,+855016341103
Smart-016-341104,Mobile,+855016341104
Smart-016-341105,Mobile,+855016341105
Smart-016-341106,Mobile,+855016341106
Smart-016-341107,Mobile,+855016341107
Smart-016-341108,Mobile,+855016341108
Smart-016-341109,Mobile,+855016341109
Smart-016-341110,Mobile,+855016341110
Smart-016-341111,Mobile,+855016341111
Smart-016-341112,Mobile,+855016341112
Smart-016-341113,Mobile,+855016341113
Smart-016-341114,Mobile,+855016341114
Smart-016-341115,Mobile,+855016341115
Smart-016-341116,Mobile,+855016341116
Smart-016-341117,Mobile,+855016341117
Smart-016-341118,Mobile,+855016341118
Smart-016-341119,Mobile,+855016341119
Smart-016-341120,Mobile,+855016341120
Smart-016-341121,Mobile,+855016341121
Smart-016-341122,Mobile,+855016341122
Smart-016-341123,Mobile,+855016341123
Smart-016-341124,Mobile,+855016341124
Smart-016-341125,Mobile,+855016341125
Smart-016-341126,Mobile,+855016341126
Smart-016-341127,Mobile,+855016341127
Smart-016-341128,Mobile,+855016341128
Smart-016-341129,Mobile,+855016341129
Smart-016-341130,Mobile,+855016341130
Smart-016-341131,Mobile,+855016341131
Smart-016-341132,Mobile,+855016341132
Smart-016-341133,Mobile,+855016341133
Smart-016-341134,Mobile,+855016341134
Smart-016-341135,Mobile,+855016341135
Smart-016-341136,Mobile,+855016341136
Smart-016-341137,Mobile,+855016341137
Smart-016-341138,Mobile,+855016341138
Smart-016-341139,Mobile,+855016341139
Smart-016-341140,Mobile,+855016341140
Smart-016-341141,Mobile,+855016341141
Smart-016-341142,Mobile,+855016341142
Smart-016-341143,Mobile,+855016341143
Smart-016-341144,Mobile,+855016341144
Smart-016-341145,Mobile,+855016341145
Smart-016-341146,Mobile,+855016341146
Smart-016-341147,Mobile,+855016341147
Smart-016-341148,Mobile,+855016341148
Smart-016-341149,Mobile,+855016341149
Smart-016-341150,Mobile,+855016341150
Smart-016-341151,Mobile,+855016341151
Smart-016-341152,Mobile,+855016341152
Smart-016-341153,Mobile,+855016341153
Smart-016-341154,Mobile,+855016341154
Smart-016-341155,Mobile,+855016341155
Smart-016-341156,Mobile,+855016341156
Smart-016-341157,Mobile,+855016341157
Smart-016-341158,Mobile,+855016341158
Smart-016-341159,Mobile,+855016341159
Smart-016-341160,Mobile,+855016341160
Smart-016-341161,Mobile,+855016341161
Smart-016-341162,Mobile,+855016341162
Smart-016-341163,Mobile,+855016341163
Smart-016-341164,Mobile,+855016341164
Smart-016-341165,Mobile,+855016341165
Smart-016-341166,Mobile,+855016341166
Smart-016-341167,Mobile,+855016341167
Smart-016-341168,Mobile,+855016341168
Smart-016-341169,Mobile,+855016341169
Smart-016-341170,Mobile,+855016341170
Smart-016-341171,Mobile,+855016341171
Smart-016-341172,Mobile,+855016341172
Smart-016-341173,Mobile,+855016341173
Smart-016-341174,Mobile,+855016341174
Smart-016-341175,Mobile,+855016341175
Smart-016-341176,Mobile,+855016341176
Smart-016-341177,Mobile,+855016341177
Smart-016-341178,Mobile,+855016341178
Smart-016-341179,Mobile,+855016341179
Smart-016-341180,Mobile,+855016341180
Smart-016-341181,Mobile,+855016341181
Smart-016-341182,Mobile,+855016341182
Smart-016-341183,Mobile,+855016341183
Smart-016-341184,Mobile,+855016341184
Smart-016-341185,Mobile,+855016341185
Smart-016-341186,Mobile,+855016341186
Smart-016-341187,Mobile,+855016341187
Smart-016-341188,Mobile,+855016341188
Smart-016-341189,Mobile,+855016341189
Smart-016-341190,Mobile,+855016341190
Smart-016-341191,Mobile,+855016341191
Smart-016-341192,Mobile,+855016341192
Smart-016-341193,Mobile,+855016341193
Smart-016-341194,Mobile,+855016341194
Smart-016-341195,Mobile,+855016341195
Smart-016-341196,Mobile,+855016341196
Smart-016-341197,Mobile,+855016341197
Smart-016-341198,Mobile,+855016341198
Smart-016-341199,Mobile,+855016341199
Smart-016-341200,Mobile,+855016341200
Smart-016-341201,Mobile,+855016341201
Smart-016-341202,Mobile,+855016341202
Smart-016-341203,Mobile,+855016341203
Smart-016-341204,Mobile,+855016341204
Smart-016-341205,Mobile,+855016341205
Smart-016-341206,Mobile,+855016341206
Smart-016-341207,Mobile,+855016341207
Smart-016-341208,Mobile,+855016341208
Smart-016-341209,Mobile,+855016341209
Smart-016-341210,Mobile,+855016341210
Smart-016-341211,Mobile,+855016341211
Smart-016-341212,Mobile,+855016341212
Smart-016-341213,Mobile,+855016341213
Smart-016-341214,Mobile,+855016341214
Smart-016-341215,Mobile,+855016341215
Smart-016-341216,Mobile,+855016341216
Smart-016-341217,Mobile,+855016341217
Smart-016-341218,Mobile,+855016341218
Smart-016-341219,Mobile,+855016341219
Smart-016-341220,Mobile,+855016341220
Smart-016-341221,Mobile,+855016341221
Smart-016-341222,Mobile,+855016341222
Smart-016-341223,Mobile,+855016341223
Smart-016-341224,Mobile,+855016341224
Smart-016-341225,Mobile,+855016341225
Smart-016-341226,Mobile,+855016341226
Smart-016-341227,Mobile,+855016341227
Smart-016-341228,Mobile,+855016341228
Smart-016-341229,Mobile,+855016341229
Smart-016-341230,Mobile,+855016341230
Smart-016-341231,Mobile,+855016341231
Smart-016-341232,Mobile,+855016341232
Smart-016-341233,Mobile,+855016341233
Smart-016-341234,Mobile,+855016341234
Smart-016-341235,Mobile,+855016341235
Smart-016-341236,Mobile,+855016341236
Smart-016-341237,Mobile,+855016341237
Smart-016-341238,Mobile,+855016341238
Smart-016-341239,Mobile,+855016341239
Smart-016-341240,Mobile,+855016341240
Smart-016-341241,Mobile,+855016341241
Smart-016-341242,Mobile,+855016341242
Smart-016-341243,Mobile,+855016341243
Smart-016-341244,Mobile,+855016341244
Smart-016-341245,Mobile,+855016341245
Smart-016-341246,Mobile,+855016341246
Smart-016-341247,Mobile,+855016341247
Smart-016-341248,Mobile,+855016341248
Smart-016-341249,Mobile,+855016341249
Smart-016-341250,Mobile,+855016341250
Smart-016-341251,Mobile,+855016341251
Smart-016-341252,Mobile,+855016341252
Smart-016-341253,Mobile,+855016341253
Smart-016-341254,Mobile,+855016341254
Smart-016-341255,Mobile,+855016341255
Smart-016-341256,Mobile,+855016341256
Smart-016-341257,Mobile,+855016341257
Smart-016-341258,Mobile,+855016341258
Smart-016-341259,Mobile,+855016341259
Smart-016-341260,Mobile,+855016341260
Smart-016-341261,Mobile,+855016341261
Smart-016-341262,Mobile,+855016341262
Smart-016-341263,Mobile,+855016341263
Smart-016-341264,Mobile,+855016341264
Smart-016-341265,Mobile,+855016341265
Smart-016-341266,Mobile,+855016341266
Smart-016-341267,Mobile,+855016341267
Smart-016-341268,Mobile,+855016341268
Smart-016-341269,Mobile,+855016341269
Smart-016-341270,Mobile,+855016341270
Smart-016-341271,Mobile,+855016341271
Smart-016-341272,Mobile,+855016341272
Smart-016-341273,Mobile,+855016341273
Smart-016-341274,Mobile,+855016341274
Smart-016-341275,Mobile,+855016341275
Smart-016-341276,Mobile,+855016341276
Smart-016-341277,Mobile,+855016341277
Smart-016-341278,Mobile,+855016341278
Smart-016-341279,Mobile,+855016341279
Smart-016-341280,Mobile,+855016341280
Smart-016-341281,Mobile,+855016341281
Smart-016-341282,Mobile,+855016341282
Smart-016-341283,Mobile,+855016341283
Smart-016-341284,Mobile,+855016341284
Smart-016-341285,Mobile,+855016341285
Smart-016-341286,Mobile,+855016341286
Smart-016-341287,Mobile,+855016341287
Smart-016-341288,Mobile,+855016341288
Smart-016-341289,Mobile,+855016341289
Smart-016-341290,Mobile,+855016341290
Smart-016-341291,Mobile,+855016341291
Smart-016-341292,Mobile,+855016341292
Smart-016-341293,Mobile,+855016341293
Smart-016-341294,Mobile,+855016341294
Smart-016-341295,Mobile,+855016341295
Smart-016-341296,Mobile,+855016341296
Smart-016-341297,Mobile,+855016341297
Smart-016-341298,Mobile,+855016341298
Smart-016-341299,Mobile,+855016341299
Smart-016-341300,Mobile,+855016341300
Smart-016-341301,Mobile,+855016341301
Smart-016-341302,Mobile,+855016341302
Smart-016-341303,Mobile,+855016341303
Smart-016-341304,Mobile,+855016341304
Smart-016-341305,Mobile,+855016341305
Smart-016-341306,Mobile,+855016341306
Smart-016-341307,Mobile,+855016341307
Smart-016-341308,Mobile,+855016341308
Smart-016-341309,Mobile,+855016341309
Smart-016-341310,Mobile,+855016341310
Smart-016-341311,Mobile,+855016341311
Smart-016-341312,Mobile,+855016341312
Smart-016-341313,Mobile,+855016341313
Smart-016-341314,Mobile,+855016341314
Smart-016-341315,Mobile,+855016341315
Smart-016-341316,Mobile,+855016341316
Smart-016-341317,Mobile,+855016341317
Smart-016-341318,Mobile,+855016341318
Smart-016-341319,Mobile,+855016341319
Smart-016-341320,Mobile,+855016341320
Smart-016-341321,Mobile,+855016341321
Smart-016-341322,Mobile,+855016341322
Smart-016-341323,Mobile,+855016341323
Smart-016-341324,Mobile,+855016341324
Smart-016-341325,Mobile,+855016341325
Smart-016-341326,Mobile,+855016341326
Smart-016-341327,Mobile,+855016341327
Smart-016-341328,Mobile,+855016341328
Smart-016-341329,Mobile,+855016341329
Smart-016-341330,Mobile,+855016341330
Smart-016-341331,Mobile,+855016341331
Smart-016-341332,Mobile,+855016341332
Smart-016-341333,Mobile,+855016341333
Smart-016-341334,Mobile,+855016341334
Smart-016-341335,Mobile,+855016341335
Smart-016-341336,Mobile,+855016341336
Smart-016-341337,Mobile,+855016341337
Smart-016-341338,Mobile,+855016341338
Smart-016-341339,Mobile,+855016341339
Smart-016-341340,Mobile,+855016341340
Smart-016-341341,Mobile,+855016341341
Smart-016-341342,Mobile,+855016341342
Smart-016-341343,Mobile,+855016341343
Smart-016-341344,Mobile,+855016341344
Smart-016-341345,Mobile,+855016341345
Smart-016-341346,Mobile,+855016341346
Smart-016-341347,Mobile,+855016341347
Smart-016-341348,Mobile,+855016341348
Smart-016-341349,Mobile,+855016341349
Smart-016-341350,Mobile,+855016341350
Smart-016-341351,Mobile,+855016341351
Smart-016-341352,Mobile,+855016341352
Smart-016-341353,Mobile,+855016341353
Smart-016-341354,Mobile,+855016341354
Smart-016-341355,Mobile,+855016341355
Smart-016-341356,Mobile,+855016341356
Smart-016-341357,Mobile,+855016341357
Smart-016-341358,Mobile,+855016341358
Smart-016-341359,Mobile,+855016341359
Smart-016-341360,Mobile,+855016341360
Smart-016-341361,Mobile,+855016341361
Smart-016-341362,Mobile,+855016341362
Smart-016-341363,Mobile,+855016341363
Smart-016-341364,Mobile,+855016341364
Smart-016-341365,Mobile,+855016341365
Smart-016-341366,Mobile,+855016341366
Smart-016-341367,Mobile,+855016341367
Smart-016-341368,Mobile,+855016341368
Smart-016-341369,Mobile,+855016341369
Smart-016-341370,Mobile,+855016341370
Smart-016-341371,Mobile,+855016341371
Smart-016-341372,Mobile,+855016341372
Smart-016-341373,Mobile,+855016341373
Smart-016-341374,Mobile,+855016341374
Smart-016-341375,Mobile,+855016341375
Smart-016-341376,Mobile,+855016341376
Smart-016-341377,Mobile,+855016341377
Smart-016-341378,Mobile,+855016341378
Smart-016-341379,Mobile,+855016341379
Smart-016-341380,Mobile,+855016341380
Smart-016-341381,Mobile,+855016341381
Smart-016-341382,Mobile,+855016341382
Smart-016-341383,Mobile,+855016341383
Smart-016-341384,Mobile,+855016341384
Smart-016-341385,Mobile,+855016341385
Smart-016-341386,Mobile,+855016341386
Smart-016-341387,Mobile,+855016341387
Smart-016-341388,Mobile,+855016341388
Smart-016-341389,Mobile,+855016341389
Smart-016-341390,Mobile,+855016341390
Smart-016-341391,Mobile,+855016341391
Smart-016-341392,Mobile,+855016341392
Smart-016-341393,Mobile,+855016341393
Smart-016-341394,Mobile,+855016341394
Smart-016-341395,Mobile,+855016341395
Smart-016-341396,Mobile,+855016341396
Smart-016-341397,Mobile,+855016341397
Smart-016-341398,Mobile,+855016341398
Smart-016-341399,Mobile,+855016341399
Smart-016-341400,Mobile,+855016341400
Smart-016-341401,Mobile,+855016341401
Smart-016-341402,Mobile,+855016341402
Smart-016-341403,Mobile,+855016341403
Smart-016-341404,Mobile,+855016341404
Smart-016-341405,Mobile,+855016341405
Smart-016-341406,Mobile,+855016341406
Smart-016-341407,Mobile,+855016341407
Smart-016-341408,Mobile,+855016341408
Smart-016-341409,Mobile,+855016341409
Smart-016-341410,Mobile,+855016341410
Smart-016-341411,Mobile,+855016341411
Smart-016-341412,Mobile,+855016341412
Smart-016-341413,Mobile,+855016341413
Smart-016-341414,Mobile,+855016341414
Smart-016-341415,Mobile,+855016341415
Smart-016-341416,Mobile,+855016341416
Smart-016-341417,Mobile,+855016341417
Smart-016-341418,Mobile,+855016341418
Smart-016-341419,Mobile,+855016341419
Smart-016-341420,Mobile,+855016341420
Smart-016-341421,Mobile,+855016341421
Smart-016-341422,Mobile,+855016341422
Smart-016-341423,Mobile,+855016341423
Smart-016-341424,Mobile,+855016341424
Smart-016-341425,Mobile,+855016341425
Smart-016-341426,Mobile,+855016341426
Smart-016-341427,Mobile,+855016341427
Smart-016-341428,Mobile,+855016341428
Smart-016-341429,Mobile,+855016341429
Smart-016-341430,Mobile,+855016341430
Smart-016-341431,Mobile,+855016341431
Smart-016-341432,Mobile,+855016341432
Smart-016-341433,Mobile,+855016341433
Smart-016-341434,Mobile,+855016341434
Smart-016-341435,Mobile,+855016341435
Smart-016-341436,Mobile,+855016341436
Smart-016-341437,Mobile,+855016341437
Smart-016-341438,Mobile,+855016341438
Smart-016-341439,Mobile,+855016341439
Smart-016-341440,Mobile,+855016341440
Smart-016-341441,Mobile,+855016341441
Smart-016-341442,Mobile,+855016341442
Smart-016-341443,Mobile,+855016341443
Smart-016-341444,Mobile,+855016341444
Smart-016-341445,Mobile,+855016341445
Smart-016-341446,Mobile,+855016341446
Smart-016-341447,Mobile,+855016341447
Smart-016-341448,Mobile,+855016341448
Smart-016-341449,Mobile,+855016341449
Smart-016-341450,Mobile,+855016341450
Smart-016-341451,Mobile,+855016341451
Smart-016-341452,Mobile,+855016341452
Smart-016-341453,Mobile,+855016341453
Smart-016-341454,Mobile,+855016341454
Smart-016-341455,Mobile,+855016341455
Smart-016-341456,Mobile,+855016341456
Smart-016-341457,Mobile,+855016341457
Smart-016-341458,Mobile,+855016341458
Smart-016-341459,Mobile,+855016341459
Smart-016-341460,Mobile,+855016341460
Smart-016-341461,Mobile,+855016341461
Smart-016-341462,Mobile,+855016341462
Smart-016-341463,Mobile,+855016341463
Smart-016-341464,Mobile,+855016341464
Smart-016-341465,Mobile,+855016341465
Smart-016-341466,Mobile,+855016341466
Smart-016-341467,Mobile,+855016341467
Smart-016-341468,Mobile,+855016341468
Smart-016-341469,Mobile,+855016341469
Smart-016-341470,Mobile,+855016341470
Smart-016-341471,Mobile,+855016341471
Smart-016-341472,Mobile,+855016341472
Smart-016-341473,Mobile,+855016341473
Smart-016-341474,Mobile,+855016341474
Smart-016-341475,Mobile,+855016341475
Smart-016-341476,Mobile,+855016341476
Smart-016-341477,Mobile,+855016341477
Smart-016-341478,Mobile,+855016341478
Smart-016-341479,Mobile,+855016341479
Smart-016-341480,Mobile,+855016341480
Smart-016-341481,Mobile,+855016341481
Smart-016-341482,Mobile,+855016341482
Smart-016-341483,Mobile,+855016341483
Smart-016-341484,Mobile,+855016341484
Smart-016-341485,Mobile,+855016341485
Smart-016-341486,Mobile,+855016341486
Smart-016-341487,Mobile,+855016341487
Smart-016-341488,Mobile,+855016341488
Smart-016-341489,Mobile,+855016341489
Smart-016-341490,Mobile,+855016341490
Smart-016-341491,Mobile,+855016341491
Smart-016-341492,Mobile,+855016341492
Smart-016-341493,Mobile,+855016341493
Smart-016-341494,Mobile,+855016341494
Smart-016-341495,Mobile,+855016341495
Smart-016-341496,Mobile,+855016341496
Smart-016-341497,Mobile,+855016341497
Smart-016-341498,Mobile,+855016341498
Smart-016-341499,Mobile,+855016341499
Smart-016-341500,Mobile,+855016341500
Smart-016-341501,Mobile,+855016341501
Smart-016-341502,Mobile,+855016341502
Smart-016-341503,Mobile,+855016341503
Smart-016-341504,Mobile,+855016341504
Smart-016-341505,Mobile,+855016341505
Smart-016-341506,Mobile,+855016341506
Smart-016-341507,Mobile,+855016341507
Smart-016-341508,Mobile,+855016341508
Smart-016-341509,Mobile,+855016341509
Smart-016-341510,Mobile,+855016341510
Smart-016-341511,Mobile,+855016341511
Smart-016-341512,Mobile,+855016341512
Smart-016-341513,Mobile,+855016341513
Smart-016-341514,Mobile,+855016341514
Smart-016-341515,Mobile,+855016341515
Smart-016-341516,Mobile,+855016341516
Smart-016-341517,Mobile,+855016341517
Smart-016-341518,Mobile,+855016341518
Smart-016-341519,Mobile,+855016341519
Smart-016-341520,Mobile,+855016341520
Smart-016-341521,Mobile,+855016341521
Smart-016-341522,Mobile,+855016341522
Smart-016-341523,Mobile,+855016341523
Smart-016-341524,Mobile,+855016341524
Smart-016-341525,Mobile,+855016341525
Smart-016-341526,Mobile,+855016341526
Smart-016-341527,Mobile,+855016341527
Smart-016-341528,Mobile,+855016341528
Smart-016-341529,Mobile,+855016341529
Smart-016-341530,Mobile,+855016341530
Smart-016-341531,Mobile,+855016341531
Smart-016-341532,Mobile,+855016341532
Smart-016-341533,Mobile,+855016341533
Smart-016-341534,Mobile,+855016341534
Smart-016-341535,Mobile,+855016341535
Smart-016-341536,Mobile,+855016341536
Smart-016-341537,Mobile,+855016341537
Smart-016-341538,Mobile,+855016341538
Smart-016-341539,Mobile,+855016341539
Smart-016-341540,Mobile,+855016341540
Smart-016-341541,Mobile,+855016341541
Smart-016-341542,Mobile,+855016341542
Smart-016-341543,Mobile,+855016341543
Smart-016-341544,Mobile,+855016341544
Smart-016-341545,Mobile,+855016341545
Smart-016-341546,Mobile,+855016341546
Smart-016-341547,Mobile,+855016341547
Smart-016-341548,Mobile,+855016341548
Smart-016-341549,Mobile,+855016341549
Smart-016-341550,Mobile,+855016341550
Smart-016-341551,Mobile,+855016341551
Smart-016-341552,Mobile,+855016341552
Smart-016-341553,Mobile,+855016341553
Smart-016-341554,Mobile,+855016341554
Smart-016-341555,Mobile,+855016341555
Smart-016-341556,Mobile,+855016341556
Smart-016-341557,Mobile,+855016341557
Smart-016-341558,Mobile,+855016341558
Smart-016-341559,Mobile,+855016341559
Smart-016-341560,Mobile,+855016341560
Smart-016-341561,Mobile,+855016341561
Smart-016-341562,Mobile,+855016341562
Smart-016-341563,Mobile,+855016341563
Smart-016-341564,Mobile,+855016341564
Smart-016-341565,Mobile,+855016341565
Smart-016-341566,Mobile,+855016341566
Smart-016-341567,Mobile,+855016341567
Smart-016-341568,Mobile,+855016341568
Smart-016-341569,Mobile,+855016341569
Smart-016-341570,Mobile,+855016341570
Smart-016-341571,Mobile,+855016341571
Smart-016-341572,Mobile,+855016341572
Smart-016-341573,Mobile,+855016341573
Smart-016-341574,Mobile,+855016341574
Smart-016-341575,Mobile,+855016341575
Smart-016-341576,Mobile,+855016341576
Smart-016-341577,Mobile,+855016341577
Smart-016-341578,Mobile,+855016341578
Smart-016-341579,Mobile,+855016341579
Smart-016-341580,Mobile,+855016341580
Smart-016-341581,Mobile,+855016341581
Smart-016-341582,Mobile,+855016341582
Smart-016-341583,Mobile,+855016341583
Smart-016-341584,Mobile,+855016341584
Smart-016-341585,Mobile,+855016341585
Smart-016-341586,Mobile,+855016341586
Smart-016-341587,Mobile,+855016341587
Smart-016-341588,Mobile,+855016341588
Smart-016-341589,Mobile,+855016341589
Smart-016-341590,Mobile,+855016341590
Smart-016-341591,Mobile,+855016341591
Smart-016-341592,Mobile,+855016341592
Smart-016-341593,Mobile,+855016341593
Smart-016-341594,Mobile,+855016341594
Smart-016-341595,Mobile,+855016341595
Smart-016-341596,Mobile,+855016341596
Smart-016-341597,Mobile,+855016341597
Smart-016-341598,Mobile,+855016341598
Smart-016-341599,Mobile,+855016341599
Smart-016-341600,Mobile,+855016341600
Smart-016-341601,Mobile,+855016341601
Smart-016-341602,Mobile,+855016341602
Smart-016-341603,Mobile,+855016341603
Smart-016-341604,Mobile,+855016341604
Smart-016-341605,Mobile,+855016341605
Smart-016-341606,Mobile,+855016341606
Smart-016-341607,Mobile,+855016341607
Smart-016-341608,Mobile,+855016341608
Smart-016-341609,Mobile,+855016341609
Smart-016-341610,Mobile,+855016341610
Smart-016-341611,Mobile,+855016341611
Smart-016-341612,Mobile,+855016341612
Smart-016-341613,Mobile,+855016341613
Smart-016-341614,Mobile,+855016341614
Smart-016-341615,Mobile,+855016341615
Smart-016-341616,Mobile,+855016341616
Smart-016-341617,Mobile,+855016341617
Smart-016-341618,Mobile,+855016341618
Smart-016-341619,Mobile,+855016341619
Smart-016-341620,Mobile,+855016341620
Smart-016-341621,Mobile,+855016341621
Smart-016-341622,Mobile,+855016341622
Smart-016-341623,Mobile,+855016341623
Smart-016-341624,Mobile,+855016341624
Smart-016-341625,Mobile,+855016341625
Smart-016-341626,Mobile,+855016341626
Smart-016-341627,Mobile,+855016341627
Smart-016-341628,Mobile,+855016341628
Smart-016-341629,Mobile,+855016341629
Smart-016-341630,Mobile,+855016341630
Smart-016-341631,Mobile,+855016341631
Smart-016-341632,Mobile,+855016341632
Smart-016-341633,Mobile,+855016341633
Smart-016-341634,Mobile,+855016341634
Smart-016-341635,Mobile,+855016341635
Smart-016-341636,Mobile,+855016341636
Smart-016-341637,Mobile,+855016341637
Smart-016-341638,Mobile,+855016341638
Smart-016-341639,Mobile,+855016341639
Smart-016-341640,Mobile,+855016341640
Smart-016-341641,Mobile,+855016341641
Smart-016-341642,Mobile,+855016341642
Smart-016-341643,Mobile,+855016341643
Smart-016-341644,Mobile,+855016341644
Smart-016-341645,Mobile,+855016341645
Smart-016-341646,Mobile,+855016341646
Smart-016-341647,Mobile,+855016341647
Smart-016-341648,Mobile,+855016341648
Smart-016-341649,Mobile,+855016341649
Smart-016-341650,Mobile,+855016341650
Smart-016-341651,Mobile,+855016341651
Smart-016-341652,Mobile,+855016341652
Smart-016-341653,Mobile,+855016341653
Smart-016-341654,Mobile,+855016341654
Smart-016-341655,Mobile,+855016341655
Smart-016-341656,Mobile,+855016341656
Smart-016-341657,Mobile,+855016341657
Smart-016-341658,Mobile,+855016341658
Smart-016-341659,Mobile,+855016341659
Smart-016-341660,Mobile,+855016341660
Smart-016-341661,Mobile,+855016341661
Smart-016-341662,Mobile,+855016341662
Smart-016-341663,Mobile,+855016341663
Smart-016-341664,Mobile,+855016341664
Smart-016-341665,Mobile,+855016341665
Smart-016-341666,Mobile,+855016341666
Smart-016-341667,Mobile,+855016341667
Smart-016-341668,Mobile,+855016341668
Smart-016-341669,Mobile,+855016341669
Smart-016-341670,Mobile,+855016341670
Smart-016-341671,Mobile,+855016341671
Smart-016-341672,Mobile,+855016341672
Smart-016-341673,Mobile,+855016341673
Smart-016-341674,Mobile,+855016341674
Smart-016-341675,Mobile,+855016341675
Smart-016-341676,Mobile,+855016341676
Smart-016-341677,Mobile,+855016341677
Smart-016-341678,Mobile,+855016341678
Smart-016-341679,Mobile,+855016341679
Smart-016-341680,Mobile,+855016341680
Smart-016-341681,Mobile,+855016341681
Smart-016-341682,Mobile,+855016341682
Smart-016-341683,Mobile,+855016341683
Smart-016-341684,Mobile,+855016341684
Smart-016-341685,Mobile,+855016341685
Smart-016-341686,Mobile,+855016341686
Smart-016-341687,Mobile,+855016341687
Smart-016-341688,Mobile,+855016341688
Smart-016-341689,Mobile,+855016341689
Smart-016-341690,Mobile,+855016341690
Smart-016-341691,Mobile,+855016341691
Smart-016-341692,Mobile,+855016341692
Smart-016-341693,Mobile,+855016341693
Smart-016-341694,Mobile,+855016341694
Smart-016-341695,Mobile,+855016341695
Smart-016-341696,Mobile,+855016341696
Smart-016-341697,Mobile,+855016341697
Smart-016-341698,Mobile,+855016341698
Smart-016-341699,Mobile,+855016341699
Smart-016-341700,Mobile,+855016341700
Smart-016-341701,Mobile,+855016341701
Smart-016-341702,Mobile,+855016341702
Smart-016-341703,Mobile,+855016341703
Smart-016-341704,Mobile,+855016341704
Smart-016-341705,Mobile,+855016341705
Smart-016-341706,Mobile,+855016341706
Smart-016-341707,Mobile,+855016341707
Smart-016-341708,Mobile,+855016341708
Smart-016-341709,Mobile,+855016341709
Smart-016-341710,Mobile,+855016341710
Smart-016-341711,Mobile,+855016341711
Smart-016-341712,Mobile,+855016341712
Smart-016-341713,Mobile,+855016341713
Smart-016-341714,Mobile,+855016341714
Smart-016-341715,Mobile,+855016341715
Smart-016-341716,Mobile,+855016341716
Smart-016-341717,Mobile,+855016341717
Smart-016-341718,Mobile,+855016341718
Smart-016-341719,Mobile,+855016341719
Smart-016-341720,Mobile,+855016341720
Smart-016-341721,Mobile,+855016341721
Smart-016-341722,Mobile,+855016341722
Smart-016-341723,Mobile,+855016341723
Smart-016-341724,Mobile,+855016341724
Smart-016-341725,Mobile,+855016341725
Smart-016-341726,Mobile,+855016341726
Smart-016-341727,Mobile,+855016341727
Smart-016-341728,Mobile,+855016341728
Smart-016-341729,Mobile,+855016341729
Smart-016-341730,Mobile,+855016341730
Smart-016-341731,Mobile,+855016341731
Smart-016-341732,Mobile,+855016341732
Smart-016-341733,Mobile,+855016341733
Smart-016-341734,Mobile,+855016341734
Smart-016-341735,Mobile,+855016341735
Smart-016-341736,Mobile,+855016341736
Smart-016-341737,Mobile,+855016341737
Smart-016-341738,Mobile,+855016341738
Smart-016-341739,Mobile,+855016341739
Smart-016-341740,Mobile,+855016341740
Smart-016-341741,Mobile,+855016341741
Smart-016-341742,Mobile,+855016341742
Smart-016-341743,Mobile,+855016341743
Smart-016-341744,Mobile,+855016341744
Smart-016-341745,Mobile,+855016341745
Smart-016-341746,Mobile,+855016341746
Smart-016-341747,Mobile,+855016341747
Smart-016-341748,Mobile,+855016341748
Smart-016-341749,Mobile,+855016341749
Smart-016-341750,Mobile,+855016341750
Smart-016-341751,Mobile,+855016341751
Smart-016-341752,Mobile,+855016341752
Smart-016-341753,Mobile,+855016341753
Smart-016-341754,Mobile,+855016341754
Smart-016-341755,Mobile,+855016341755
Smart-016-341756,Mobile,+855016341756
Smart-016-341757,Mobile,+855016341757
Smart-016-341758,Mobile,+855016341758
Smart-016-341759,Mobile,+855016341759
Smart-016-341760,Mobile,+855016341760
Smart-016-341761,Mobile,+855016341761
Smart-016-341762,Mobile,+855016341762
Smart-016-341763,Mobile,+855016341763
Smart-016-341764,Mobile,+855016341764
Smart-016-341765,Mobile,+855016341765
Smart-016-341766,Mobile,+855016341766
Smart-016-341767,Mobile,+855016341767
Smart-016-341768,Mobile,+855016341768
Smart-016-341769,Mobile,+855016341769
Smart-016-341770,Mobile,+855016341770
Smart-016-341771,Mobile,+855016341771
Smart-016-341772,Mobile,+855016341772
Smart-016-341773,Mobile,+855016341773
Smart-016-341774,Mobile,+855016341774
Smart-016-341775,Mobile,+855016341775
Smart-016-341776,Mobile,+855016341776
Smart-016-341777,Mobile,+855016341777
Smart-016-341778,Mobile,+855016341778
Smart-016-341779,Mobile,+855016341779
Smart-016-341780,Mobile,+855016341780
Smart-016-341781,Mobile,+855016341781
Smart-016-341782,Mobile,+855016341782
Smart-016-341783,Mobile,+855016341783
Smart-016-341784,Mobile,+855016341784
Smart-016-341785,Mobile,+855016341785
Smart-016-341786,Mobile,+855016341786
Smart-016-341787,Mobile,+855016341787
Smart-016-341788,Mobile,+855016341788
Smart-016-341789,Mobile,+855016341789
Smart-016-341790,Mobile,+855016341790
Smart-016-341791,Mobile,+855016341791
Smart-016-341792,Mobile,+855016341792
Smart-016-341793,Mobile,+855016341793
Smart-016-341794,Mobile,+855016341794
Smart-016-341795,Mobile,+855016341795
Smart-016-341796,Mobile,+855016341796
Smart-016-341797,Mobile,+855016341797
Smart-016-341798,Mobile,+855016341798
Smart-016-341799,Mobile,+855016341799
Smart-016-341800,Mobile,+855016341800
Smart-016-341801,Mobile,+855016341801
Smart-016-341802,Mobile,+855016341802
Smart-016-341803,Mobile,+855016341803
Smart-016-341804,Mobile,+855016341804
Smart-016-341805,Mobile,+855016341805
Smart-016-341806,Mobile,+855016341806
Smart-016-341807,Mobile,+855016341807
Smart-016-341808,Mobile,+855016341808
Smart-016-341809,Mobile,+855016341809
Smart-016-341810,Mobile,+855016341810
Smart-016-341811,Mobile,+855016341811
Smart-016-341812,Mobile,+855016341812
Smart-016-341813,Mobile,+855016341813
Smart-016-341814,Mobile,+855016341814
Smart-016-341815,Mobile,+855016341815
Smart-016-341816,Mobile,+855016341816
Smart-016-341817,Mobile,+855016341817
Smart-016-341818,Mobile,+855016341818
Smart-016-341819,Mobile,+855016341819
Smart-016-341820,Mobile,+855016341820
Smart-016-341821,Mobile,+855016341821
Smart-016-341822,Mobile,+855016341822
Smart-016-341823,Mobile,+855016341823
Smart-016-341824,Mobile,+855016341824
Smart-016-341825,Mobile,+855016341825
Smart-016-341826,Mobile,+855016341826
Smart-016-341827,Mobile,+855016341827
Smart-016-341828,Mobile,+855016341828
Smart-016-341829,Mobile,+855016341829
Smart-016-341830,Mobile,+855016341830
Smart-016-341831,Mobile,+855016341831
Smart-016-341832,Mobile,+855016341832
Smart-016-341833,Mobile,+855016341833
Smart-016-341834,Mobile,+855016341834
Smart-016-341835,Mobile,+855016341835
Smart-016-341836,Mobile,+855016341836
Smart-016-341837,Mobile,+855016341837
Smart-016-341838,Mobile,+855016341838
Smart-016-341839,Mobile,+855016341839
Smart-016-341840,Mobile,+855016341840
Smart-016-341841,Mobile,+855016341841
Smart-016-341842,Mobile,+855016341842
Smart-016-341843,Mobile,+855016341843
Smart-016-341844,Mobile,+855016341844
Smart-016-341845,Mobile,+855016341845
Smart-016-341846,Mobile,+855016341846
Smart-016-341847,Mobile,+855016341847
Smart-016-341848,Mobile,+855016341848
Smart-016-341849,Mobile,+855016341849
Smart-016-341850,Mobile,+855016341850
Smart-016-341851,Mobile,+855016341851
Smart-016-341852,Mobile,+855016341852
Smart-016-341853,Mobile,+855016341853
Smart-016-341854,Mobile,+855016341854
Smart-016-341855,Mobile,+855016341855
Smart-016-341856,Mobile,+855016341856
Smart-016-341857,Mobile,+855016341857
Smart-016-341858,Mobile,+855016341858
Smart-016-341859,Mobile,+855016341859
Smart-016-341860,Mobile,+855016341860
Smart-016-341861,Mobile,+855016341861
Smart-016-341862,Mobile,+855016341862
Smart-016-341863,Mobile,+855016341863
Smart-016-341864,Mobile,+855016341864
Smart-016-341865,Mobile,+855016341865
Smart-016-341866,Mobile,+855016341866
Smart-016-341867,Mobile,+855016341867
Smart-016-341868,Mobile,+855016341868
Smart-016-341869,Mobile,+855016341869
Smart-016-341870,Mobile,+855016341870
Smart-016-341871,Mobile,+855016341871
Smart-016-341872,Mobile,+855016341872
Smart-016-341873,Mobile,+855016341873
Smart-016-341874,Mobile,+855016341874
Smart-016-341875,Mobile,+855016341875
Smart-016-341876,Mobile,+855016341876
Smart-016-341877,Mobile,+855016341877
Smart-016-341878,Mobile,+855016341878
Smart-016-341879,Mobile,+855016341879
Smart-016-341880,Mobile,+855016341880
Smart-016-341881,Mobile,+855016341881
Smart-016-341882,Mobile,+855016341882
Smart-016-341883,Mobile,+855016341883
Smart-016-341884,Mobile,+855016341884
Smart-016-341885,Mobile,+855016341885
Smart-016-341886,Mobile,+855016341886
Smart-016-341887,Mobile,+855016341887
Smart-016-341888,Mobile,+855016341888
Smart-016-341889,Mobile,+855016341889
Smart-016-341890,Mobile,+855016341890
Smart-016-341891,Mobile,+855016341891
Smart-016-341892,Mobile,+855016341892
Smart-016-341893,Mobile,+855016341893
Smart-016-341894,Mobile,+855016341894
Smart-016-341895,Mobile,+855016341895
Smart-016-341896,Mobile,+855016341896
Smart-016-341897,Mobile,+855016341897
Smart-016-341898,Mobile,+855016341898
Smart-016-341899,Mobile,+855016341899
Smart-016-341900,Mobile,+855016341900
Smart-016-341901,Mobile,+855016341901
Smart-016-341902,Mobile,+855016341902
Smart-016-341903,Mobile,+855016341903
Smart-016-341904,Mobile,+855016341904
Smart-016-341905,Mobile,+855016341905
Smart-016-341906,Mobile,+855016341906
Smart-016-341907,Mobile,+855016341907
Smart-016-341908,Mobile,+855016341908
Smart-016-341909,Mobile,+855016341909
Smart-016-341910,Mobile,+855016341910
Smart-016-341911,Mobile,+855016341911
Smart-016-341912,Mobile,+855016341912
Smart-016-341913,Mobile,+855016341913
Smart-016-341914,Mobile,+855016341914
Smart-016-341915,Mobile,+855016341915
Smart-016-341916,Mobile,+855016341916
Smart-016-341917,Mobile,+855016341917
Smart-016-341918,Mobile,+855016341918
Smart-016-341919,Mobile,+855016341919
Smart-016-341920,Mobile,+855016341920
Smart-016-341921,Mobile,+855016341921
Smart-016-341922,Mobile,+855016341922
Smart-016-341923,Mobile,+855016341923
Smart-016-341924,Mobile,+855016341924
Smart-016-341925,Mobile,+855016341925
Smart-016-341926,Mobile,+855016341926
Smart-016-341927,Mobile,+855016341927
Smart-016-341928,Mobile,+855016341928
Smart-016-341929,Mobile,+855016341929
Smart-016-341930,Mobile,+855016341930
Smart-016-341931,Mobile,+855016341931
Smart-016-341932,Mobile,+855016341932
Smart-016-341933,Mobile,+855016341933
Smart-016-341934,Mobile,+855016341934
Smart-016-341935,Mobile,+855016341935
Smart-016-341936,Mobile,+855016341936
Smart-016-341937,Mobile,+855016341937
Smart-016-341938,Mobile,+855016341938
Smart-016-341939,Mobile,+855016341939
Smart-016-341940,Mobile,+855016341940
Smart-016-341941,Mobile,+855016341941
Smart-016-341942,Mobile,+855016341942
Smart-016-341943,Mobile,+855016341943
Smart-016-341944,Mobile,+855016341944
Smart-016-341945,Mobile,+855016341945
Smart-016-341946,Mobile,+855016341946
Smart-016-341947,Mobile,+855016341947
Smart-016-341948,Mobile,+855016341948
Smart-016-341949,Mobile,+855016341949
Smart-016-341950,Mobile,+855016341950
Smart-016-341951,Mobile,+855016341951
Smart-016-341952,Mobile,+855016341952
Smart-016-341953,Mobile,+855016341953
Smart-016-341954,Mobile,+855016341954
Smart-016-341955,Mobile,+855016341955
Smart-016-341956,Mobile,+855016341956
Smart-016-341957,Mobile,+855016341957
Smart-016-341958,Mobile,+855016341958
Smart-016-341959,Mobile,+855016341959
Smart-016-341960,Mobile,+855016341960
Smart-016-341961,Mobile,+855016341961
Smart-016-341962,Mobile,+855016341962
Smart-016-341963,Mobile,+855016341963
Smart-016-341964,Mobile,+855016341964
Smart-016-341965,Mobile,+855016341965
Smart-016-341966,Mobile,+855016341966
Smart-016-341967,Mobile,+855016341967
Smart-016-341968,Mobile,+855016341968
Smart-016-341969,Mobile,+855016341969
Smart-016-341970,Mobile,+855016341970
Smart-016-341971,Mobile,+855016341971
Smart-016-341972,Mobile,+855016341972
Smart-016-341973,Mobile,+855016341973
Smart-016-341974,Mobile,+855016341974
Smart-016-341975,Mobile,+855016341975
Smart-016-341976,Mobile,+855016341976
Smart-016-341977,Mobile,+855016341977
Smart-016-341978,Mobile,+855016341978
Smart-016-341979,Mobile,+855016341979
Smart-016-341980,Mobile,+855016341980
Smart-016-341981,Mobile,+855016341981
Smart-016-341982,Mobile,+855016341982
Smart-016-341983,Mobile,+855016341983
Smart-016-341984,Mobile,+855016341984
Smart-016-341985,Mobile,+855016341985
Smart-016-341986,Mobile,+855016341986
Smart-016-341987,Mobile,+855016341987
Smart-016-341988,Mobile,+855016341988
Smart-016-341989,Mobile,+855016341989
Smart-016-341990,Mobile,+855016341990
Smart-016-341991,Mobile,+855016341991
Smart-016-341992,Mobile,+855016341992
Smart-016-341993,Mobile,+855016341993
Smart-016-341994,Mobile,+855016341994
Smart-016-341995,Mobile,+855016341995
Smart-016-341996,Mobile,+855016341996
Smart-016-341997,Mobile,+855016341997
Smart-016-341998,Mobile,+855016341998
Smart-016-341999,Mobile,+855016341999
Smart-016-342000,Mobile,+855016342000
Smart-016-342001,Mobile,+855016342001
Smart-016-342002,Mobile,+855016342002
Smart-016-342003,Mobile,+855016342003
Smart-016-342004,Mobile,+855016342004
Smart-016-342005,Mobile,+855016342005
Smart-016-342006,Mobile,+855016342006
Smart-016-342007,Mobile,+855016342007
Smart-016-342008,Mobile,+855016342008
Smart-016-342009,Mobile,+855016342009
Smart-016-342010,Mobile,+855016342010
Smart-016-342011,Mobile,+855016342011
Smart-016-342012,Mobile,+855016342012
Smart-016-342013,Mobile,+855016342013
Smart-016-342014,Mobile,+855016342014
Smart-016-342015,Mobile,+855016342015
Smart-016-342016,Mobile,+855016342016
Smart-016-342017,Mobile,+855016342017
Smart-016-342018,Mobile,+855016342018
Smart-016-342019,Mobile,+855016342019
Smart-016-342020,Mobile,+855016342020
Smart-016-342021,Mobile,+855016342021
Smart-016-342022,Mobile,+855016342022
Smart-016-342023,Mobile,+855016342023
Smart-016-342024,Mobile,+855016342024
Smart-016-342025,Mobile,+855016342025
Smart-016-342026,Mobile,+855016342026
Smart-016-342027,Mobile,+855016342027
Smart-016-342028,Mobile,+855016342028
Smart-016-342029,Mobile,+855016342029
Smart-016-342030,Mobile,+855016342030
Smart-016-342031,Mobile,+855016342031
Smart-016-342032,Mobile,+855016342032
Smart-016-342033,Mobile,+855016342033
Smart-016-342034,Mobile,+855016342034
Smart-016-342035,Mobile,+855016342035
Smart-016-342036,Mobile,+855016342036
Smart-016-342037,Mobile,+855016342037
Smart-016-342038,Mobile,+855016342038
Smart-016-342039,Mobile,+855016342039
Smart-016-342040,Mobile,+855016342040
Smart-016-342041,Mobile,+855016342041
Smart-016-342042,Mobile,+855016342042
Smart-016-342043,Mobile,+855016342043
Smart-016-342044,Mobile,+855016342044
Smart-016-342045,Mobile,+855016342045
Smart-016-342046,Mobile,+855016342046
Smart-016-342047,Mobile,+855016342047
Smart-016-342048,Mobile,+855016342048
Smart-016-342049,Mobile,+855016342049
Smart-016-342050,Mobile,+855016342050
Smart-016-342051,Mobile,+855016342051
Smart-016-342052,Mobile,+855016342052
Smart-016-342053,Mobile,+855016342053
Smart-016-342054,Mobile,+855016342054
Smart-016-342055,Mobile,+855016342055
Smart-016-342056,Mobile,+855016342056
Smart-016-342057,Mobile,+855016342057
Smart-016-342058,Mobile,+855016342058
Smart-016-342059,Mobile,+855016342059
Smart-016-342060,Mobile,+855016342060
Smart-016-342061,Mobile,+855016342061
Smart-016-342062,Mobile,+855016342062
Smart-016-342063,Mobile,+855016342063
Smart-016-342064,Mobile,+855016342064
Smart-016-342065,Mobile,+855016342065
Smart-016-342066,Mobile,+855016342066
Smart-016-342067,Mobile,+855016342067
Smart-016-342068,Mobile,+855016342068
Smart-016-342069,Mobile,+855016342069
Smart-016-342070,Mobile,+855016342070
Smart-016-342071,Mobile,+855016342071
Smart-016-342072,Mobile,+855016342072
Smart-016-342073,Mobile,+855016342073
Smart-016-342074,Mobile,+855016342074
Smart-016-342075,Mobile,+855016342075
Smart-016-342076,Mobile,+855016342076
Smart-016-342077,Mobile,+855016342077
Smart-016-342078,Mobile,+855016342078
Smart-016-342079,Mobile,+855016342079
Smart-016-342080,Mobile,+855016342080
Smart-016-342081,Mobile,+855016342081
Smart-016-342082,Mobile,+855016342082
Smart-016-342083,Mobile,+855016342083
Smart-016-342084,Mobile,+855016342084
Smart-016-342085,Mobile,+855016342085
Smart-016-342086,Mobile,+855016342086
Smart-016-342087,Mobile,+855016342087
Smart-016-342088,Mobile,+855016342088
Smart-016-342089,Mobile,+855016342089
Smart-016-342090,Mobile,+855016342090
Smart-016-342091,Mobile,+855016342091
Smart-016-342092,Mobile,+855016342092
Smart-016-342093,Mobile,+855016342093
Smart-016-342094,Mobile,+855016342094
Smart-016-342095,Mobile,+855016342095
Smart-016-342096,Mobile,+855016342096
Smart-016-342097,Mobile,+855016342097
Smart-016-342098,Mobile,+855016342098
Smart-016-342099,Mobile,+855016342099
Smart-016-342100,Mobile,+855016342100
Smart-016-342101,Mobile,+855016342101
Smart-016-342102,Mobile,+855016342102
Smart-016-342103,Mobile,+855016342103
Smart-016-342104,Mobile,+855016342104
Smart-016-342105,Mobile,+855016342105
Smart-016-342106,Mobile,+855016342106
Smart-016-342107,Mobile,+855016342107
Smart-016-342108,Mobile,+855016342108
Smart-016-342109,Mobile,+855016342109
Smart-016-342110,Mobile,+855016342110
Smart-016-342111,Mobile,+855016342111
Smart-016-342112,Mobile,+855016342112
Smart-016-342113,Mobile,+855016342113
Smart-016-342114,Mobile,+855016342114
Smart-016-342115,Mobile,+855016342115
Smart-016-342116,Mobile,+855016342116
Smart-016-342117,Mobile,+855016342117
Smart-016-342118,Mobile,+855016342118
Smart-016-342119,Mobile,+855016342119
Smart-016-342120,Mobile,+855016342120
Smart-016-342121,Mobile,+855016342121
Smart-016-342122,Mobile,+855016342122
Smart-016-342123,Mobile,+855016342123
Smart-016-342124,Mobile,+855016342124
Smart-016-342125,Mobile,+855016342125
Smart-016-342126,Mobile,+855016342126
Smart-016-342127,Mobile,+855016342127
Smart-016-342128,Mobile,+855016342128
Smart-016-342129,Mobile,+855016342129
Smart-016-342130,Mobile,+855016342130
Smart-016-342131,Mobile,+855016342131
Smart-016-342132,Mobile,+855016342132
Smart-016-342133,Mobile,+855016342133
Smart-016-342134,Mobile,+855016342134
Smart-016-342135,Mobile,+855016342135
Smart-016-342136,Mobile,+855016342136
Smart-016-342137,Mobile,+855016342137
Smart-016-342138,Mobile,+855016342138
Smart-016-342139,Mobile,+855016342139
Smart-016-342140,Mobile,+855016342140
Smart-016-342141,Mobile,+855016342141
Smart-016-342142,Mobile,+855016342142
Smart-016-342143,Mobile,+855016342143
Smart-016-342144,Mobile,+855016342144
Smart-016-342145,Mobile,+855016342145
Smart-016-342146,Mobile,+855016342146
Smart-016-342147,Mobile,+855016342147
Smart-016-342148,Mobile,+855016342148
Smart-016-342149,Mobile,+855016342149
Smart-016-342150,Mobile,+855016342150
Smart-016-342151,Mobile,+855016342151
Smart-016-342152,Mobile,+855016342152
Smart-016-342153,Mobile,+855016342153
Smart-016-342154,Mobile,+855016342154
Smart-016-342155,Mobile,+855016342155
Smart-016-342156,Mobile,+855016342156
Smart-016-342157,Mobile,+855016342157
Smart-016-342158,Mobile,+855016342158
Smart-016-342159,Mobile,+855016342159
Smart-016-342160,Mobile,+855016342160
Smart-016-342161,Mobile,+855016342161
Smart-016-342162,Mobile,+855016342162
Smart-016-342163,Mobile,+855016342163
Smart-016-342164,Mobile,+855016342164
Smart-016-342165,Mobile,+855016342165
Smart-016-342166,Mobile,+855016342166
Smart-016-342167,Mobile,+855016342167
Smart-016-342168,Mobile,+855016342168
Smart-016-342169,Mobile,+855016342169
Smart-016-342170,Mobile,+855016342170
Smart-016-342171,Mobile,+855016342171
Smart-016-342172,Mobile,+855016342172
Smart-016-342173,Mobile,+855016342173
Smart-016-342174,Mobile,+855016342174
Smart-016-342175,Mobile,+855016342175
Smart-016-342176,Mobile,+855016342176
Smart-016-342177,Mobile,+855016342177
Smart-016-342178,Mobile,+855016342178
Smart-016-342179,Mobile,+855016342179
Smart-016-342180,Mobile,+855016342180
Smart-016-342181,Mobile,+855016342181
Smart-016-342182,Mobile,+855016342182
Smart-016-342183,Mobile,+855016342183
Smart-016-342184,Mobile,+855016342184
Smart-016-342185,Mobile,+855016342185
Smart-016-342186,Mobile,+855016342186
Smart-016-342187,Mobile,+855016342187
Smart-016-342188,Mobile,+855016342188
Smart-016-342189,Mobile,+855016342189
Smart-016-342190,Mobile,+855016342190
Smart-016-342191,Mobile,+855016342191
Smart-016-342192,Mobile,+855016342192
Smart-016-342193,Mobile,+855016342193
Smart-016-342194,Mobile,+855016342194
Smart-016-342195,Mobile,+855016342195
Smart-016-342196,Mobile,+855016342196
Smart-016-342197,Mobile,+855016342197
Smart-016-342198,Mobile,+855016342198
Smart-016-342199,Mobile,+855016342199
Smart-016-342200,Mobile,+855016342200
Smart-016-342201,Mobile,+855016342201
Smart-016-342202,Mobile,+855016342202
Smart-016-342203,Mobile,+855016342203
Smart-016-342204,Mobile,+855016342204
Smart-016-342205,Mobile,+855016342205
Smart-016-342206,Mobile,+855016342206
Smart-016-342207,Mobile,+855016342207
Smart-016-342208,Mobile,+855016342208
Smart-016-342209,Mobile,+855016342209
Smart-016-342210,Mobile,+855016342210
Smart-016-342211,Mobile,+855016342211
Smart-016-342212,Mobile,+855016342212
Smart-016-342213,Mobile,+855016342213
Smart-016-342214,Mobile,+855016342214
Smart-016-342215,Mobile,+855016342215
Smart-016-342216,Mobile,+855016342216
Smart-016-342217,Mobile,+855016342217
Smart-016-342218,Mobile,+855016342218
Smart-016-342219,Mobile,+855016342219
Smart-016-342220,Mobile,+855016342220
Smart-016-342221,Mobile,+855016342221
Smart-016-342222,Mobile,+855016342222
Smart-016-342223,Mobile,+855016342223
Smart-016-342224,Mobile,+855016342224
Smart-016-342225,Mobile,+855016342225
Smart-016-342226,Mobile,+855016342226
Smart-016-342227,Mobile,+855016342227
Smart-016-342228,Mobile,+855016342228
Smart-016-342229,Mobile,+855016342229
Smart-016-342230,Mobile,+855016342230
Smart-016-342231,Mobile,+855016342231
Smart-016-342232,Mobile,+855016342232
Smart-016-342233,Mobile,+855016342233
Smart-016-342234,Mobile,+855016342234
Smart-016-342235,Mobile,+855016342235
Smart-016-342236,Mobile,+855016342236
Smart-016-342237,Mobile,+855016342237
Smart-016-342238,Mobile,+855016342238
Smart-016-342239,Mobile,+855016342239
Smart-016-342240,Mobile,+855016342240
Smart-016-342241,Mobile,+855016342241
Smart-016-342242,Mobile,+855016342242
Smart-016-342243,Mobile,+855016342243
Smart-016-342244,Mobile,+855016342244
Smart-016-342245,Mobile,+855016342245
Smart-016-342246,Mobile,+855016342246
Smart-016-342247,Mobile,+855016342247
Smart-016-342248,Mobile,+855016342248
Smart-016-342249,Mobile,+855016342249
Smart-016-342250,Mobile,+855016342250
Smart-016-342251,Mobile,+855016342251
Smart-016-342252,Mobile,+855016342252
Smart-016-342253,Mobile,+855016342253
Smart-016-342254,Mobile,+855016342254
Smart-016-342255,Mobile,+855016342255
Smart-016-342256,Mobile,+855016342256
Smart-016-342257,Mobile,+855016342257
Smart-016-342258,Mobile,+855016342258
Smart-016-342259,Mobile,+855016342259
Smart-016-342260,Mobile,+855016342260
Smart-016-342261,Mobile,+855016342261
Smart-016-342262,Mobile,+855016342262
Smart-016-342263,Mobile,+855016342263
Smart-016-342264,Mobile,+855016342264
Smart-016-342265,Mobile,+855016342265
Smart-016-342266,Mobile,+855016342266
Smart-016-342267,Mobile,+855016342267
Smart-016-342268,Mobile,+855016342268
Smart-016-342269,Mobile,+855016342269
Smart-016-342270,Mobile,+855016342270
Smart-016-342271,Mobile,+855016342271
Smart-016-342272,Mobile,+855016342272
Smart-016-342273,Mobile,+855016342273
Smart-016-342274,Mobile,+855016342274
Smart-016-342275,Mobile,+855016342275
Smart-016-342276,Mobile,+855016342276
Smart-016-342277,Mobile,+855016342277
Smart-016-342278,Mobile,+855016342278
Smart-016-342279,Mobile,+855016342279
Smart-016-342280,Mobile,+855016342280
Smart-016-342281,Mobile,+855016342281
Smart-016-342282,Mobile,+855016342282
Smart-016-342283,Mobile,+855016342283
Smart-016-342284,Mobile,+855016342284
Smart-016-342285,Mobile,+855016342285
Smart-016-342286,Mobile,+855016342286
Smart-016-342287,Mobile,+855016342287
Smart-016-342288,Mobile,+855016342288
Smart-016-342289,Mobile,+855016342289
Smart-016-342290,Mobile,+855016342290
Smart-016-342291,Mobile,+855016342291
Smart-016-342292,Mobile,+855016342292
Smart-016-342293,Mobile,+855016342293
Smart-016-342294,Mobile,+855016342294
Smart-016-342295,Mobile,+855016342295
Smart-016-342296,Mobile,+855016342296
Smart-016-342297,Mobile,+855016342297
Smart-016-342298,Mobile,+855016342298
Smart-016-342299,Mobile,+855016342299
Smart-016-342300,Mobile,+855016342300
Smart-016-342301,Mobile,+855016342301
Smart-016-342302,Mobile,+855016342302
Smart-016-342303,Mobile,+855016342303
Smart-016-342304,Mobile,+855016342304
Smart-016-342305,Mobile,+855016342305
Smart-016-342306,Mobile,+855016342306
Smart-016-342307,Mobile,+855016342307
Smart-016-342308,Mobile,+855016342308
Smart-016-342309,Mobile,+855016342309
Smart-016-342310,Mobile,+855016342310
Smart-016-342311,Mobile,+855016342311
Smart-016-342312,Mobile,+855016342312
Smart-016-342313,Mobile,+855016342313
Smart-016-342314,Mobile,+855016342314
Smart-016-342315,Mobile,+855016342315
Smart-016-342316,Mobile,+855016342316
Smart-016-342317,Mobile,+855016342317
Smart-016-342318,Mobile,+855016342318
Smart-016-342319,Mobile,+855016342319
Smart-016-342320,Mobile,+855016342320
Smart-016-342321,Mobile,+855016342321
Smart-016-342322,Mobile,+855016342322
Smart-016-342323,Mobile,+855016342323
Smart-016-342324,Mobile,+855016342324
Smart-016-342325,Mobile,+855016342325
Smart-016-342326,Mobile,+855016342326
Smart-016-342327,Mobile,+855016342327
Smart-016-342328,Mobile,+855016342328
Smart-016-342329,Mobile,+855016342329
Smart-016-342330,Mobile,+855016342330
Smart-016-342331,Mobile,+855016342331
Smart-016-342332,Mobile,+855016342332
Smart-016-342333,Mobile,+855016342333
Smart-016-342334,Mobile,+855016342334
Smart-016-342335,Mobile,+855016342335
Smart-016-342336,Mobile,+855016342336
Smart-016-342337,Mobile,+855016342337
Smart-016-342338,Mobile,+855016342338
Smart-016-342339,Mobile,+855016342339
Smart-016-342340,Mobile,+855016342340
Smart-016-342341,Mobile,+855016342341
Smart-016-342342,Mobile,+855016342342
Smart-016-342343,Mobile,+855016342343
Smart-016-342344,Mobile,+855016342344
Smart-016-342345,Mobile,+855016342345
Smart-016-342346,Mobile,+855016342346
Smart-016-342347,Mobile,+855016342347
Smart-016-342348,Mobile,+855016342348
Smart-016-342349,Mobile,+855016342349
Smart-016-342350,Mobile,+855016342350
Smart-016-342351,Mobile,+855016342351
Smart-016-342352,Mobile,+855016342352
Smart-016-342353,Mobile,+855016342353
Smart-016-342354,Mobile,+855016342354
Smart-016-342355,Mobile,+855016342355
Smart-016-342356,Mobile,+855016342356
Smart-016-342357,Mobile,+855016342357
Smart-016-342358,Mobile,+855016342358
Smart-016-342359,Mobile,+855016342359
Smart-016-342360,Mobile,+855016342360
Smart-016-342361,Mobile,+855016342361
Smart-016-342362,Mobile,+855016342362
Smart-016-342363,Mobile,+855016342363
Smart-016-342364,Mobile,+855016342364
Smart-016-342365,Mobile,+855016342365
Smart-016-342366,Mobile,+855016342366
Smart-016-342367,Mobile,+855016342367
Smart-016-342368,Mobile,+855016342368
Smart-016-342369,Mobile,+855016342369
Smart-016-342370,Mobile,+855016342370
Smart-016-342371,Mobile,+855016342371
Smart-016-342372,Mobile,+855016342372
Smart-016-342373,Mobile,+855016342373
Smart-016-342374,Mobile,+855016342374
Smart-016-342375,Mobile,+855016342375
Smart-016-342376,Mobile,+855016342376
Smart-016-342377,Mobile,+855016342377
Smart-016-342378,Mobile,+855016342378
Smart-016-342379,Mobile,+855016342379
Smart-016-342380,Mobile,+855016342380
Smart-016-342381,Mobile,+855016342381
Smart-016-342382,Mobile,+855016342382
Smart-016-342383,Mobile,+855016342383
Smart-016-342384,Mobile,+855016342384
Smart-016-342385,Mobile,+855016342385
Smart-016-342386,Mobile,+855016342386
Smart-016-342387,Mobile,+855016342387
Smart-016-342388,Mobile,+855016342388
Smart-016-342389,Mobile,+855016342389
Smart-016-342390,Mobile,+855016342390
Smart-016-342391,Mobile,+855016342391
Smart-016-342392,Mobile,+855016342392
Smart-016-342393,Mobile,+855016342393
Smart-016-342394,Mobile,+855016342394
Smart-016-342395,Mobile,+855016342395
Smart-016-342396,Mobile,+855016342396
Smart-016-342397,Mobile,+855016342397
Smart-016-342398,Mobile,+855016342398
Smart-016-342399,Mobile,+855016342399
Smart-016-342400,Mobile,+855016342400
Smart-016-342401,Mobile,+855016342401
Smart-016-342402,Mobile,+855016342402
Smart-016-342403,Mobile,+855016342403
Smart-016-342404,Mobile,+855016342404
Smart-016-342405,Mobile,+855016342405
Smart-016-342406,Mobile,+855016342406
Smart-016-342407,Mobile,+855016342407
Smart-016-342408,Mobile,+855016342408
Smart-016-342409,Mobile,+855016342409
Smart-016-342410,Mobile,+855016342410
Smart-016-342411,Mobile,+855016342411
Smart-016-342412,Mobile,+855016342412
Smart-016-342413,Mobile,+855016342413
Smart-016-342414,Mobile,+855016342414
Smart-016-342415,Mobile,+855016342415
Smart-016-342416,Mobile,+855016342416
Smart-016-342417,Mobile,+855016342417
Smart-016-342418,Mobile,+855016342418
Smart-016-342419,Mobile,+855016342419
Smart-016-342420,Mobile,+855016342420
Smart-016-342421,Mobile,+855016342421
Smart-016-342422,Mobile,+855016342422
Smart-016-342423,Mobile,+855016342423
Smart-016-342424,Mobile,+855016342424
Smart-016-342425,Mobile,+855016342425
Smart-016-342426,Mobile,+855016342426
Smart-016-342427,Mobile,+855016342427
Smart-016-342428,Mobile,+855016342428
Smart-016-342429,Mobile,+855016342429
Smart-016-342430,Mobile,+855016342430
Smart-016-342431,Mobile,+855016342431
Smart-016-342432,Mobile,+855016342432
Smart-016-342433,Mobile,+855016342433
Smart-016-342434,Mobile,+855016342434
Smart-016-342435,Mobile,+855016342435
Smart-016-342436,Mobile,+855016342436
Smart-016-342437,Mobile,+855016342437
Smart-016-342438,Mobile,+855016342438
Smart-016-342439,Mobile,+855016342439
Smart-016-342440,Mobile,+855016342440
Smart-016-342441,Mobile,+855016342441
Smart-016-342442,Mobile,+855016342442
Smart-016-342443,Mobile,+855016342443
Smart-016-342444,Mobile,+855016342444
Smart-016-342445,Mobile,+855016342445
Smart-016-342446,Mobile,+855016342446
Smart-016-342447,Mobile,+855016342447
Smart-016-342448,Mobile,+855016342448
Smart-016-342449,Mobile,+855016342449
Smart-016-342450,Mobile,+855016342450
Smart-016-342451,Mobile,+855016342451
Smart-016-342452,Mobile,+855016342452
Smart-016-342453,Mobile,+855016342453
Smart-016-342454,Mobile,+855016342454
Smart-016-342455,Mobile,+855016342455
Smart-016-342456,Mobile,+855016342456
Smart-016-342457,Mobile,+855016342457
Smart-016-342458,Mobile,+855016342458
Smart-016-342459,Mobile,+855016342459
Smart-016-342460,Mobile,+855016342460
Smart-016-342461,Mobile,+855016342461
Smart-016-342462,Mobile,+855016342462
Smart-016-342463,Mobile,+855016342463
Smart-016-342464,Mobile,+855016342464
Smart-016-342465,Mobile,+855016342465
Smart-016-342466,Mobile,+855016342466
Smart-016-342467,Mobile,+855016342467
Smart-016-342468,Mobile,+855016342468
Smart-016-342469,Mobile,+855016342469
Smart-016-342470,Mobile,+855016342470
Smart-016-342471,Mobile,+855016342471
Smart-016-342472,Mobile,+855016342472
Smart-016-342473,Mobile,+855016342473
Smart-016-342474,Mobile,+855016342474
Smart-016-342475,Mobile,+855016342475
Smart-016-342476,Mobile,+855016342476
Smart-016-342477,Mobile,+855016342477
Smart-016-342478,Mobile,+855016342478
Smart-016-342479,Mobile,+855016342479
Smart-016-342480,Mobile,+855016342480
Smart-016-342481,Mobile,+855016342481
Smart-016-342482,Mobile,+855016342482
Smart-016-342483,Mobile,+855016342483
Smart-016-342484,Mobile,+855016342484
Smart-016-342485,Mobile,+855016342485
Smart-016-342486,Mobile,+855016342486
Smart-016-342487,Mobile,+855016342487
Smart-016-342488,Mobile,+855016342488
Smart-016-342489,Mobile,+855016342489
Smart-016-342490,Mobile,+855016342490
Smart-016-342491,Mobile,+855016342491
Smart-016-342492,Mobile,+855016342492
Smart-016-342493,Mobile,+855016342493
Smart-016-342494,Mobile,+855016342494
Smart-016-342495,Mobile,+855016342495
Smart-016-342496,Mobile,+855016342496
Smart-016-342497,Mobile,+855016342497
Smart-016-342498,Mobile,+855016342498
Smart-016-342499,Mobile,+855016342499
Smart-016-342500,Mobile,+855016342500
Smart-016-342501,Mobile,+855016342501
Smart-016-342502,Mobile,+855016342502
Smart-016-342503,Mobile,+855016342503
Smart-016-342504,Mobile,+855016342504
Smart-016-342505,Mobile,+855016342505
Smart-016-342506,Mobile,+855016342506
Smart-016-342507,Mobile,+855016342507
Smart-016-342508,Mobile,+855016342508
Smart-016-342509,Mobile,+855016342509
Smart-016-342510,Mobile,+855016342510
Smart-016-342511,Mobile,+855016342511
Smart-016-342512,Mobile,+855016342512
Smart-016-342513,Mobile,+855016342513
Smart-016-342514,Mobile,+855016342514
Smart-016-342515,Mobile,+855016342515
Smart-016-342516,Mobile,+855016342516
Smart-016-342517,Mobile,+855016342517
Smart-016-342518,Mobile,+855016342518
Smart-016-342519,Mobile,+855016342519
Smart-016-342520,Mobile,+855016342520
Smart-016-342521,Mobile,+855016342521
Smart-016-342522,Mobile,+855016342522
Smart-016-342523,Mobile,+855016342523
Smart-016-342524,Mobile,+855016342524
Smart-016-342525,Mobile,+855016342525
Smart-016-342526,Mobile,+855016342526
Smart-016-342527,Mobile,+855016342527
Smart-016-342528,Mobile,+855016342528
Smart-016-342529,Mobile,+855016342529
Smart-016-342530,Mobile,+855016342530
Smart-016-342531,Mobile,+855016342531
Smart-016-342532,Mobile,+855016342532
Smart-016-342533,Mobile,+855016342533
Smart-016-342534,Mobile,+855016342534
Smart-016-342535,Mobile,+855016342535
Smart-016-342536,Mobile,+855016342536
Smart-016-342537,Mobile,+855016342537
Smart-016-342538,Mobile,+855016342538
Smart-016-342539,Mobile,+855016342539
Smart-016-342540,Mobile,+855016342540
Smart-016-342541,Mobile,+855016342541
Smart-016-342542,Mobile,+855016342542
Smart-016-342543,Mobile,+855016342543
Smart-016-342544,Mobile,+855016342544
Smart-016-342545,Mobile,+855016342545
Smart-016-342546,Mobile,+855016342546
Smart-016-342547,Mobile,+855016342547
Smart-016-342548,Mobile,+855016342548
Smart-016-342549,Mobile,+855016342549
Smart-016-342550,Mobile,+855016342550
Smart-016-342551,Mobile,+855016342551
Smart-016-342552,Mobile,+855016342552
Smart-016-342553,Mobile,+855016342553
Smart-016-342554,Mobile,+855016342554
Smart-016-342555,Mobile,+855016342555
Smart-016-342556,Mobile,+855016342556
Smart-016-342557,Mobile,+855016342557
Smart-016-342558,Mobile,+855016342558
Smart-016-342559,Mobile,+855016342559
Smart-016-342560,Mobile,+855016342560
Smart-016-342561,Mobile,+855016342561
Smart-016-342562,Mobile,+855016342562
Smart-016-342563,Mobile,+855016342563
Smart-016-342564,Mobile,+855016342564
Smart-016-342565,Mobile,+855016342565
Smart-016-342566,Mobile,+855016342566
Smart-016-342567,Mobile,+855016342567
Smart-016-342568,Mobile,+855016342568
Smart-016-342569,Mobile,+855016342569
Smart-016-342570,Mobile,+855016342570
Smart-016-342571,Mobile,+855016342571
Smart-016-342572,Mobile,+855016342572
Smart-016-342573,Mobile,+855016342573
Smart-016-342574,Mobile,+855016342574
Smart-016-342575,Mobile,+855016342575
Smart-016-342576,Mobile,+855016342576
Smart-016-342577,Mobile,+855016342577
Smart-016-342578,Mobile,+855016342578
Smart-016-342579,Mobile,+855016342579
Smart-016-342580,Mobile,+855016342580
Smart-016-342581,Mobile,+855016342581
Smart-016-342582,Mobile,+855016342582
Smart-016-342583,Mobile,+855016342583
Smart-016-342584,Mobile,+855016342584
Smart-016-342585,Mobile,+855016342585
Smart-016-342586,Mobile,+855016342586
Smart-016-342587,Mobile,+855016342587
Smart-016-342588,Mobile,+855016342588
Smart-016-342589,Mobile,+855016342589
Smart-016-342590,Mobile,+855016342590
Smart-016-342591,Mobile,+855016342591
Smart-016-342592,Mobile,+855016342592
Smart-016-342593,Mobile,+855016342593
Smart-016-342594,Mobile,+855016342594
Smart-016-342595,Mobile,+855016342595
Smart-016-342596,Mobile,+855016342596
Smart-016-342597,Mobile,+855016342597
Smart-016-342598,Mobile,+855016342598
Smart-016-342599,Mobile,+855016342599
Smart-016-342600,Mobile,+855016342600
Smart-016-342601,Mobile,+855016342601
Smart-016-342602,Mobile,+855016342602
Smart-016-342603,Mobile,+855016342603
Smart-016-342604,Mobile,+855016342604
Smart-016-342605,Mobile,+855016342605
Smart-016-342606,Mobile,+855016342606
Smart-016-342607,Mobile,+855016342607
Smart-016-342608,Mobile,+855016342608
Smart-016-342609,Mobile,+855016342609
Smart-016-342610,Mobile,+855016342610
Smart-016-342611,Mobile,+855016342611
Smart-016-342612,Mobile,+855016342612
Smart-016-342613,Mobile,+855016342613
Smart-016-342614,Mobile,+855016342614
Smart-016-342615,Mobile,+855016342615
Smart-016-342616,Mobile,+855016342616
Smart-016-342617,Mobile,+855016342617
Smart-016-342618,Mobile,+855016342618
Smart-016-342619,Mobile,+855016342619
Smart-016-342620,Mobile,+855016342620
Smart-016-342621,Mobile,+855016342621
Smart-016-342622,Mobile,+855016342622
Smart-016-342623,Mobile,+855016342623
Smart-016-342624,Mobile,+855016342624
Smart-016-342625,Mobile,+855016342625
Smart-016-342626,Mobile,+855016342626
Smart-016-342627,Mobile,+855016342627
Smart-016-342628,Mobile,+855016342628
Smart-016-342629,Mobile,+855016342629
Smart-016-342630,Mobile,+855016342630
Smart-016-342631,Mobile,+855016342631
Smart-016-342632,Mobile,+855016342632
Smart-016-342633,Mobile,+855016342633
Smart-016-342634,Mobile,+855016342634
Smart-016-342635,Mobile,+855016342635
Smart-016-342636,Mobile,+855016342636
Smart-016-342637,Mobile,+855016342637
Smart-016-342638,Mobile,+855016342638
Smart-016-342639,Mobile,+855016342639
Smart-016-342640,Mobile,+855016342640
Smart-016-342641,Mobile,+855016342641
Smart-016-342642,Mobile,+855016342642
Smart-016-342643,Mobile,+855016342643
Smart-016-342644,Mobile,+855016342644
Smart-016-342645,Mobile,+855016342645
Smart-016-342646,Mobile,+855016342646
Smart-016-342647,Mobile,+855016342647
Smart-016-342648,Mobile,+855016342648
Smart-016-342649,Mobile,+855016342649
Smart-016-342650,Mobile,+855016342650
Smart-016-342651,Mobile,+855016342651
Smart-016-342652,Mobile,+855016342652
Smart-016-342653,Mobile,+855016342653
Smart-016-342654,Mobile,+855016342654
Smart-016-342655,Mobile,+855016342655
Smart-016-342656,Mobile,+855016342656
Smart-016-342657,Mobile,+855016342657
Smart-016-342658,Mobile,+855016342658
Smart-016-342659,Mobile,+855016342659
Smart-016-342660,Mobile,+855016342660
Smart-016-342661,Mobile,+855016342661
Smart-016-342662,Mobile,+855016342662
Smart-016-342663,Mobile,+855016342663
Smart-016-342664,Mobile,+855016342664
Smart-016-342665,Mobile,+855016342665
Smart-016-342666,Mobile,+855016342666
Smart-016-342667,Mobile,+855016342667
Smart-016-342668,Mobile,+855016342668
Smart-016-342669,Mobile,+855016342669
Smart-016-342670,Mobile,+855016342670
Smart-016-342671,Mobile,+855016342671
Smart-016-342672,Mobile,+855016342672
Smart-016-342673,Mobile,+855016342673
Smart-016-342674,Mobile,+855016342674
Smart-016-342675,Mobile,+855016342675
Smart-016-342676,Mobile,+855016342676
Smart-016-342677,Mobile,+855016342677
Smart-016-342678,Mobile,+855016342678
Smart-016-342679,Mobile,+855016342679
Smart-016-342680,Mobile,+855016342680
Smart-016-342681,Mobile,+855016342681
Smart-016-342682,Mobile,+855016342682
Smart-016-342683,Mobile,+855016342683
Smart-016-342684,Mobile,+855016342684
Smart-016-342685,Mobile,+855016342685
Smart-016-342686,Mobile,+855016342686
Smart-016-342687,Mobile,+855016342687
Smart-016-342688,Mobile,+855016342688
Smart-016-342689,Mobile,+855016342689
Smart-016-342690,Mobile,+855016342690
Smart-016-342691,Mobile,+855016342691
Smart-016-342692,Mobile,+855016342692
Smart-016-342693,Mobile,+855016342693
Smart-016-342694,Mobile,+855016342694
Smart-016-342695,Mobile,+855016342695
Smart-016-342696,Mobile,+855016342696
Smart-016-342697,Mobile,+855016342697
Smart-016-342698,Mobile,+855016342698
Smart-016-342699,Mobile,+855016342699
Smart-016-342700,Mobile,+855016342700
Smart-016-342701,Mobile,+855016342701
Smart-016-342702,Mobile,+855016342702
Smart-016-342703,Mobile,+855016342703
Smart-016-342704,Mobile,+855016342704
Smart-016-342705,Mobile,+855016342705
Smart-016-342706,Mobile,+855016342706
Smart-016-342707,Mobile,+855016342707
Smart-016-342708,Mobile,+855016342708
Smart-016-342709,Mobile,+855016342709
Smart-016-342710,Mobile,+855016342710
Smart-016-342711,Mobile,+855016342711
Smart-016-342712,Mobile,+855016342712
Smart-016-342713,Mobile,+855016342713
Smart-016-342714,Mobile,+855016342714
Smart-016-342715,Mobile,+855016342715
Smart-016-342716,Mobile,+855016342716
Smart-016-342717,Mobile,+855016342717
Smart-016-342718,Mobile,+855016342718
Smart-016-342719,Mobile,+855016342719
Smart-016-342720,Mobile,+855016342720
Smart-016-342721,Mobile,+855016342721
Smart-016-342722,Mobile,+855016342722
Smart-016-342723,Mobile,+855016342723
Smart-016-342724,Mobile,+855016342724
Smart-016-342725,Mobile,+855016342725
Smart-016-342726,Mobile,+855016342726
Smart-016-342727,Mobile,+855016342727
Smart-016-342728,Mobile,+855016342728
Smart-016-342729,Mobile,+855016342729
Smart-016-342730,Mobile,+855016342730
Smart-016-342731,Mobile,+855016342731
Smart-016-342732,Mobile,+855016342732
Smart-016-342733,Mobile,+855016342733
Smart-016-342734,Mobile,+855016342734
Smart-016-342735,Mobile,+855016342735
Smart-016-342736,Mobile,+855016342736
Smart-016-342737,Mobile,+855016342737
Smart-016-342738,Mobile,+855016342738
Smart-016-342739,Mobile,+855016342739
Smart-016-342740,Mobile,+855016342740
Smart-016-342741,Mobile,+855016342741
Smart-016-342742,Mobile,+855016342742
Smart-016-342743,Mobile,+855016342743
Smart-016-342744,Mobile,+855016342744
Smart-016-342745,Mobile,+855016342745
Smart-016-342746,Mobile,+855016342746
Smart-016-342747,Mobile,+855016342747
Smart-016-342748,Mobile,+855016342748
Smart-016-342749,Mobile,+855016342749
Smart-016-342750,Mobile,+855016342750
Smart-016-342751,Mobile,+855016342751
Smart-016-342752,Mobile,+855016342752
Smart-016-342753,Mobile,+855016342753
Smart-016-342754,Mobile,+855016342754
Smart-016-342755,Mobile,+855016342755
Smart-016-342756,Mobile,+855016342756
Smart-016-342757,Mobile,+855016342757
Smart-016-342758,Mobile,+855016342758
Smart-016-342759,Mobile,+855016342759
Smart-016-342760,Mobile,+855016342760
Smart-016-342761,Mobile,+855016342761
Smart-016-342762,Mobile,+855016342762
Smart-016-342763,Mobile,+855016342763
Smart-016-342764,Mobile,+855016342764
Smart-016-342765,Mobile,+855016342765
Smart-016-342766,Mobile,+855016342766
Smart-016-342767,Mobile,+855016342767
Smart-016-342768,Mobile,+855016342768
Smart-016-342769,Mobile,+855016342769
Smart-016-342770,Mobile,+855016342770
Smart-016-342771,Mobile,+855016342771
Smart-016-342772,Mobile,+855016342772
Smart-016-342773,Mobile,+855016342773
Smart-016-342774,Mobile,+855016342774
Smart-016-342775,Mobile,+855016342775
Smart-016-342776,Mobile,+855016342776
Smart-016-342777,Mobile,+855016342777
Smart-016-342778,Mobile,+855016342778
Smart-016-342779,Mobile,+855016342779
Smart-016-342780,Mobile,+855016342780
Smart-016-342781,Mobile,+855016342781
Smart-016-342782,Mobile,+855016342782
Smart-016-342783,Mobile,+855016342783
Smart-016-342784,Mobile,+855016342784
Smart-016-342785,Mobile,+855016342785
Smart-016-342786,Mobile,+855016342786
Smart-016-342787,Mobile,+855016342787
Smart-016-342788,Mobile,+855016342788
Smart-016-342789,Mobile,+855016342789
Smart-016-342790,Mobile,+855016342790
Smart-016-342791,Mobile,+855016342791
Smart-016-342792,Mobile,+855016342792
Smart-016-342793,Mobile,+855016342793
Smart-016-342794,Mobile,+855016342794
Smart-016-342795,Mobile,+855016342795
Smart-016-342796,Mobile,+855016342796
Smart-016-342797,Mobile,+855016342797
Smart-016-342798,Mobile,+855016342798
Smart-016-342799,Mobile,+855016342799
Smart-016-342800,Mobile,+855016342800
Smart-016-342801,Mobile,+855016342801
Smart-016-342802,Mobile,+855016342802
Smart-016-342803,Mobile,+855016342803
Smart-016-342804,Mobile,+855016342804
Smart-016-342805,Mobile,+855016342805
Smart-016-342806,Mobile,+855016342806
Smart-016-342807,Mobile,+855016342807
Smart-016-342808,Mobile,+855016342808
Smart-016-342809,Mobile,+855016342809
Smart-016-342810,Mobile,+855016342810
Smart-016-342811,Mobile,+855016342811
Smart-016-342812,Mobile,+855016342812
Smart-016-342813,Mobile,+855016342813
Smart-016-342814,Mobile,+855016342814
Smart-016-342815,Mobile,+855016342815
Smart-016-342816,Mobile,+855016342816
Smart-016-342817,Mobile,+855016342817
Smart-016-342818,Mobile,+855016342818
Smart-016-342819,Mobile,+855016342819
Smart-016-342820,Mobile,+855016342820
Smart-016-342821,Mobile,+855016342821
Smart-016-342822,Mobile,+855016342822
Smart-016-342823,Mobile,+855016342823
Smart-016-342824,Mobile,+855016342824
Smart-016-342825,Mobile,+855016342825
Smart-016-342826,Mobile,+855016342826
Smart-016-342827,Mobile,+855016342827
Smart-016-342828,Mobile,+855016342828
Smart-016-342829,Mobile,+855016342829
Smart-016-342830,Mobile,+855016342830
Smart-016-342831,Mobile,+855016342831
Smart-016-342832,Mobile,+855016342832
Smart-016-342833,Mobile,+855016342833
Smart-016-342834,Mobile,+855016342834
Smart-016-342835,Mobile,+855016342835
Smart-016-342836,Mobile,+855016342836
Smart-016-342837,Mobile,+855016342837
Smart-016-342838,Mobile,+855016342838
Smart-016-342839,Mobile,+855016342839
Smart-016-342840,Mobile,+855016342840
Smart-016-342841,Mobile,+855016342841
Smart-016-342842,Mobile,+855016342842
Smart-016-342843,Mobile,+855016342843
Smart-016-342844,Mobile,+855016342844
Smart-016-342845,Mobile,+855016342845
Smart-016-342846,Mobile,+855016342846
Smart-016-342847,Mobile,+855016342847
Smart-016-342848,Mobile,+855016342848
Smart-016-342849,Mobile,+855016342849
Smart-016-342850,Mobile,+855016342850
Smart-016-342851,Mobile,+855016342851
Smart-016-342852,Mobile,+855016342852
Smart-016-342853,Mobile,+855016342853
Smart-016-342854,Mobile,+855016342854
Smart-016-342855,Mobile,+855016342855
Smart-016-342856,Mobile,+855016342856
Smart-016-342857,Mobile,+855016342857
Smart-016-342858,Mobile,+855016342858
Smart-016-342859,Mobile,+855016342859
Smart-016-342860,Mobile,+855016342860
Smart-016-342861,Mobile,+855016342861
Smart-016-342862,Mobile,+855016342862
Smart-016-342863,Mobile,+855016342863
Smart-016-342864,Mobile,+855016342864
Smart-016-342865,Mobile,+855016342865
Smart-016-342866,Mobile,+855016342866
Smart-016-342867,Mobile,+855016342867
Smart-016-342868,Mobile,+855016342868
Smart-016-342869,Mobile,+855016342869
Smart-016-342870,Mobile,+855016342870
Smart-016-342871,Mobile,+855016342871
Smart-016-342872,Mobile,+855016342872
Smart-016-342873,Mobile,+855016342873
Smart-016-342874,Mobile,+855016342874
Smart-016-342875,Mobile,+855016342875
Smart-016-342876,Mobile,+855016342876
Smart-016-342877,Mobile,+855016342877
Smart-016-342878,Mobile,+855016342878
Smart-016-342879,Mobile,+855016342879
Smart-016-342880,Mobile,+855016342880
Smart-016-342881,Mobile,+855016342881
Smart-016-342882,Mobile,+855016342882
Smart-016-342883,Mobile,+855016342883
Smart-016-342884,Mobile,+855016342884
Smart-016-342885,Mobile,+855016342885
Smart-016-342886,Mobile,+855016342886
Smart-016-342887,Mobile,+855016342887
Smart-016-342888,Mobile,+855016342888
Smart-016-342889,Mobile,+855016342889
Smart-016-342890,Mobile,+855016342890
Smart-016-342891,Mobile,+855016342891
Smart-016-342892,Mobile,+855016342892
Smart-016-342893,Mobile,+855016342893
Smart-016-342894,Mobile,+855016342894
Smart-016-342895,Mobile,+855016342895
Smart-016-342896,Mobile,+855016342896
Smart-016-342897,Mobile,+855016342897
Smart-016-342898,Mobile,+855016342898
Smart-016-342899,Mobile,+855016342899
Smart-016-342900,Mobile,+855016342900
Smart-016-342901,Mobile,+855016342901
Smart-016-342902,Mobile,+855016342902
Smart-016-342903,Mobile,+855016342903
Smart-016-342904,Mobile,+855016342904
Smart-016-342905,Mobile,+855016342905
Smart-016-342906,Mobile,+855016342906
Smart-016-342907,Mobile,+855016342907
Smart-016-342908,Mobile,+855016342908
Smart-016-342909,Mobile,+855016342909
Smart-016-342910,Mobile,+855016342910
Smart-016-342911,Mobile,+855016342911
Smart-016-342912,Mobile,+855016342912
Smart-016-342913,Mobile,+855016342913
Smart-016-342914,Mobile,+855016342914
Smart-016-342915,Mobile,+855016342915
Smart-016-342916,Mobile,+855016342916
Smart-016-342917,Mobile,+855016342917
Smart-016-342918,Mobile,+855016342918
Smart-016-342919,Mobile,+855016342919
Smart-016-342920,Mobile,+855016342920
Smart-016-342921,Mobile,+855016342921
Smart-016-342922,Mobile,+855016342922
Smart-016-342923,Mobile,+855016342923
Smart-016-342924,Mobile,+855016342924
Smart-016-342925,Mobile,+855016342925
Smart-016-342926,Mobile,+855016342926
Smart-016-342927,Mobile,+855016342927
Smart-016-342928,Mobile,+855016342928
Smart-016-342929,Mobile,+855016342929
Smart-016-342930,Mobile,+855016342930
Smart-016-342931,Mobile,+855016342931
Smart-016-342932,Mobile,+855016342932
Smart-016-342933,Mobile,+855016342933
Smart-016-342934,Mobile,+855016342934
Smart-016-342935,Mobile,+855016342935
Smart-016-342936,Mobile,+855016342936
Smart-016-342937,Mobile,+855016342937
Smart-016-342938,Mobile,+855016342938
Smart-016-342939,Mobile,+855016342939
Smart-016-342940,Mobile,+855016342940
Smart-016-342941,Mobile,+855016342941
Smart-016-342942,Mobile,+855016342942
Smart-016-342943,Mobile,+855016342943
Smart-016-342944,Mobile,+855016342944
Smart-016-342945,Mobile,+855016342945
Smart-016-342946,Mobile,+855016342946
Smart-016-342947,Mobile,+855016342947
Smart-016-342948,Mobile,+855016342948
Smart-016-342949,Mobile,+855016342949
Smart-016-342950,Mobile,+855016342950
Smart-016-342951,Mobile,+855016342951
Smart-016-342952,Mobile,+855016342952
Smart-016-342953,Mobile,+855016342953
Smart-016-342954,Mobile,+855016342954
Smart-016-342955,Mobile,+855016342955
Smart-016-342956,Mobile,+855016342956
Smart-016-342957,Mobile,+855016342957
Smart-016-342958,Mobile,+855016342958
Smart-016-342959,Mobile,+855016342959
Smart-016-342960,Mobile,+855016342960
Smart-016-342961,Mobile,+855016342961
Smart-016-342962,Mobile,+855016342962
Smart-016-342963,Mobile,+855016342963
Smart-016-342964,Mobile,+855016342964
Smart-016-342965,Mobile,+855016342965
Smart-016-342966,Mobile,+855016342966
Smart-016-342967,Mobile,+855016342967
Smart-016-342968,Mobile,+855016342968
Smart-016-342969,Mobile,+855016342969
Smart-016-342970,Mobile,+855016342970
Smart-016-342971,Mobile,+855016342971
Smart-016-342972,Mobile,+855016342972
Smart-016-342973,Mobile,+855016342973
Smart-016-342974,Mobile,+855016342974
Smart-016-342975,Mobile,+855016342975
Smart-016-342976,Mobile,+855016342976
Smart-016-342977,Mobile,+855016342977
Smart-016-342978,Mobile,+855016342978
Smart-016-342979,Mobile,+855016342979
Smart-016-342980,Mobile,+855016342980
Smart-016-342981,Mobile,+855016342981
Smart-016-342982,Mobile,+855016342982
Smart-016-342983,Mobile,+855016342983
Smart-016-342984,Mobile,+855016342984
Smart-016-342985,Mobile,+855016342985
Smart-016-342986,Mobile,+855016342986
Smart-016-342987,Mobile,+855016342987
Smart-016-342988,Mobile,+855016342988
Smart-016-342989,Mobile,+855016342989
Smart-016-342990,Mobile,+855016342990
Smart-016-342991,Mobile,+855016342991
Smart-016-342992,Mobile,+855016342992
Smart-016-342993,Mobile,+855016342993
Smart-016-342994,Mobile,+855016342994
Smart-016-342995,Mobile,+855016342995
Smart-016-342996,Mobile,+855016342996
Smart-016-342997,Mobile,+855016342997
Smart-016-342998,Mobile,+855016342998
Smart-016-342999,Mobile,+855016342999
Smart-016-343000,Mobile,+855016343000
Smart-016-343001,Mobile,+855016343001
Smart-016-343002,Mobile,+855016343002
Smart-016-343003,Mobile,+855016343003
Smart-016-343004,Mobile,+855016343004
Smart-016-343005,Mobile,+855016343005
Smart-016-343006,Mobile,+855016343006
Smart-016-343007,Mobile,+855016343007
Smart-016-343008,Mobile,+855016343008
Smart-016-343009,Mobile,+855016343009
Smart-016-343010,Mobile,+855016343010
Smart-016-343011,Mobile,+855016343011
Smart-016-343012,Mobile,+855016343012
Smart-016-343013,Mobile,+855016343013
Smart-016-343014,Mobile,+855016343014
Smart-016-343015,Mobile,+855016343015
Smart-016-343016,Mobile,+855016343016
Smart-016-343017,Mobile,+855016343017
Smart-016-343018,Mobile,+855016343018
Smart-016-343019,Mobile,+855016343019
Smart-016-343020,Mobile,+855016343020
Smart-016-343021,Mobile,+855016343021
Smart-016-343022,Mobile,+855016343022
Smart-016-343023,Mobile,+855016343023
Smart-016-343024,Mobile,+855016343024
Smart-016-343025,Mobile,+855016343025
Smart-016-343026,Mobile,+855016343026
Smart-016-343027,Mobile,+855016343027
Smart-016-343028,Mobile,+855016343028
Smart-016-343029,Mobile,+855016343029
Smart-016-343030,Mobile,+855016343030
Smart-016-343031,Mobile,+855016343031
Smart-016-343032,Mobile,+855016343032
Smart-016-343033,Mobile,+855016343033
Smart-016-343034,Mobile,+855016343034
Smart-016-343035,Mobile,+855016343035
Smart-016-343036,Mobile,+855016343036
Smart-016-343037,Mobile,+855016343037
Smart-016-343038,Mobile,+855016343038
Smart-016-343039,Mobile,+855016343039
Smart-016-343040,Mobile,+855016343040
Smart-016-343041,Mobile,+855016343041
Smart-016-343042,Mobile,+855016343042
Smart-016-343043,Mobile,+855016343043
Smart-016-343044,Mobile,+855016343044
Smart-016-343045,Mobile,+855016343045
Smart-016-343046,Mobile,+855016343046
Smart-016-343047,Mobile,+855016343047
Smart-016-343048,Mobile,+855016343048
Smart-016-343049,Mobile,+855016343049
Smart-016-343050,Mobile,+855016343050
Smart-016-343051,Mobile,+855016343051
Smart-016-343052,Mobile,+855016343052
Smart-016-343053,Mobile,+855016343053
Smart-016-343054,Mobile,+855016343054
Smart-016-343055,Mobile,+855016343055
Smart-016-343056,Mobile,+855016343056
Smart-016-343057,Mobile,+855016343057
Smart-016-343058,Mobile,+855016343058
Smart-016-343059,Mobile,+855016343059
Smart-016-343060,Mobile,+855016343060
Smart-016-343061,Mobile,+855016343061
Smart-016-343062,Mobile,+855016343062
Smart-016-343063,Mobile,+855016343063
Smart-016-343064,Mobile,+855016343064
Smart-016-343065,Mobile,+855016343065
Smart-016-343066,Mobile,+855016343066
Smart-016-343067,Mobile,+855016343067
Smart-016-343068,Mobile,+855016343068
Smart-016-343069,Mobile,+855016343069
Smart-016-343070,Mobile,+855016343070
Smart-016-343071,Mobile,+855016343071
Smart-016-343072,Mobile,+855016343072
Smart-016-343073,Mobile,+855016343073
Smart-016-343074,Mobile,+855016343074
Smart-016-343075,Mobile,+855016343075
Smart-016-343076,Mobile,+855016343076
Smart-016-343077,Mobile,+855016343077
Smart-016-343078,Mobile,+855016343078
Smart-016-343079,Mobile,+855016343079
Smart-016-343080,Mobile,+855016343080
Smart-016-343081,Mobile,+855016343081
Smart-016-343082,Mobile,+855016343082
Smart-016-343083,Mobile,+855016343083
Smart-016-343084,Mobile,+855016343084
Smart-016-343085,Mobile,+855016343085
Smart-016-343086,Mobile,+855016343086
Smart-016-343087,Mobile,+855016343087
Smart-016-343088,Mobile,+855016343088
Smart-016-343089,Mobile,+855016343089
Smart-016-343090,Mobile,+855016343090
Smart-016-343091,Mobile,+855016343091
Smart-016-343092,Mobile,+855016343092
Smart-016-343093,Mobile,+855016343093
Smart-016-343094,Mobile,+855016343094
Smart-016-343095,Mobile,+855016343095
Smart-016-343096,Mobile,+855016343096
Smart-016-343097,Mobile,+855016343097
Smart-016-343098,Mobile,+855016343098
Smart-016-343099,Mobile,+855016343099
Smart-016-343100,Mobile,+855016343100
Smart-016-343101,Mobile,+855016343101
Smart-016-343102,Mobile,+855016343102
Smart-016-343103,Mobile,+855016343103
Smart-016-343104,Mobile,+855016343104
Smart-016-343105,Mobile,+855016343105
Smart-016-343106,Mobile,+855016343106
Smart-016-343107,Mobile,+855016343107
Smart-016-343108,Mobile,+855016343108
Smart-016-343109,Mobile,+855016343109
Smart-016-343110,Mobile,+855016343110
Smart-016-343111,Mobile,+855016343111
Smart-016-343112,Mobile,+855016343112
Smart-016-343113,Mobile,+855016343113
Smart-016-343114,Mobile,+855016343114
Smart-016-343115,Mobile,+855016343115
Smart-016-343116,Mobile,+855016343116
Smart-016-343117,Mobile,+855016343117
Smart-016-343118,Mobile,+855016343118
Smart-016-343119,Mobile,+855016343119
Smart-016-343120,Mobile,+855016343120
Smart-016-343121,Mobile,+855016343121
Smart-016-343122,Mobile,+855016343122
Smart-016-343123,Mobile,+855016343123
Smart-016-343124,Mobile,+855016343124
Smart-016-343125,Mobile,+855016343125
Smart-016-343126,Mobile,+855016343126
Smart-016-343127,Mobile,+855016343127
Smart-016-343128,Mobile,+855016343128
Smart-016-343129,Mobile,+855016343129
Smart-016-343130,Mobile,+855016343130
Smart-016-343131,Mobile,+855016343131
Smart-016-343132,Mobile,+855016343132
Smart-016-343133,Mobile,+855016343133
Smart-016-343134,Mobile,+855016343134
Smart-016-343135,Mobile,+855016343135
Smart-016-343136,Mobile,+855016343136
Smart-016-343137,Mobile,+855016343137
Smart-016-343138,Mobile,+855016343138
Smart-016-343139,Mobile,+855016343139
Smart-016-343140,Mobile,+855016343140
Smart-016-343141,Mobile,+855016343141
Smart-016-343142,Mobile,+855016343142
Smart-016-343143,Mobile,+855016343143
Smart-016-343144,Mobile,+855016343144
Smart-016-343145,Mobile,+855016343145
Smart-016-343146,Mobile,+855016343146
Smart-016-343147,Mobile,+855016343147
Smart-016-343148,Mobile,+855016343148
Smart-016-343149,Mobile,+855016343149
Smart-016-343150,Mobile,+855016343150
Smart-016-343151,Mobile,+855016343151
Smart-016-343152,Mobile,+855016343152
Smart-016-343153,Mobile,+855016343153
Smart-016-343154,Mobile,+855016343154
Smart-016-343155,Mobile,+855016343155
Smart-016-343156,Mobile,+855016343156
Smart-016-343157,Mobile,+855016343157
Smart-016-343158,Mobile,+855016343158
Smart-016-343159,Mobile,+855016343159
Smart-016-343160,Mobile,+855016343160
Smart-016-343161,Mobile,+855016343161
Smart-016-343162,Mobile,+855016343162
Smart-016-343163,Mobile,+855016343163
Smart-016-343164,Mobile,+855016343164
Smart-016-343165,Mobile,+855016343165
Smart-016-343166,Mobile,+855016343166
Smart-016-343167,Mobile,+855016343167
Smart-016-343168,Mobile,+855016343168
Smart-016-343169,Mobile,+855016343169
Smart-016-343170,Mobile,+855016343170
Smart-016-343171,Mobile,+855016343171
Smart-016-343172,Mobile,+855016343172
Smart-016-343173,Mobile,+855016343173
Smart-016-343174,Mobile,+855016343174
Smart-016-343175,Mobile,+855016343175
Smart-016-343176,Mobile,+855016343176
Smart-016-343177,Mobile,+855016343177
Smart-016-343178,Mobile,+855016343178
Smart-016-343179,Mobile,+855016343179
Smart-016-343180,Mobile,+855016343180
Smart-016-343181,Mobile,+855016343181
Smart-016-343182,Mobile,+855016343182
Smart-016-343183,Mobile,+855016343183
Smart-016-343184,Mobile,+855016343184
Smart-016-343185,Mobile,+855016343185
Smart-016-343186,Mobile,+855016343186
Smart-016-343187,Mobile,+855016343187
Smart-016-343188,Mobile,+855016343188
Smart-016-343189,Mobile,+855016343189
Smart-016-343190,Mobile,+855016343190
Smart-016-343191,Mobile,+855016343191
Smart-016-343192,Mobile,+855016343192
Smart-016-343193,Mobile,+855016343193
Smart-016-343194,Mobile,+855016343194
Smart-016-343195,Mobile,+855016343195
Smart-016-343196,Mobile,+855016343196
Smart-016-343197,Mobile,+855016343197
Smart-016-343198,Mobile,+855016343198
Smart-016-343199,Mobile,+855016343199
Smart-016-343200,Mobile,+855016343200
Smart-016-343201,Mobile,+855016343201
Smart-016-343202,Mobile,+855016343202
Smart-016-343203,Mobile,+855016343203
Smart-016-343204,Mobile,+855016343204
Smart-016-343205,Mobile,+855016343205
Smart-016-343206,Mobile,+855016343206
Smart-016-343207,Mobile,+855016343207
Smart-016-343208,Mobile,+855016343208
Smart-016-343209,Mobile,+855016343209
Smart-016-343210,Mobile,+855016343210
Smart-016-343211,Mobile,+855016343211
Smart-016-343212,Mobile,+855016343212
Smart-016-343213,Mobile,+855016343213
Smart-016-343214,Mobile,+855016343214
Smart-016-343215,Mobile,+855016343215
Smart-016-343216,Mobile,+855016343216
Smart-016-343217,Mobile,+855016343217
Smart-016-343218,Mobile,+855016343218
Smart-016-343219,Mobile,+855016343219
Smart-016-343220,Mobile,+855016343220
Smart-016-343221,Mobile,+855016343221
Smart-016-343222,Mobile,+855016343222
Smart-016-343223,Mobile,+855016343223
Smart-016-343224,Mobile,+855016343224
Smart-016-343225,Mobile,+855016343225
Smart-016-343226,Mobile,+855016343226
Smart-016-343227,Mobile,+855016343227
Smart-016-343228,Mobile,+855016343228
Smart-016-343229,Mobile,+855016343229
Smart-016-343230,Mobile,+855016343230
Smart-016-343231,Mobile,+855016343231
Smart-016-343232,Mobile,+855016343232
Smart-016-343233,Mobile,+855016343233
Smart-016-343234,Mobile,+855016343234
Smart-016-343235,Mobile,+855016343235
Smart-016-343236,Mobile,+855016343236
Smart-016-343237,Mobile,+855016343237
Smart-016-343238,Mobile,+855016343238
Smart-016-343239,Mobile,+855016343239
Smart-016-343240,Mobile,+855016343240
Smart-016-343241,Mobile,+855016343241
Smart-016-343242,Mobile,+855016343242
Smart-016-343243,Mobile,+855016343243
Smart-016-343244,Mobile,+855016343244
Smart-016-343245,Mobile,+855016343245
Smart-016-343246,Mobile,+855016343246
Smart-016-343247,Mobile,+855016343247
Smart-016-343248,Mobile,+855016343248
Smart-016-343249,Mobile,+855016343249
Smart-016-343250,Mobile,+855016343250
Smart-016-343251,Mobile,+855016343251
Smart-016-343252,Mobile,+855016343252
Smart-016-343253,Mobile,+855016343253
Smart-016-343254,Mobile,+855016343254
Smart-016-343255,Mobile,+855016343255
Smart-016-343256,Mobile,+855016343256
Smart-016-343257,Mobile,+855016343257
Smart-016-343258,Mobile,+855016343258
Smart-016-343259,Mobile,+855016343259
Smart-016-343260,Mobile,+855016343260
Smart-016-343261,Mobile,+855016343261
Smart-016-343262,Mobile,+855016343262
Smart-016-343263,Mobile,+855016343263
Smart-016-343264,Mobile,+855016343264
Smart-016-343265,Mobile,+855016343265
Smart-016-343266,Mobile,+855016343266
Smart-016-343267,Mobile,+855016343267
Smart-016-343268,Mobile,+855016343268
Smart-016-343269,Mobile,+855016343269
Smart-016-343270,Mobile,+855016343270
Smart-016-343271,Mobile,+855016343271
Smart-016-343272,Mobile,+855016343272
Smart-016-343273,Mobile,+855016343273
Smart-016-343274,Mobile,+855016343274
Smart-016-343275,Mobile,+855016343275
Smart-016-343276,Mobile,+855016343276
Smart-016-343277,Mobile,+855016343277
Smart-016-343278,Mobile,+855016343278
Smart-016-343279,Mobile,+855016343279
Smart-016-343280,Mobile,+855016343280
Smart-016-343281,Mobile,+855016343281
Smart-016-343282,Mobile,+855016343282
Smart-016-343283,Mobile,+855016343283
Smart-016-343284,Mobile,+855016343284
Smart-016-343285,Mobile,+855016343285
Smart-016-343286,Mobile,+855016343286
Smart-016-343287,Mobile,+855016343287
Smart-016-343288,Mobile,+855016343288
Smart-016-343289,Mobile,+855016343289
Smart-016-343290,Mobile,+855016343290
Smart-016-343291,Mobile,+855016343291
Smart-016-343292,Mobile,+855016343292
Smart-016-343293,Mobile,+855016343293
Smart-016-343294,Mobile,+855016343294
Smart-016-343295,Mobile,+855016343295
Smart-016-343296,Mobile,+855016343296
Smart-016-343297,Mobile,+855016343297
Smart-016-343298,Mobile,+855016343298
Smart-016-343299,Mobile,+855016343299
Smart-016-343300,Mobile,+855016343300
Smart-016-343301,Mobile,+855016343301
Smart-016-343302,Mobile,+855016343302
Smart-016-343303,Mobile,+855016343303
Smart-016-343304,Mobile,+855016343304
Smart-016-343305,Mobile,+855016343305
Smart-016-343306,Mobile,+855016343306
Smart-016-343307,Mobile,+855016343307
Smart-016-343308,Mobile,+855016343308
Smart-016-343309,Mobile,+855016343309
Smart-016-343310,Mobile,+855016343310
Smart-016-343311,Mobile,+855016343311
Smart-016-343312,Mobile,+855016343312
Smart-016-343313,Mobile,+855016343313
Smart-016-343314,Mobile,+855016343314
Smart-016-343315,Mobile,+855016343315
Smart-016-343316,Mobile,+855016343316
Smart-016-343317,Mobile,+855016343317
Smart-016-343318,Mobile,+855016343318
Smart-016-343319,Mobile,+855016343319
Smart-016-343320,Mobile,+855016343320
Smart-016-343321,Mobile,+855016343321
Smart-016-343322,Mobile,+855016343322
Smart-016-343323,Mobile,+855016343323
Smart-016-343324,Mobile,+855016343324
Smart-016-343325,Mobile,+855016343325
Smart-016-343326,Mobile,+855016343326
Smart-016-343327,Mobile,+855016343327
Smart-016-343328,Mobile,+855016343328
Smart-016-343329,Mobile,+855016343329
Smart-016-343330,Mobile,+855016343330
Smart-016-343331,Mobile,+855016343331
Smart-016-343332,Mobile,+855016343332
Smart-016-343333,Mobile,+855016343333
Smart-016-343334,Mobile,+855016343334
Smart-016-343335,Mobile,+855016343335
Smart-016-343336,Mobile,+855016343336
Smart-016-343337,Mobile,+855016343337
Smart-016-343338,Mobile,+855016343338
Smart-016-343339,Mobile,+855016343339
Smart-016-343340,Mobile,+855016343340
Smart-016-343341,Mobile,+855016343341
Smart-016-343342,Mobile,+855016343342
Smart-016-343343,Mobile,+855016343343
Smart-016-343344,Mobile,+855016343344
Smart-016-343345,Mobile,+855016343345
Smart-016-343346,Mobile,+855016343346
Smart-016-343347,Mobile,+855016343347
Smart-016-343348,Mobile,+855016343348
Smart-016-343349,Mobile,+855016343349
Smart-016-343350,Mobile,+855016343350
Smart-016-343351,Mobile,+855016343351
Smart-016-343352,Mobile,+855016343352
Smart-016-343353,Mobile,+855016343353
Smart-016-343354,Mobile,+855016343354
Smart-016-343355,Mobile,+855016343355
Smart-016-343356,Mobile,+855016343356
Smart-016-343357,Mobile,+855016343357
Smart-016-343358,Mobile,+855016343358
Smart-016-343359,Mobile,+855016343359
Smart-016-343360,Mobile,+855016343360
Smart-016-343361,Mobile,+855016343361
Smart-016-343362,Mobile,+855016343362
Smart-016-343363,Mobile,+855016343363
Smart-016-343364,Mobile,+855016343364
Smart-016-343365,Mobile,+855016343365
Smart-016-343366,Mobile,+855016343366
Smart-016-343367,Mobile,+855016343367
Smart-016-343368,Mobile,+855016343368
Smart-016-343369,Mobile,+855016343369
Smart-016-343370,Mobile,+855016343370
Smart-016-343371,Mobile,+855016343371
Smart-016-343372,Mobile,+855016343372
Smart-016-343373,Mobile,+855016343373
Smart-016-343374,Mobile,+855016343374
Smart-016-343375,Mobile,+855016343375
Smart-016-343376,Mobile,+855016343376
Smart-016-343377,Mobile,+855016343377
Smart-016-343378,Mobile,+855016343378
Smart-016-343379,Mobile,+855016343379
Smart-016-343380,Mobile,+855016343380
Smart-016-343381,Mobile,+855016343381
Smart-016-343382,Mobile,+855016343382
Smart-016-343383,Mobile,+855016343383
Smart-016-343384,Mobile,+855016343384
Smart-016-343385,Mobile,+855016343385
Smart-016-343386,Mobile,+855016343386
Smart-016-343387,Mobile,+855016343387
Smart-016-343388,Mobile,+855016343388
Smart-016-343389,Mobile,+855016343389
Smart-016-343390,Mobile,+855016343390
Smart-016-343391,Mobile,+855016343391
Smart-016-343392,Mobile,+855016343392
Smart-016-343393,Mobile,+855016343393
Smart-016-343394,Mobile,+855016343394
Smart-016-343395,Mobile,+855016343395
Smart-016-343396,Mobile,+855016343396
Smart-016-343397,Mobile,+855016343397
Smart-016-343398,Mobile,+855016343398
Smart-016-343399,Mobile,+855016343399
Smart-016-343400,Mobile,+855016343400
Smart-016-343401,Mobile,+855016343401
Smart-016-343402,Mobile,+855016343402
Smart-016-343403,Mobile,+855016343403
Smart-016-343404,Mobile,+855016343404
Smart-016-343405,Mobile,+855016343405
Smart-016-343406,Mobile,+855016343406
Smart-016-343407,Mobile,+855016343407
Smart-016-343408,Mobile,+855016343408
Smart-016-343409,Mobile,+855016343409
Smart-016-343410,Mobile,+855016343410
Smart-016-343411,Mobile,+855016343411
Smart-016-343412,Mobile,+855016343412
Smart-016-343413,Mobile,+855016343413
Smart-016-343414,Mobile,+855016343414
Smart-016-343415,Mobile,+855016343415
Smart-016-343416,Mobile,+855016343416
Smart-016-343417,Mobile,+855016343417
Smart-016-343418,Mobile,+855016343418
Smart-016-343419,Mobile,+855016343419
Smart-016-343420,Mobile,+855016343420
Smart-016-343421,Mobile,+855016343421
Smart-016-343422,Mobile,+855016343422
Smart-016-343423,Mobile,+855016343423
Smart-016-343424,Mobile,+855016343424
Smart-016-343425,Mobile,+855016343425
Smart-016-343426,Mobile,+855016343426
Smart-016-343427,Mobile,+855016343427
Smart-016-343428,Mobile,+855016343428
Smart-016-343429,Mobile,+855016343429
Smart-016-343430,Mobile,+855016343430
Smart-016-343431,Mobile,+855016343431
Smart-016-343432,Mobile,+855016343432
Smart-016-343433,Mobile,+855016343433
Smart-016-343434,Mobile,+855016343434
Smart-016-343435,Mobile,+855016343435
Smart-016-343436,Mobile,+855016343436
Smart-016-343437,Mobile,+855016343437
Smart-016-343438,Mobile,+855016343438
Smart-016-343439,Mobile,+855016343439
Smart-016-343440,Mobile,+855016343440
Smart-016-343441,Mobile,+855016343441
Smart-016-343442,Mobile,+855016343442
Smart-016-343443,Mobile,+855016343443
Smart-016-343444,Mobile,+855016343444
Smart-016-343445,Mobile,+855016343445
Smart-016-343446,Mobile,+855016343446
Smart-016-343447,Mobile,+855016343447
Smart-016-343448,Mobile,+855016343448
Smart-016-343449,Mobile,+855016343449
Smart-016-343450,Mobile,+855016343450
Smart-016-343451,Mobile,+855016343451
Smart-016-343452,Mobile,+855016343452
Smart-016-343453,Mobile,+855016343453
Smart-016-343454,Mobile,+855016343454
Smart-016-343455,Mobile,+855016343455
Smart-016-343456,Mobile,+855016343456
Smart-016-343457,Mobile,+855016343457
Smart-016-343458,Mobile,+855016343458
Smart-016-343459,Mobile,+855016343459
Smart-016-343460,Mobile,+855016343460
Smart-016-343461,Mobile,+855016343461
Smart-016-343462,Mobile,+855016343462
Smart-016-343463,Mobile,+855016343463
Smart-016-343464,Mobile,+855016343464
Smart-016-343465,Mobile,+855016343465
Smart-016-343466,Mobile,+855016343466
Smart-016-343467,Mobile,+855016343467
Smart-016-343468,Mobile,+855016343468
Smart-016-343469,Mobile,+855016343469
Smart-016-343470,Mobile,+855016343470
Smart-016-343471,Mobile,+855016343471
Smart-016-343472,Mobile,+855016343472
Smart-016-343473,Mobile,+855016343473
Smart-016-343474,Mobile,+855016343474
Smart-016-343475,Mobile,+855016343475
Smart-016-343476,Mobile,+855016343476
Smart-016-343477,Mobile,+855016343477
Smart-016-343478,Mobile,+855016343478
Smart-016-343479,Mobile,+855016343479
Smart-016-343480,Mobile,+855016343480
Smart-016-343481,Mobile,+855016343481
Smart-016-343482,Mobile,+855016343482
Smart-016-343483,Mobile,+855016343483
Smart-016-343484,Mobile,+855016343484
Smart-016-343485,Mobile,+855016343485
Smart-016-343486,Mobile,+855016343486
Smart-016-343487,Mobile,+855016343487
Smart-016-343488,Mobile,+855016343488
Smart-016-343489,Mobile,+855016343489
Smart-016-343490,Mobile,+855016343490
Smart-016-343491,Mobile,+855016343491
Smart-016-343492,Mobile,+855016343492
Smart-016-343493,Mobile,+855016343493
Smart-016-343494,Mobile,+855016343494
Smart-016-343495,Mobile,+855016343495
Smart-016-343496,Mobile,+855016343496
Smart-016-343497,Mobile,+855016343497
Smart-016-343498,Mobile,+855016343498
Smart-016-343499,Mobile,+855016343499
Smart-016-343500,Mobile,+855016343500
Smart-016-343501,Mobile,+855016343501
Smart-016-343502,Mobile,+855016343502
Smart-016-343503,Mobile,+855016343503
Smart-016-343504,Mobile,+855016343504
Smart-016-343505,Mobile,+855016343505
Smart-016-343506,Mobile,+855016343506
Smart-016-343507,Mobile,+855016343507
Smart-016-343508,Mobile,+855016343508
Smart-016-343509,Mobile,+855016343509
Smart-016-343510,Mobile,+855016343510
Smart-016-343511,Mobile,+855016343511
Smart-016-343512,Mobile,+855016343512
Smart-016-343513,Mobile,+855016343513
Smart-016-343514,Mobile,+855016343514
Smart-016-343515,Mobile,+855016343515
Smart-016-343516,Mobile,+855016343516
Smart-016-343517,Mobile,+855016343517
Smart-016-343518,Mobile,+855016343518
Smart-016-343519,Mobile,+855016343519
Smart-016-343520,Mobile,+855016343520
Smart-016-343521,Mobile,+855016343521
Smart-016-343522,Mobile,+855016343522
Smart-016-343523,Mobile,+855016343523
Smart-016-343524,Mobile,+855016343524
Smart-016-343525,Mobile,+855016343525
Smart-016-343526,Mobile,+855016343526
Smart-016-343527,Mobile,+855016343527
Smart-016-343528,Mobile,+855016343528
Smart-016-343529,Mobile,+855016343529
Smart-016-343530,Mobile,+855016343530
Smart-016-343531,Mobile,+855016343531
Smart-016-343532,Mobile,+855016343532
Smart-016-343533,Mobile,+855016343533
Smart-016-343534,Mobile,+855016343534
Smart-016-343535,Mobile,+855016343535
Smart-016-343536,Mobile,+855016343536
Smart-016-343537,Mobile,+855016343537
Smart-016-343538,Mobile,+855016343538
Smart-016-343539,Mobile,+855016343539
Smart-016-343540,Mobile,+855016343540
Smart-016-343541,Mobile,+855016343541
Smart-016-343542,Mobile,+855016343542
Smart-016-343543,Mobile,+855016343543
Smart-016-343544,Mobile,+855016343544
Smart-016-343545,Mobile,+855016343545
Smart-016-343546,Mobile,+855016343546
Smart-016-343547,Mobile,+855016343547
Smart-016-343548,Mobile,+855016343548
Smart-016-343549,Mobile,+855016343549
Smart-016-343550,Mobile,+855016343550
Smart-016-343551,Mobile,+855016343551
Smart-016-343552,Mobile,+855016343552
Smart-016-343553,Mobile,+855016343553
Smart-016-343554,Mobile,+855016343554
Smart-016-343555,Mobile,+855016343555
Smart-016-343556,Mobile,+855016343556
Smart-016-343557,Mobile,+855016343557
Smart-016-343558,Mobile,+855016343558
Smart-016-343559,Mobile,+855016343559
Smart-016-343560,Mobile,+855016343560
Smart-016-343561,Mobile,+855016343561
Smart-016-343562,Mobile,+855016343562
Smart-016-343563,Mobile,+855016343563
Smart-016-343564,Mobile,+855016343564
Smart-016-343565,Mobile,+855016343565
Smart-016-343566,Mobile,+855016343566
Smart-016-343567,Mobile,+855016343567
Smart-016-343568,Mobile,+855016343568
Smart-016-343569,Mobile,+855016343569
Smart-016-343570,Mobile,+855016343570
Smart-016-343571,Mobile,+855016343571
Smart-016-343572,Mobile,+855016343572
Smart-016-343573,Mobile,+855016343573
Smart-016-343574,Mobile,+855016343574
Smart-016-343575,Mobile,+855016343575
Smart-016-343576,Mobile,+855016343576
Smart-016-343577,Mobile,+855016343577
Smart-016-343578,Mobile,+855016343578
Smart-016-343579,Mobile,+855016343579
Smart-016-343580,Mobile,+855016343580
Smart-016-343581,Mobile,+855016343581
Smart-016-343582,Mobile,+855016343582
Smart-016-343583,Mobile,+855016343583
Smart-016-343584,Mobile,+855016343584
Smart-016-343585,Mobile,+855016343585
Smart-016-343586,Mobile,+855016343586
Smart-016-343587,Mobile,+855016343587
Smart-016-343588,Mobile,+855016343588
Smart-016-343589,Mobile,+855016343589
Smart-016-343590,Mobile,+855016343590
Smart-016-343591,Mobile,+855016343591
Smart-016-343592,Mobile,+855016343592
Smart-016-343593,Mobile,+855016343593
Smart-016-343594,Mobile,+855016343594
Smart-016-343595,Mobile,+855016343595
Smart-016-343596,Mobile,+855016343596
Smart-016-343597,Mobile,+855016343597
Smart-016-343598,Mobile,+855016343598
Smart-016-343599,Mobile,+855016343599
Smart-016-343600,Mobile,+855016343600
Smart-016-343601,Mobile,+855016343601
Smart-016-343602,Mobile,+855016343602
Smart-016-343603,Mobile,+855016343603
Smart-016-343604,Mobile,+855016343604
Smart-016-343605,Mobile,+855016343605
Smart-016-343606,Mobile,+855016343606
Smart-016-343607,Mobile,+855016343607
Smart-016-343608,Mobile,+855016343608
Smart-016-343609,Mobile,+855016343609
Smart-016-343610,Mobile,+855016343610
Smart-016-343611,Mobile,+855016343611
Smart-016-343612,Mobile,+855016343612
Smart-016-343613,Mobile,+855016343613
Smart-016-343614,Mobile,+855016343614
Smart-016-343615,Mobile,+855016343615
Smart-016-343616,Mobile,+855016343616
Smart-016-343617,Mobile,+855016343617
Smart-016-343618,Mobile,+855016343618
Smart-016-343619,Mobile,+855016343619
Smart-016-343620,Mobile,+855016343620
Smart-016-343621,Mobile,+855016343621
Smart-016-343622,Mobile,+855016343622
Smart-016-343623,Mobile,+855016343623
Smart-016-343624,Mobile,+855016343624
Smart-016-343625,Mobile,+855016343625
Smart-016-343626,Mobile,+855016343626
Smart-016-343627,Mobile,+855016343627
Smart-016-343628,Mobile,+855016343628
Smart-016-343629,Mobile,+855016343629
Smart-016-343630,Mobile,+855016343630
Smart-016-343631,Mobile,+855016343631
Smart-016-343632,Mobile,+855016343632
Smart-016-343633,Mobile,+855016343633
Smart-016-343634,Mobile,+855016343634
Smart-016-343635,Mobile,+855016343635
Smart-016-343636,Mobile,+855016343636
Smart-016-343637,Mobile,+855016343637
Smart-016-343638,Mobile,+855016343638
Smart-016-343639,Mobile,+855016343639
Smart-016-343640,Mobile,+855016343640
Smart-016-343641,Mobile,+855016343641
Smart-016-343642,Mobile,+855016343642
Smart-016-343643,Mobile,+855016343643
Smart-016-343644,Mobile,+855016343644
Smart-016-343645,Mobile,+855016343645
Smart-016-343646,Mobile,+855016343646
Smart-016-343647,Mobile,+855016343647
Smart-016-343648,Mobile,+855016343648
Smart-016-343649,Mobile,+855016343649
Smart-016-343650,Mobile,+855016343650
Smart-016-343651,Mobile,+855016343651
Smart-016-343652,Mobile,+855016343652
Smart-016-343653,Mobile,+855016343653
Smart-016-343654,Mobile,+855016343654
Smart-016-343655,Mobile,+855016343655
Smart-016-343656,Mobile,+855016343656
Smart-016-343657,Mobile,+855016343657
Smart-016-343658,Mobile,+855016343658
Smart-016-343659,Mobile,+855016343659
Smart-016-343660,Mobile,+855016343660
Smart-016-343661,Mobile,+855016343661
Smart-016-343662,Mobile,+855016343662
Smart-016-343663,Mobile,+855016343663
Smart-016-343664,Mobile,+855016343664
Smart-016-343665,Mobile,+855016343665
Smart-016-343666,Mobile,+855016343666
Smart-016-343667,Mobile,+855016343667
Smart-016-343668,Mobile,+855016343668
Smart-016-343669,Mobile,+855016343669
Smart-016-343670,Mobile,+855016343670
Smart-016-343671,Mobile,+855016343671
Smart-016-343672,Mobile,+855016343672
Smart-016-343673,Mobile,+855016343673
Smart-016-343674,Mobile,+855016343674
Smart-016-343675,Mobile,+855016343675
Smart-016-343676,Mobile,+855016343676
Smart-016-343677,Mobile,+855016343677
Smart-016-343678,Mobile,+855016343678
Smart-016-343679,Mobile,+855016343679
Smart-016-343680,Mobile,+855016343680
Smart-016-343681,Mobile,+855016343681
Smart-016-343682,Mobile,+855016343682
Smart-016-343683,Mobile,+855016343683
Smart-016-343684,Mobile,+855016343684
Smart-016-343685,Mobile,+855016343685
Smart-016-343686,Mobile,+855016343686
Smart-016-343687,Mobile,+855016343687
Smart-016-343688,Mobile,+855016343688
Smart-016-343689,Mobile,+855016343689
Smart-016-343690,Mobile,+855016343690
Smart-016-343691,Mobile,+855016343691
Smart-016-343692,Mobile,+855016343692
Smart-016-343693,Mobile,+855016343693
Smart-016-343694,Mobile,+855016343694
Smart-016-343695,Mobile,+855016343695
Smart-016-343696,Mobile,+855016343696
Smart-016-343697,Mobile,+855016343697
Smart-016-343698,Mobile,+855016343698
Smart-016-343699,Mobile,+855016343699
Smart-016-343700,Mobile,+855016343700
Smart-016-343701,Mobile,+855016343701
Smart-016-343702,Mobile,+855016343702
Smart-016-343703,Mobile,+855016343703
Smart-016-343704,Mobile,+855016343704
Smart-016-343705,Mobile,+855016343705
Smart-016-343706,Mobile,+855016343706
Smart-016-343707,Mobile,+855016343707
Smart-016-343708,Mobile,+855016343708
Smart-016-343709,Mobile,+855016343709
Smart-016-343710,Mobile,+855016343710
Smart-016-343711,Mobile,+855016343711
Smart-016-343712,Mobile,+855016343712
Smart-016-343713,Mobile,+855016343713
Smart-016-343714,Mobile,+855016343714
Smart-016-343715,Mobile,+855016343715
Smart-016-343716,Mobile,+855016343716
Smart-016-343717,Mobile,+855016343717
Smart-016-343718,Mobile,+855016343718
Smart-016-343719,Mobile,+855016343719
Smart-016-343720,Mobile,+855016343720
Smart-016-343721,Mobile,+855016343721
Smart-016-343722,Mobile,+855016343722
Smart-016-343723,Mobile,+855016343723
Smart-016-343724,Mobile,+855016343724
Smart-016-343725,Mobile,+855016343725
Smart-016-343726,Mobile,+855016343726
Smart-016-343727,Mobile,+855016343727
Smart-016-343728,Mobile,+855016343728
Smart-016-343729,Mobile,+855016343729
Smart-016-343730,Mobile,+855016343730
Smart-016-343731,Mobile,+855016343731
Smart-016-343732,Mobile,+855016343732
Smart-016-343733,Mobile,+855016343733
Smart-016-343734,Mobile,+855016343734
Smart-016-343735,Mobile,+855016343735
Smart-016-343736,Mobile,+855016343736
Smart-016-343737,Mobile,+855016343737
Smart-016-343738,Mobile,+855016343738
Smart-016-343739,Mobile,+855016343739
Smart-016-343740,Mobile,+855016343740
Smart-016-343741,Mobile,+855016343741
Smart-016-343742,Mobile,+855016343742
Smart-016-343743,Mobile,+855016343743
Smart-016-343744,Mobile,+855016343744
Smart-016-343745,Mobile,+855016343745
Smart-016-343746,Mobile,+855016343746
Smart-016-343747,Mobile,+855016343747
Smart-016-343748,Mobile,+855016343748
Smart-016-343749,Mobile,+855016343749
Smart-016-343750,Mobile,+855016343750
Smart-016-343751,Mobile,+855016343751
Smart-016-343752,Mobile,+855016343752
Smart-016-343753,Mobile,+855016343753
Smart-016-343754,Mobile,+855016343754
Smart-016-343755,Mobile,+855016343755
Smart-016-343756,Mobile,+855016343756
Smart-016-343757,Mobile,+855016343757
Smart-016-343758,Mobile,+855016343758
Smart-016-343759,Mobile,+855016343759
Smart-016-343760,Mobile,+855016343760
Smart-016-343761,Mobile,+855016343761
Smart-016-343762,Mobile,+855016343762
Smart-016-343763,Mobile,+855016343763
Smart-016-343764,Mobile,+855016343764
Smart-016-343765,Mobile,+855016343765
Smart-016-343766,Mobile,+855016343766
Smart-016-343767,Mobile,+855016343767
Smart-016-343768,Mobile,+855016343768
Smart-016-343769,Mobile,+855016343769
Smart-016-343770,Mobile,+855016343770
Smart-016-343771,Mobile,+855016343771
Smart-016-343772,Mobile,+855016343772
Smart-016-343773,Mobile,+855016343773
Smart-016-343774,Mobile,+855016343774
Smart-016-343775,Mobile,+855016343775
Smart-016-343776,Mobile,+855016343776
Smart-016-343777,Mobile,+855016343777
Smart-016-343778,Mobile,+855016343778
Smart-016-343779,Mobile,+855016343779
Smart-016-343780,Mobile,+855016343780
Smart-016-343781,Mobile,+855016343781
Smart-016-343782,Mobile,+855016343782
Smart-016-343783,Mobile,+855016343783
Smart-016-343784,Mobile,+855016343784
Smart-016-343785,Mobile,+855016343785
Smart-016-343786,Mobile,+855016343786
Smart-016-343787,Mobile,+855016343787
Smart-016-343788,Mobile,+855016343788
Smart-016-343789,Mobile,+855016343789
Smart-016-343790,Mobile,+855016343790
Smart-016-343791,Mobile,+855016343791
Smart-016-343792,Mobile,+855016343792
Smart-016-343793,Mobile,+855016343793
Smart-016-343794,Mobile,+855016343794
Smart-016-343795,Mobile,+855016343795
Smart-016-343796,Mobile,+855016343796
Smart-016-343797,Mobile,+855016343797
Smart-016-343798,Mobile,+855016343798
Smart-016-343799,Mobile,+855016343799
Smart-016-343800,Mobile,+855016343800
Smart-016-343801,Mobile,+855016343801
Smart-016-343802,Mobile,+855016343802
Smart-016-343803,Mobile,+855016343803
Smart-016-343804,Mobile,+855016343804
Smart-016-343805,Mobile,+855016343805
Smart-016-343806,Mobile,+855016343806
Smart-016-343807,Mobile,+855016343807
Smart-016-343808,Mobile,+855016343808
Smart-016-343809,Mobile,+855016343809
Smart-016-343810,Mobile,+855016343810
Smart-016-343811,Mobile,+855016343811
Smart-016-343812,Mobile,+855016343812
Smart-016-343813,Mobile,+855016343813
Smart-016-343814,Mobile,+855016343814
Smart-016-343815,Mobile,+855016343815
Smart-016-343816,Mobile,+855016343816
Smart-016-343817,Mobile,+855016343817
Smart-016-343818,Mobile,+855016343818
Smart-016-343819,Mobile,+855016343819
Smart-016-343820,Mobile,+855016343820
Smart-016-343821,Mobile,+855016343821
Smart-016-343822,Mobile,+855016343822
Smart-016-343823,Mobile,+855016343823
Smart-016-343824,Mobile,+855016343824
Smart-016-343825,Mobile,+855016343825
Smart-016-343826,Mobile,+855016343826
Smart-016-343827,Mobile,+855016343827
Smart-016-343828,Mobile,+855016343828
Smart-016-343829,Mobile,+855016343829
Smart-016-343830,Mobile,+855016343830
Smart-016-343831,Mobile,+855016343831
Smart-016-343832,Mobile,+855016343832
Smart-016-343833,Mobile,+855016343833
Smart-016-343834,Mobile,+855016343834
Smart-016-343835,Mobile,+855016343835
Smart-016-343836,Mobile,+855016343836
Smart-016-343837,Mobile,+855016343837
Smart-016-343838,Mobile,+855016343838
Smart-016-343839,Mobile,+855016343839
Smart-016-343840,Mobile,+855016343840
Smart-016-343841,Mobile,+855016343841
Smart-016-343842,Mobile,+855016343842
Smart-016-343843,Mobile,+855016343843
Smart-016-343844,Mobile,+855016343844
Smart-016-343845,Mobile,+855016343845
Smart-016-343846,Mobile,+855016343846
Smart-016-343847,Mobile,+855016343847
Smart-016-343848,Mobile,+855016343848
Smart-016-343849,Mobile,+855016343849
Smart-016-343850,Mobile,+855016343850
Smart-016-343851,Mobile,+855016343851
Smart-016-343852,Mobile,+855016343852
Smart-016-343853,Mobile,+855016343853
Smart-016-343854,Mobile,+855016343854
Smart-016-343855,Mobile,+855016343855
Smart-016-343856,Mobile,+855016343856
Smart-016-343857,Mobile,+855016343857
Smart-016-343858,Mobile,+855016343858
Smart-016-343859,Mobile,+855016343859
Smart-016-343860,Mobile,+855016343860
Smart-016-343861,Mobile,+855016343861
Smart-016-343862,Mobile,+855016343862
Smart-016-343863,Mobile,+855016343863
Smart-016-343864,Mobile,+855016343864
Smart-016-343865,Mobile,+855016343865
Smart-016-343866,Mobile,+855016343866
Smart-016-343867,Mobile,+855016343867
Smart-016-343868,Mobile,+855016343868
Smart-016-343869,Mobile,+855016343869
Smart-016-343870,Mobile,+855016343870
Smart-016-343871,Mobile,+855016343871
Smart-016-343872,Mobile,+855016343872
Smart-016-343873,Mobile,+855016343873
Smart-016-343874,Mobile,+855016343874
Smart-016-343875,Mobile,+855016343875
Smart-016-343876,Mobile,+855016343876
Smart-016-343877,Mobile,+855016343877
Smart-016-343878,Mobile,+855016343878
Smart-016-343879,Mobile,+855016343879
Smart-016-343880,Mobile,+855016343880
Smart-016-343881,Mobile,+855016343881
Smart-016-343882,Mobile,+855016343882
Smart-016-343883,Mobile,+855016343883
Smart-016-343884,Mobile,+855016343884
Smart-016-343885,Mobile,+855016343885
Smart-016-343886,Mobile,+855016343886
Smart-016-343887,Mobile,+855016343887
Smart-016-343888,Mobile,+855016343888
Smart-016-343889,Mobile,+855016343889
Smart-016-343890,Mobile,+855016343890
Smart-016-343891,Mobile,+855016343891
Smart-016-343892,Mobile,+855016343892
Smart-016-343893,Mobile,+855016343893
Smart-016-343894,Mobile,+855016343894
Smart-016-343895,Mobile,+855016343895
Smart-016-343896,Mobile,+855016343896
Smart-016-343897,Mobile,+855016343897
Smart-016-343898,Mobile,+855016343898
Smart-016-343899,Mobile,+855016343899
Smart-016-343900,Mobile,+855016343900
Smart-016-343901,Mobile,+855016343901
Smart-016-343902,Mobile,+855016343902
Smart-016-343903,Mobile,+855016343903
Smart-016-343904,Mobile,+855016343904
Smart-016-343905,Mobile,+855016343905
Smart-016-343906,Mobile,+855016343906
Smart-016-343907,Mobile,+855016343907
Smart-016-343908,Mobile,+855016343908
Smart-016-343909,Mobile,+855016343909
Smart-016-343910,Mobile,+855016343910
Smart-016-343911,Mobile,+855016343911
Smart-016-343912,Mobile,+855016343912
Smart-016-343913,Mobile,+855016343913
Smart-016-343914,Mobile,+855016343914
Smart-016-343915,Mobile,+855016343915
Smart-016-343916,Mobile,+855016343916
Smart-016-343917,Mobile,+855016343917
Smart-016-343918,Mobile,+855016343918
Smart-016-343919,Mobile,+855016343919
Smart-016-343920,Mobile,+855016343920
Smart-016-343921,Mobile,+855016343921
Smart-016-343922,Mobile,+855016343922
Smart-016-343923,Mobile,+855016343923
Smart-016-343924,Mobile,+855016343924
Smart-016-343925,Mobile,+855016343925
Smart-016-343926,Mobile,+855016343926
Smart-016-343927,Mobile,+855016343927
Smart-016-343928,Mobile,+855016343928
Smart-016-343929,Mobile,+855016343929
Smart-016-343930,Mobile,+855016343930
Smart-016-343931,Mobile,+855016343931
Smart-016-343932,Mobile,+855016343932
Smart-016-343933,Mobile,+855016343933
Smart-016-343934,Mobile,+855016343934
Smart-016-343935,Mobile,+855016343935
Smart-016-343936,Mobile,+855016343936
Smart-016-343937,Mobile,+855016343937
Smart-016-343938,Mobile,+855016343938
Smart-016-343939,Mobile,+855016343939
Smart-016-343940,Mobile,+855016343940
Smart-016-343941,Mobile,+855016343941
Smart-016-343942,Mobile,+855016343942
Smart-016-343943,Mobile,+855016343943
Smart-016-343944,Mobile,+855016343944
Smart-016-343945,Mobile,+855016343945
Smart-016-343946,Mobile,+855016343946
Smart-016-343947,Mobile,+855016343947
Smart-016-343948,Mobile,+855016343948
Smart-016-343949,Mobile,+855016343949
Smart-016-343950,Mobile,+855016343950
Smart-016-343951,Mobile,+855016343951
Smart-016-343952,Mobile,+855016343952
Smart-016-343953,Mobile,+855016343953
Smart-016-343954,Mobile,+855016343954
Smart-016-343955,Mobile,+855016343955
Smart-016-343956,Mobile,+855016343956
Smart-016-343957,Mobile,+855016343957
Smart-016-343958,Mobile,+855016343958
Smart-016-343959,Mobile,+855016343959
Smart-016-343960,Mobile,+855016343960
Smart-016-343961,Mobile,+855016343961
Smart-016-343962,Mobile,+855016343962
Smart-016-343963,Mobile,+855016343963
Smart-016-343964,Mobile,+855016343964
Smart-016-343965,Mobile,+855016343965
Smart-016-343966,Mobile,+855016343966
Smart-016-343967,Mobile,+855016343967
Smart-016-343968,Mobile,+855016343968
Smart-016-343969,Mobile,+855016343969
Smart-016-343970,Mobile,+855016343970
Smart-016-343971,Mobile,+855016343971
Smart-016-343972,Mobile,+855016343972
Smart-016-343973,Mobile,+855016343973
Smart-016-343974,Mobile,+855016343974
Smart-016-343975,Mobile,+855016343975
Smart-016-343976,Mobile,+855016343976
Smart-016-343977,Mobile,+855016343977
Smart-016-343978,Mobile,+855016343978
Smart-016-343979,Mobile,+855016343979
Smart-016-343980,Mobile,+855016343980
Smart-016-343981,Mobile,+855016343981
Smart-016-343982,Mobile,+855016343982
Smart-016-343983,Mobile,+855016343983
Smart-016-343984,Mobile,+855016343984
Smart-016-343985,Mobile,+855016343985
Smart-016-343986,Mobile,+855016343986
Smart-016-343987,Mobile,+855016343987
Smart-016-343988,Mobile,+855016343988
Smart-016-343989,Mobile,+855016343989
Smart-016-343990,Mobile,+855016343990
Smart-016-343991,Mobile,+855016343991
Smart-016-343992,Mobile,+855016343992
Smart-016-343993,Mobile,+855016343993
Smart-016-343994,Mobile,+855016343994
Smart-016-343995,Mobile,+855016343995
Smart-016-343996,Mobile,+855016343996
Smart-016-343997,Mobile,+855016343997
Smart-016-343998,Mobile,+855016343998
Smart-016-343999,Mobile,+855016343999
Smart-016-344000,Mobile,+855016344000
Smart-016-344001,Mobile,+855016344001
Smart-016-344002,Mobile,+855016344002
Smart-016-344003,Mobile,+855016344003
Smart-016-344004,Mobile,+855016344004
Smart-016-344005,Mobile,+855016344005
Smart-016-344006,Mobile,+855016344006
Smart-016-344007,Mobile,+855016344007
Smart-016-344008,Mobile,+855016344008
Smart-016-344009,Mobile,+855016344009
Smart-016-344010,Mobile,+855016344010
Smart-016-344011,Mobile,+855016344011
Smart-016-344012,Mobile,+855016344012
Smart-016-344013,Mobile,+855016344013
Smart-016-344014,Mobile,+855016344014
Smart-016-344015,Mobile,+855016344015
Smart-016-344016,Mobile,+855016344016
Smart-016-344017,Mobile,+855016344017
Smart-016-344018,Mobile,+855016344018
Smart-016-344019,Mobile,+855016344019
Smart-016-344020,Mobile,+855016344020
Smart-016-344021,Mobile,+855016344021
Smart-016-344022,Mobile,+855016344022
Smart-016-344023,Mobile,+855016344023
Smart-016-344024,Mobile,+855016344024
Smart-016-344025,Mobile,+855016344025
Smart-016-344026,Mobile,+855016344026
Smart-016-344027,Mobile,+855016344027
Smart-016-344028,Mobile,+855016344028
Smart-016-344029,Mobile,+855016344029
Smart-016-344030,Mobile,+855016344030
Smart-016-344031,Mobile,+855016344031
Smart-016-344032,Mobile,+855016344032
Smart-016-344033,Mobile,+855016344033
Smart-016-344034,Mobile,+855016344034
Smart-016-344035,Mobile,+855016344035
Smart-016-344036,Mobile,+855016344036
Smart-016-344037,Mobile,+855016344037
Smart-016-344038,Mobile,+855016344038
Smart-016-344039,Mobile,+855016344039
Smart-016-344040,Mobile,+855016344040
Smart-016-344041,Mobile,+855016344041
Smart-016-344042,Mobile,+855016344042
Smart-016-344043,Mobile,+855016344043
Smart-016-344044,Mobile,+855016344044
Smart-016-344045,Mobile,+855016344045
Smart-016-344046,Mobile,+855016344046
Smart-016-344047,Mobile,+855016344047
Smart-016-344048,Mobile,+855016344048
Smart-016-344049,Mobile,+855016344049
Smart-016-344050,Mobile,+855016344050
Smart-016-344051,Mobile,+855016344051
Smart-016-344052,Mobile,+855016344052
Smart-016-344053,Mobile,+855016344053
Smart-016-344054,Mobile,+855016344054
Smart-016-344055,Mobile,+855016344055
Smart-016-344056,Mobile,+855016344056
Smart-016-344057,Mobile,+855016344057
Smart-016-344058,Mobile,+855016344058
Smart-016-344059,Mobile,+855016344059
Smart-016-344060,Mobile,+855016344060
Smart-016-344061,Mobile,+855016344061
Smart-016-344062,Mobile,+855016344062
Smart-016-344063,Mobile,+855016344063
Smart-016-344064,Mobile,+855016344064
Smart-016-344065,Mobile,+855016344065
Smart-016-344066,Mobile,+855016344066
Smart-016-344067,Mobile,+855016344067
Smart-016-344068,Mobile,+855016344068
Smart-016-344069,Mobile,+855016344069
Smart-016-344070,Mobile,+855016344070
Smart-016-344071,Mobile,+855016344071
Smart-016-344072,Mobile,+855016344072
Smart-016-344073,Mobile,+855016344073
Smart-016-344074,Mobile,+855016344074
Smart-016-344075,Mobile,+855016344075
Smart-016-344076,Mobile,+855016344076
Smart-016-344077,Mobile,+855016344077
Smart-016-344078,Mobile,+855016344078
Smart-016-344079,Mobile,+855016344079
Smart-016-344080,Mobile,+855016344080
Smart-016-344081,Mobile,+855016344081
Smart-016-344082,Mobile,+855016344082
Smart-016-344083,Mobile,+855016344083
Smart-016-344084,Mobile,+855016344084
Smart-016-344085,Mobile,+855016344085
Smart-016-344086,Mobile,+855016344086
Smart-016-344087,Mobile,+855016344087
Smart-016-344088,Mobile,+855016344088
Smart-016-344089,Mobile,+855016344089
Smart-016-344090,Mobile,+855016344090
Smart-016-344091,Mobile,+855016344091
Smart-016-344092,Mobile,+855016344092
Smart-016-344093,Mobile,+855016344093
Smart-016-344094,Mobile,+855016344094
Smart-016-344095,Mobile,+855016344095
Smart-016-344096,Mobile,+855016344096
Smart-016-344097,Mobile,+855016344097
Smart-016-344098,Mobile,+855016344098
Smart-016-344099,Mobile,+855016344099
Smart-016-344100,Mobile,+855016344100
Smart-016-344101,Mobile,+855016344101
Smart-016-344102,Mobile,+855016344102
Smart-016-344103,Mobile,+855016344103
Smart-016-344104,Mobile,+855016344104
Smart-016-344105,Mobile,+855016344105
Smart-016-344106,Mobile,+855016344106
Smart-016-344107,Mobile,+855016344107
Smart-016-344108,Mobile,+855016344108
Smart-016-344109,Mobile,+855016344109
Smart-016-344110,Mobile,+855016344110
Smart-016-344111,Mobile,+855016344111
Smart-016-344112,Mobile,+855016344112
Smart-016-344113,Mobile,+855016344113
Smart-016-344114,Mobile,+855016344114
Smart-016-344115,Mobile,+855016344115
Smart-016-344116,Mobile,+855016344116
Smart-016-344117,Mobile,+855016344117
Smart-016-344118,Mobile,+855016344118
Smart-016-344119,Mobile,+855016344119
Smart-016-344120,Mobile,+855016344120
Smart-016-344121,Mobile,+855016344121
Smart-016-344122,Mobile,+855016344122
Smart-016-344123,Mobile,+855016344123
Smart-016-344124,Mobile,+855016344124
Smart-016-344125,Mobile,+855016344125
Smart-016-344126,Mobile,+855016344126
Smart-016-344127,Mobile,+855016344127
Smart-016-344128,Mobile,+855016344128
Smart-016-344129,Mobile,+855016344129
Smart-016-344130,Mobile,+855016344130
Smart-016-344131,Mobile,+855016344131
Smart-016-344132,Mobile,+855016344132
Smart-016-344133,Mobile,+855016344133
Smart-016-344134,Mobile,+855016344134
Smart-016-344135,Mobile,+855016344135
Smart-016-344136,Mobile,+855016344136
Smart-016-344137,Mobile,+855016344137
Smart-016-344138,Mobile,+855016344138
Smart-016-344139,Mobile,+855016344139
Smart-016-344140,Mobile,+855016344140
Smart-016-344141,Mobile,+855016344141
Smart-016-344142,Mobile,+855016344142
Smart-016-344143,Mobile,+855016344143
Smart-016-344144,Mobile,+855016344144
Smart-016-344145,Mobile,+855016344145
Smart-016-344146,Mobile,+855016344146
Smart-016-344147,Mobile,+855016344147
Smart-016-344148,Mobile,+855016344148
Smart-016-344149,Mobile,+855016344149
Smart-016-344150,Mobile,+855016344150
Smart-016-344151,Mobile,+855016344151
Smart-016-344152,Mobile,+855016344152
Smart-016-344153,Mobile,+855016344153
Smart-016-344154,Mobile,+855016344154
Smart-016-344155,Mobile,+855016344155
Smart-016-344156,Mobile,+855016344156
Smart-016-344157,Mobile,+855016344157
Smart-016-344158,Mobile,+855016344158
Smart-016-344159,Mobile,+855016344159
Smart-016-344160,Mobile,+855016344160
Smart-016-344161,Mobile,+855016344161
Smart-016-344162,Mobile,+855016344162
Smart-016-344163,Mobile,+855016344163
Smart-016-344164,Mobile,+855016344164
Smart-016-344165,Mobile,+855016344165
Smart-016-344166,Mobile,+855016344166
Smart-016-344167,Mobile,+855016344167
Smart-016-344168,Mobile,+855016344168
Smart-016-344169,Mobile,+855016344169
Smart-016-344170,Mobile,+855016344170
Smart-016-344171,Mobile,+855016344171
Smart-016-344172,Mobile,+855016344172
Smart-016-344173,Mobile,+855016344173
Smart-016-344174,Mobile,+855016344174
Smart-016-344175,Mobile,+855016344175
Smart-016-344176,Mobile,+855016344176
Smart-016-344177,Mobile,+855016344177
Smart-016-344178,Mobile,+855016344178
Smart-016-344179,Mobile,+855016344179
Smart-016-344180,Mobile,+855016344180
Smart-016-344181,Mobile,+855016344181
Smart-016-344182,Mobile,+855016344182
Smart-016-344183,Mobile,+855016344183
Smart-016-344184,Mobile,+855016344184
Smart-016-344185,Mobile,+855016344185
Smart-016-344186,Mobile,+855016344186
Smart-016-344187,Mobile,+855016344187
Smart-016-344188,Mobile,+855016344188
Smart-016-344189,Mobile,+855016344189
Smart-016-344190,Mobile,+855016344190
Smart-016-344191,Mobile,+855016344191
Smart-016-344192,Mobile,+855016344192
Smart-016-344193,Mobile,+855016344193
Smart-016-344194,Mobile,+855016344194
Smart-016-344195,Mobile,+855016344195
Smart-016-344196,Mobile,+855016344196
Smart-016-344197,Mobile,+855016344197
Smart-016-344198,Mobile,+855016344198
Smart-016-344199,Mobile,+855016344199
Smart-016-344200,Mobile,+855016344200
Smart-016-344201,Mobile,+855016344201
Smart-016-344202,Mobile,+855016344202
Smart-016-344203,Mobile,+855016344203
Smart-016-344204,Mobile,+855016344204
Smart-016-344205,Mobile,+855016344205
Smart-016-344206,Mobile,+855016344206
Smart-016-344207,Mobile,+855016344207
Smart-016-344208,Mobile,+855016344208
Smart-016-344209,Mobile,+855016344209
Smart-016-344210,Mobile,+855016344210
Smart-016-344211,Mobile,+855016344211
Smart-016-344212,Mobile,+855016344212
Smart-016-344213,Mobile,+855016344213
Smart-016-344214,Mobile,+855016344214
Smart-016-344215,Mobile,+855016344215
Smart-016-344216,Mobile,+855016344216
Smart-016-344217,Mobile,+855016344217
Smart-016-344218,Mobile,+855016344218
Smart-016-344219,Mobile,+855016344219
Smart-016-344220,Mobile,+855016344220
Smart-016-344221,Mobile,+855016344221
Smart-016-344222,Mobile,+855016344222
Smart-016-344223,Mobile,+855016344223
Smart-016-344224,Mobile,+855016344224
Smart-016-344225,Mobile,+855016344225
Smart-016-344226,Mobile,+855016344226
Smart-016-344227,Mobile,+855016344227
Smart-016-344228,Mobile,+855016344228
Smart-016-344229,Mobile,+855016344229
Smart-016-344230,Mobile,+855016344230
Smart-016-344231,Mobile,+855016344231
Smart-016-344232,Mobile,+855016344232
Smart-016-344233,Mobile,+855016344233
Smart-016-344234,Mobile,+855016344234
Smart-016-344235,Mobile,+855016344235
Smart-016-344236,Mobile,+855016344236
Smart-016-344237,Mobile,+855016344237
Smart-016-344238,Mobile,+855016344238
Smart-016-344239,Mobile,+855016344239
Smart-016-344240,Mobile,+855016344240
Smart-016-344241,Mobile,+855016344241
Smart-016-344242,Mobile,+855016344242
Smart-016-344243,Mobile,+855016344243
Smart-016-344244,Mobile,+855016344244
Smart-016-344245,Mobile,+855016344245
Smart-016-344246,Mobile,+855016344246
Smart-016-344247,Mobile,+855016344247
Smart-016-344248,Mobile,+855016344248
Smart-016-344249,Mobile,+855016344249
Smart-016-344250,Mobile,+855016344250
Smart-016-344251,Mobile,+855016344251
Smart-016-344252,Mobile,+855016344252
Smart-016-344253,Mobile,+855016344253
Smart-016-344254,Mobile,+855016344254
Smart-016-344255,Mobile,+855016344255
Smart-016-344256,Mobile,+855016344256
Smart-016-344257,Mobile,+855016344257
Smart-016-344258,Mobile,+855016344258
Smart-016-344259,Mobile,+855016344259
Smart-016-344260,Mobile,+855016344260
Smart-016-344261,Mobile,+855016344261
Smart-016-344262,Mobile,+855016344262
Smart-016-344263,Mobile,+855016344263
Smart-016-344264,Mobile,+855016344264
Smart-016-344265,Mobile,+855016344265
Smart-016-344266,Mobile,+855016344266
Smart-016-344267,Mobile,+855016344267
Smart-016-344268,Mobile,+855016344268
Smart-016-344269,Mobile,+855016344269
Smart-016-344270,Mobile,+855016344270
Smart-016-344271,Mobile,+855016344271
Smart-016-344272,Mobile,+855016344272
Smart-016-344273,Mobile,+855016344273
Smart-016-344274,Mobile,+855016344274
Smart-016-344275,Mobile,+855016344275
Smart-016-344276,Mobile,+855016344276
Smart-016-344277,Mobile,+855016344277
Smart-016-344278,Mobile,+855016344278
Smart-016-344279,Mobile,+855016344279
Smart-016-344280,Mobile,+855016344280
Smart-016-344281,Mobile,+855016344281
Smart-016-344282,Mobile,+855016344282
Smart-016-344283,Mobile,+855016344283
Smart-016-344284,Mobile,+855016344284
Smart-016-344285,Mobile,+855016344285
Smart-016-344286,Mobile,+855016344286
Smart-016-344287,Mobile,+855016344287
Smart-016-344288,Mobile,+855016344288
Smart-016-344289,Mobile,+855016344289
Smart-016-344290,Mobile,+855016344290
Smart-016-344291,Mobile,+855016344291
Smart-016-344292,Mobile,+855016344292
Smart-016-344293,Mobile,+855016344293
Smart-016-344294,Mobile,+855016344294
Smart-016-344295,Mobile,+855016344295
Smart-016-344296,Mobile,+855016344296
Smart-016-344297,Mobile,+855016344297
Smart-016-344298,Mobile,+855016344298
Smart-016-344299,Mobile,+855016344299
Smart-016-344300,Mobile,+855016344300
Smart-016-344301,Mobile,+855016344301
Smart-016-344302,Mobile,+855016344302
Smart-016-344303,Mobile,+855016344303
Smart-016-344304,Mobile,+855016344304
Smart-016-344305,Mobile,+855016344305
Smart-016-344306,Mobile,+855016344306
Smart-016-344307,Mobile,+855016344307
Smart-016-344308,Mobile,+855016344308
Smart-016-344309,Mobile,+855016344309
Smart-016-344310,Mobile,+855016344310
Smart-016-344311,Mobile,+855016344311
Smart-016-344312,Mobile,+855016344312
Smart-016-344313,Mobile,+855016344313
Smart-016-344314,Mobile,+855016344314
Smart-016-344315,Mobile,+855016344315
Smart-016-344316,Mobile,+855016344316
Smart-016-344317,Mobile,+855016344317
Smart-016-344318,Mobile,+855016344318
Smart-016-344319,Mobile,+855016344319
Smart-016-344320,Mobile,+855016344320
Smart-016-344321,Mobile,+855016344321
Smart-016-344322,Mobile,+855016344322
Smart-016-344323,Mobile,+855016344323
Smart-016-344324,Mobile,+855016344324
Smart-016-344325,Mobile,+855016344325
Smart-016-344326,Mobile,+855016344326
Smart-016-344327,Mobile,+855016344327
Smart-016-344328,Mobile,+855016344328
Smart-016-344329,Mobile,+855016344329
Smart-016-344330,Mobile,+855016344330
Smart-016-344331,Mobile,+855016344331
Smart-016-344332,Mobile,+855016344332
Smart-016-344333,Mobile,+855016344333
Smart-016-344334,Mobile,+855016344334
Smart-016-344335,Mobile,+855016344335
Smart-016-344336,Mobile,+855016344336
Smart-016-344337,Mobile,+855016344337
Smart-016-344338,Mobile,+855016344338
Smart-016-344339,Mobile,+855016344339
Smart-016-344340,Mobile,+855016344340
Smart-016-344341,Mobile,+855016344341
Smart-016-344342,Mobile,+855016344342
Smart-016-344343,Mobile,+855016344343
Smart-016-344344,Mobile,+855016344344
Smart-016-344345,Mobile,+855016344345
Smart-016-344346,Mobile,+855016344346
Smart-016-344347,Mobile,+855016344347
Smart-016-344348,Mobile,+855016344348
Smart-016-344349,Mobile,+855016344349
Smart-016-344350,Mobile,+855016344350
Smart-016-344351,Mobile,+855016344351
Smart-016-344352,Mobile,+855016344352
Smart-016-344353,Mobile,+855016344353
Smart-016-344354,Mobile,+855016344354
Smart-016-344355,Mobile,+855016344355
Smart-016-344356,Mobile,+855016344356
Smart-016-344357,Mobile,+855016344357
Smart-016-344358,Mobile,+855016344358
Smart-016-344359,Mobile,+855016344359
Smart-016-344360,Mobile,+855016344360
Smart-016-344361,Mobile,+855016344361
Smart-016-344362,Mobile,+855016344362
Smart-016-344363,Mobile,+855016344363
Smart-016-344364,Mobile,+855016344364
Smart-016-344365,Mobile,+855016344365
Smart-016-344366,Mobile,+855016344366
Smart-016-344367,Mobile,+855016344367
Smart-016-344368,Mobile,+855016344368
Smart-016-344369,Mobile,+855016344369
Smart-016-344370,Mobile,+855016344370
Smart-016-344371,Mobile,+855016344371
Smart-016-344372,Mobile,+855016344372
Smart-016-344373,Mobile,+855016344373
Smart-016-344374,Mobile,+855016344374
Smart-016-344375,Mobile,+855016344375
Smart-016-344376,Mobile,+855016344376
Smart-016-344377,Mobile,+855016344377
Smart-016-344378,Mobile,+855016344378
Smart-016-344379,Mobile,+855016344379
Smart-016-344380,Mobile,+855016344380
Smart-016-344381,Mobile,+855016344381
Smart-016-344382,Mobile,+855016344382
Smart-016-344383,Mobile,+855016344383
Smart-016-344384,Mobile,+855016344384
Smart-016-344385,Mobile,+855016344385
Smart-016-344386,Mobile,+855016344386
Smart-016-344387,Mobile,+855016344387
Smart-016-344388,Mobile,+855016344388
Smart-016-344389,Mobile,+855016344389
Smart-016-344390,Mobile,+855016344390
Smart-016-344391,Mobile,+855016344391
Smart-016-344392,Mobile,+855016344392
Smart-016-344393,Mobile,+855016344393
Smart-016-344394,Mobile,+855016344394
Smart-016-344395,Mobile,+855016344395
Smart-016-344396,Mobile,+855016344396
Smart-016-344397,Mobile,+855016344397
Smart-016-344398,Mobile,+855016344398
Smart-016-344399,Mobile,+855016344399
Smart-016-344400,Mobile,+855016344400
Smart-016-344401,Mobile,+855016344401
Smart-016-344402,Mobile,+855016344402
Smart-016-344403,Mobile,+855016344403
Smart-016-344404,Mobile,+855016344404
Smart-016-344405,Mobile,+855016344405
Smart-016-344406,Mobile,+855016344406
Smart-016-344407,Mobile,+855016344407
Smart-016-344408,Mobile,+855016344408
Smart-016-344409,Mobile,+855016344409
Smart-016-344410,Mobile,+855016344410
Smart-016-344411,Mobile,+855016344411
Smart-016-344412,Mobile,+855016344412
Smart-016-344413,Mobile,+855016344413
Smart-016-344414,Mobile,+855016344414
Smart-016-344415,Mobile,+855016344415
Smart-016-344416,Mobile,+855016344416
Smart-016-344417,Mobile,+855016344417
Smart-016-344418,Mobile,+855016344418
Smart-016-344419,Mobile,+855016344419
Smart-016-344420,Mobile,+855016344420
Smart-016-344421,Mobile,+855016344421
Smart-016-344422,Mobile,+855016344422
Smart-016-344423,Mobile,+855016344423
Smart-016-344424,Mobile,+855016344424
Smart-016-344425,Mobile,+855016344425
Smart-016-344426,Mobile,+855016344426
Smart-016-344427,Mobile,+855016344427
Smart-016-344428,Mobile,+855016344428
Smart-016-344429,Mobile,+855016344429
Smart-016-344430,Mobile,+855016344430
Smart-016-344431,Mobile,+855016344431
Smart-016-344432,Mobile,+855016344432
Smart-016-344433,Mobile,+855016344433
Smart-016-344434,Mobile,+855016344434
Smart-016-344435,Mobile,+855016344435
Smart-016-344436,Mobile,+855016344436
Smart-016-344437,Mobile,+855016344437
Smart-016-344438,Mobile,+855016344438
Smart-016-344439,Mobile,+855016344439
Smart-016-344440,Mobile,+855016344440
Smart-016-344441,Mobile,+855016344441
Smart-016-344442,Mobile,+855016344442
Smart-016-344443,Mobile,+855016344443
Smart-016-344444,Mobile,+855016344444
Smart-016-344445,Mobile,+855016344445
Smart-016-344446,Mobile,+855016344446
Smart-016-344447,Mobile,+855016344447
Smart-016-344448,Mobile,+855016344448
Smart-016-344449,Mobile,+855016344449
Smart-016-344450,Mobile,+855016344450
Smart-016-344451,Mobile,+855016344451
Smart-016-344452,Mobile,+855016344452
Smart-016-344453,Mobile,+855016344453
Smart-016-344454,Mobile,+855016344454
Smart-016-344455,Mobile,+855016344455
Smart-016-344456,Mobile,+855016344456
Smart-016-344457,Mobile,+855016344457
Smart-016-344458,Mobile,+855016344458
Smart-016-344459,Mobile,+855016344459
Smart-016-344460,Mobile,+855016344460
Smart-016-344461,Mobile,+855016344461
Smart-016-344462,Mobile,+855016344462
Smart-016-344463,Mobile,+855016344463
Smart-016-344464,Mobile,+855016344464
Smart-016-344465,Mobile,+855016344465
Smart-016-344466,Mobile,+855016344466
Smart-016-344467,Mobile,+855016344467
Smart-016-344468,Mobile,+855016344468
Smart-016-344469,Mobile,+855016344469
Smart-016-344470,Mobile,+855016344470
Smart-016-344471,Mobile,+855016344471
Smart-016-344472,Mobile,+855016344472
Smart-016-344473,Mobile,+855016344473
Smart-016-344474,Mobile,+855016344474
Smart-016-344475,Mobile,+855016344475
Smart-016-344476,Mobile,+855016344476
Smart-016-344477,Mobile,+855016344477
Smart-016-344478,Mobile,+855016344478
Smart-016-344479,Mobile,+855016344479
Smart-016-344480,Mobile,+855016344480
Smart-016-344481,Mobile,+855016344481
Smart-016-344482,Mobile,+855016344482
Smart-016-344483,Mobile,+855016344483
Smart-016-344484,Mobile,+855016344484
Smart-016-344485,Mobile,+855016344485
Smart-016-344486,Mobile,+855016344486
Smart-016-344487,Mobile,+855016344487
Smart-016-344488,Mobile,+855016344488
Smart-016-344489,Mobile,+855016344489
Smart-016-344490,Mobile,+855016344490
Smart-016-344491,Mobile,+855016344491
Smart-016-344492,Mobile,+855016344492
Smart-016-344493,Mobile,+855016344493
Smart-016-344494,Mobile,+855016344494
Smart-016-344495,Mobile,+855016344495
Smart-016-344496,Mobile,+855016344496
Smart-016-344497,Mobile,+855016344497
Smart-016-344498,Mobile,+855016344498
Smart-016-344499,Mobile,+855016344499
Smart-016-344500,Mobile,+855016344500
Smart-016-344501,Mobile,+855016344501
Smart-016-344502,Mobile,+855016344502
Smart-016-344503,Mobile,+855016344503
Smart-016-344504,Mobile,+855016344504
Smart-016-344505,Mobile,+855016344505
Smart-016-344506,Mobile,+855016344506
Smart-016-344507,Mobile,+855016344507
Smart-016-344508,Mobile,+855016344508
Smart-016-344509,Mobile,+855016344509
Smart-016-344510,Mobile,+855016344510
Smart-016-344511,Mobile,+855016344511
Smart-016-344512,Mobile,+855016344512
Smart-016-344513,Mobile,+855016344513
Smart-016-344514,Mobile,+855016344514
Smart-016-344515,Mobile,+855016344515
Smart-016-344516,Mobile,+855016344516
Smart-016-344517,Mobile,+855016344517
Smart-016-344518,Mobile,+855016344518
Smart-016-344519,Mobile,+855016344519
Smart-016-344520,Mobile,+855016344520
Smart-016-344521,Mobile,+855016344521
Smart-016-344522,Mobile,+855016344522
Smart-016-344523,Mobile,+855016344523
Smart-016-344524,Mobile,+855016344524
Smart-016-344525,Mobile,+855016344525
Smart-016-344526,Mobile,+855016344526
Smart-016-344527,Mobile,+855016344527
Smart-016-344528,Mobile,+855016344528
Smart-016-344529,Mobile,+855016344529
Smart-016-344530,Mobile,+855016344530
Smart-016-344531,Mobile,+855016344531
Smart-016-344532,Mobile,+855016344532
Smart-016-344533,Mobile,+855016344533
Smart-016-344534,Mobile,+855016344534
Smart-016-344535,Mobile,+855016344535
Smart-016-344536,Mobile,+855016344536
Smart-016-344537,Mobile,+855016344537
Smart-016-344538,Mobile,+855016344538
Smart-016-344539,Mobile,+855016344539
Smart-016-344540,Mobile,+855016344540
Smart-016-344541,Mobile,+855016344541
Smart-016-344542,Mobile,+855016344542
Smart-016-344543,Mobile,+855016344543
Smart-016-344544,Mobile,+855016344544
Smart-016-344545,Mobile,+855016344545
Smart-016-344546,Mobile,+855016344546
Smart-016-344547,Mobile,+855016344547
Smart-016-344548,Mobile,+855016344548
Smart-016-344549,Mobile,+855016344549
Smart-016-344550,Mobile,+855016344550
Smart-016-344551,Mobile,+855016344551
Smart-016-344552,Mobile,+855016344552
Smart-016-344553,Mobile,+855016344553
Smart-016-344554,Mobile,+855016344554
Smart-016-344555,Mobile,+855016344555
Smart-016-344556,Mobile,+855016344556
Smart-016-344557,Mobile,+855016344557
Smart-016-344558,Mobile,+855016344558
Smart-016-344559,Mobile,+855016344559
Smart-016-344560,Mobile,+855016344560
Smart-016-344561,Mobile,+855016344561
Smart-016-344562,Mobile,+855016344562
Smart-016-344563,Mobile,+855016344563
Smart-016-344564,Mobile,+855016344564
Smart-016-344565,Mobile,+855016344565
Smart-016-344566,Mobile,+855016344566
Smart-016-344567,Mobile,+855016344567
Smart-016-344568,Mobile,+855016344568
Smart-016-344569,Mobile,+855016344569
Smart-016-344570,Mobile,+855016344570
Smart-016-344571,Mobile,+855016344571
Smart-016-344572,Mobile,+855016344572
Smart-016-344573,Mobile,+855016344573
Smart-016-344574,Mobile,+855016344574
Smart-016-344575,Mobile,+855016344575
Smart-016-344576,Mobile,+855016344576
Smart-016-344577,Mobile,+855016344577
Smart-016-344578,Mobile,+855016344578
Smart-016-344579,Mobile,+855016344579
Smart-016-344580,Mobile,+855016344580
Smart-016-344581,Mobile,+855016344581
Smart-016-344582,Mobile,+855016344582
Smart-016-344583,Mobile,+855016344583
Smart-016-344584,Mobile,+855016344584
Smart-016-344585,Mobile,+855016344585
Smart-016-344586,Mobile,+855016344586
Smart-016-344587,Mobile,+855016344587
Smart-016-344588,Mobile,+855016344588
Smart-016-344589,Mobile,+855016344589
Smart-016-344590,Mobile,+855016344590
Smart-016-344591,Mobile,+855016344591
Smart-016-344592,Mobile,+855016344592
Smart-016-344593,Mobile,+855016344593
Smart-016-344594,Mobile,+855016344594
Smart-016-344595,Mobile,+855016344595
Smart-016-344596,Mobile,+855016344596
Smart-016-344597,Mobile,+855016344597
Smart-016-344598,Mobile,+855016344598
Smart-016-344599,Mobile,+855016344599
Smart-016-344600,Mobile,+855016344600
Smart-016-344601,Mobile,+855016344601
Smart-016-344602,Mobile,+855016344602
Smart-016-344603,Mobile,+855016344603
Smart-016-344604,Mobile,+855016344604
Smart-016-344605,Mobile,+855016344605
Smart-016-344606,Mobile,+855016344606
Smart-016-344607,Mobile,+855016344607
Smart-016-344608,Mobile,+855016344608
Smart-016-344609,Mobile,+855016344609
Smart-016-344610,Mobile,+855016344610
Smart-016-344611,Mobile,+855016344611
Smart-016-344612,Mobile,+855016344612
Smart-016-344613,Mobile,+855016344613
Smart-016-344614,Mobile,+855016344614
Smart-016-344615,Mobile,+855016344615
Smart-016-344616,Mobile,+855016344616
Smart-016-344617,Mobile,+855016344617
Smart-016-344618,Mobile,+855016344618
Smart-016-344619,Mobile,+855016344619
Smart-016-344620,Mobile,+855016344620
Smart-016-344621,Mobile,+855016344621
Smart-016-344622,Mobile,+855016344622
Smart-016-344623,Mobile,+855016344623
Smart-016-344624,Mobile,+855016344624
Smart-016-344625,Mobile,+855016344625
Smart-016-344626,Mobile,+855016344626
Smart-016-344627,Mobile,+855016344627
Smart-016-344628,Mobile,+855016344628
Smart-016-344629,Mobile,+855016344629
Smart-016-344630,Mobile,+855016344630
Smart-016-344631,Mobile,+855016344631
Smart-016-344632,Mobile,+855016344632
Smart-016-344633,Mobile,+855016344633
Smart-016-344634,Mobile,+855016344634
Smart-016-344635,Mobile,+855016344635
Smart-016-344636,Mobile,+855016344636
Smart-016-344637,Mobile,+855016344637
Smart-016-344638,Mobile,+855016344638
Smart-016-344639,Mobile,+855016344639
Smart-016-344640,Mobile,+855016344640
Smart-016-344641,Mobile,+855016344641
Smart-016-344642,Mobile,+855016344642
Smart-016-344643,Mobile,+855016344643
Smart-016-344644,Mobile,+855016344644
Smart-016-344645,Mobile,+855016344645
Smart-016-344646,Mobile,+855016344646
Smart-016-344647,Mobile,+855016344647
Smart-016-344648,Mobile,+855016344648
Smart-016-344649,Mobile,+855016344649
Smart-016-344650,Mobile,+855016344650
Smart-016-344651,Mobile,+855016344651
Smart-016-344652,Mobile,+855016344652
Smart-016-344653,Mobile,+855016344653
Smart-016-344654,Mobile,+855016344654
Smart-016-344655,Mobile,+855016344655
Smart-016-344656,Mobile,+855016344656
Smart-016-344657,Mobile,+855016344657
Smart-016-344658,Mobile,+855016344658
Smart-016-344659,Mobile,+855016344659
Smart-016-344660,Mobile,+855016344660
Smart-016-344661,Mobile,+855016344661
Smart-016-344662,Mobile,+855016344662
Smart-016-344663,Mobile,+855016344663
Smart-016-344664,Mobile,+855016344664
Smart-016-344665,Mobile,+855016344665
Smart-016-344666,Mobile,+855016344666
Smart-016-344667,Mobile,+855016344667
Smart-016-344668,Mobile,+855016344668
Smart-016-344669,Mobile,+855016344669
Smart-016-344670,Mobile,+855016344670
Smart-016-344671,Mobile,+855016344671
Smart-016-344672,Mobile,+855016344672
Smart-016-344673,Mobile,+855016344673
Smart-016-344674,Mobile,+855016344674
Smart-016-344675,Mobile,+855016344675
Smart-016-344676,Mobile,+855016344676
Smart-016-344677,Mobile,+855016344677
Smart-016-344678,Mobile,+855016344678
Smart-016-344679,Mobile,+855016344679
Smart-016-344680,Mobile,+855016344680
Smart-016-344681,Mobile,+855016344681
Smart-016-344682,Mobile,+855016344682
Smart-016-344683,Mobile,+855016344683
Smart-016-344684,Mobile,+855016344684
Smart-016-344685,Mobile,+855016344685
Smart-016-344686,Mobile,+855016344686
Smart-016-344687,Mobile,+855016344687
Smart-016-344688,Mobile,+855016344688
Smart-016-344689,Mobile,+855016344689
Smart-016-344690,Mobile,+855016344690
Smart-016-344691,Mobile,+855016344691
Smart-016-344692,Mobile,+855016344692
Smart-016-344693,Mobile,+855016344693
Smart-016-344694,Mobile,+855016344694
Smart-016-344695,Mobile,+855016344695
Smart-016-344696,Mobile,+855016344696
Smart-016-344697,Mobile,+855016344697
Smart-016-344698,Mobile,+855016344698
Smart-016-344699,Mobile,+855016344699
Smart-016-344700,Mobile,+855016344700
Smart-016-344701,Mobile,+855016344701
Smart-016-344702,Mobile,+855016344702
Smart-016-344703,Mobile,+855016344703
Smart-016-344704,Mobile,+855016344704
Smart-016-344705,Mobile,+855016344705
Smart-016-344706,Mobile,+855016344706
Smart-016-344707,Mobile,+855016344707
Smart-016-344708,Mobile,+855016344708
Smart-016-344709,Mobile,+855016344709
Smart-016-344710,Mobile,+855016344710
Smart-016-344711,Mobile,+855016344711
Smart-016-344712,Mobile,+855016344712
Smart-016-344713,Mobile,+855016344713
Smart-016-344714,Mobile,+855016344714
Smart-016-344715,Mobile,+855016344715
Smart-016-344716,Mobile,+855016344716
Smart-016-344717,Mobile,+855016344717
Smart-016-344718,Mobile,+855016344718
Smart-016-344719,Mobile,+855016344719
Smart-016-344720,Mobile,+855016344720
Smart-016-344721,Mobile,+855016344721
Smart-016-344722,Mobile,+855016344722
Smart-016-344723,Mobile,+855016344723
Smart-016-344724,Mobile,+855016344724
Smart-016-344725,Mobile,+855016344725
Smart-016-344726,Mobile,+855016344726
Smart-016-344727,Mobile,+855016344727
Smart-016-344728,Mobile,+855016344728
Smart-016-344729,Mobile,+855016344729
Smart-016-344730,Mobile,+855016344730
Smart-016-344731,Mobile,+855016344731
Smart-016-344732,Mobile,+855016344732
Smart-016-344733,Mobile,+855016344733
Smart-016-344734,Mobile,+855016344734
Smart-016-344735,Mobile,+855016344735
Smart-016-344736,Mobile,+855016344736
Smart-016-344737,Mobile,+855016344737
Smart-016-344738,Mobile,+855016344738
Smart-016-344739,Mobile,+855016344739
Smart-016-344740,Mobile,+855016344740
Smart-016-344741,Mobile,+855016344741
Smart-016-344742,Mobile,+855016344742
Smart-016-344743,Mobile,+855016344743
Smart-016-344744,Mobile,+855016344744
Smart-016-344745,Mobile,+855016344745
Smart-016-344746,Mobile,+855016344746
Smart-016-344747,Mobile,+855016344747
Smart-016-344748,Mobile,+855016344748
Smart-016-344749,Mobile,+855016344749
Smart-016-344750,Mobile,+855016344750
Smart-016-344751,Mobile,+855016344751
Smart-016-344752,Mobile,+855016344752
Smart-016-344753,Mobile,+855016344753
Smart-016-344754,Mobile,+855016344754
Smart-016-344755,Mobile,+855016344755
Smart-016-344756,Mobile,+855016344756
Smart-016-344757,Mobile,+855016344757
Smart-016-344758,Mobile,+855016344758
Smart-016-344759,Mobile,+855016344759
Smart-016-344760,Mobile,+855016344760
Smart-016-344761,Mobile,+855016344761
Smart-016-344762,Mobile,+855016344762
Smart-016-344763,Mobile,+855016344763
Smart-016-344764,Mobile,+855016344764
Smart-016-344765,Mobile,+855016344765
Smart-016-344766,Mobile,+855016344766
Smart-016-344767,Mobile,+855016344767
Smart-016-344768,Mobile,+855016344768
Smart-016-344769,Mobile,+855016344769
Smart-016-344770,Mobile,+855016344770
Smart-016-344771,Mobile,+855016344771
Smart-016-344772,Mobile,+855016344772
Smart-016-344773,Mobile,+855016344773
Smart-016-344774,Mobile,+855016344774
Smart-016-344775,Mobile,+855016344775
Smart-016-344776,Mobile,+855016344776
Smart-016-344777,Mobile,+855016344777
Smart-016-344778,Mobile,+855016344778
Smart-016-344779,Mobile,+855016344779
Smart-016-344780,Mobile,+855016344780
Smart-016-344781,Mobile,+855016344781
Smart-016-344782,Mobile,+855016344782
Smart-016-344783,Mobile,+855016344783
Smart-016-344784,Mobile,+855016344784
Smart-016-344785,Mobile,+855016344785
Smart-016-344786,Mobile,+855016344786
Smart-016-344787,Mobile,+855016344787
Smart-016-344788,Mobile,+855016344788
Smart-016-344789,Mobile,+855016344789
Smart-016-344790,Mobile,+855016344790
Smart-016-344791,Mobile,+855016344791
Smart-016-344792,Mobile,+855016344792
Smart-016-344793,Mobile,+855016344793
Smart-016-344794,Mobile,+855016344794
Smart-016-344795,Mobile,+855016344795
Smart-016-344796,Mobile,+855016344796
Smart-016-344797,Mobile,+855016344797
Smart-016-344798,Mobile,+855016344798
Smart-016-344799,Mobile,+855016344799
Smart-016-344800,Mobile,+855016344800
Smart-016-344801,Mobile,+855016344801
Smart-016-344802,Mobile,+855016344802
Smart-016-344803,Mobile,+855016344803
Smart-016-344804,Mobile,+855016344804
Smart-016-344805,Mobile,+855016344805
Smart-016-344806,Mobile,+855016344806
Smart-016-344807,Mobile,+855016344807
Smart-016-344808,Mobile,+855016344808
Smart-016-344809,Mobile,+855016344809
Smart-016-344810,Mobile,+855016344810
Smart-016-344811,Mobile,+855016344811
Smart-016-344812,Mobile,+855016344812
Smart-016-344813,Mobile,+855016344813
Smart-016-344814,Mobile,+855016344814
Smart-016-344815,Mobile,+855016344815
Smart-016-344816,Mobile,+855016344816
Smart-016-344817,Mobile,+855016344817
Smart-016-344818,Mobile,+855016344818
Smart-016-344819,Mobile,+855016344819
Smart-016-344820,Mobile,+855016344820
Smart-016-344821,Mobile,+855016344821
Smart-016-344822,Mobile,+855016344822
Smart-016-344823,Mobile,+855016344823
Smart-016-344824,Mobile,+855016344824
Smart-016-344825,Mobile,+855016344825
Smart-016-344826,Mobile,+855016344826
Smart-016-344827,Mobile,+855016344827
Smart-016-344828,Mobile,+855016344828
Smart-016-344829,Mobile,+855016344829
Smart-016-344830,Mobile,+855016344830
Smart-016-344831,Mobile,+855016344831
Smart-016-344832,Mobile,+855016344832
Smart-016-344833,Mobile,+855016344833
Smart-016-344834,Mobile,+855016344834
Smart-016-344835,Mobile,+855016344835
Smart-016-344836,Mobile,+855016344836
Smart-016-344837,Mobile,+855016344837
Smart-016-344838,Mobile,+855016344838
Smart-016-344839,Mobile,+855016344839
Smart-016-344840,Mobile,+855016344840
Smart-016-344841,Mobile,+855016344841
Smart-016-344842,Mobile,+855016344842
Smart-016-344843,Mobile,+855016344843
Smart-016-344844,Mobile,+855016344844
Smart-016-344845,Mobile,+855016344845
Smart-016-344846,Mobile,+855016344846
Smart-016-344847,Mobile,+855016344847
Smart-016-344848,Mobile,+855016344848
Smart-016-344849,Mobile,+855016344849
Smart-016-344850,Mobile,+855016344850
Smart-016-344851,Mobile,+855016344851
Smart-016-344852,Mobile,+855016344852
Smart-016-344853,Mobile,+855016344853
Smart-016-344854,Mobile,+855016344854
Smart-016-344855,Mobile,+855016344855
Smart-016-344856,Mobile,+855016344856
Smart-016-344857,Mobile,+855016344857
Smart-016-344858,Mobile,+855016344858
Smart-016-344859,Mobile,+855016344859
Smart-016-344860,Mobile,+855016344860
Smart-016-344861,Mobile,+855016344861
Smart-016-344862,Mobile,+855016344862
Smart-016-344863,Mobile,+855016344863
Smart-016-344864,Mobile,+855016344864
Smart-016-344865,Mobile,+855016344865
Smart-016-344866,Mobile,+855016344866
Smart-016-344867,Mobile,+855016344867
Smart-016-344868,Mobile,+855016344868
Smart-016-344869,Mobile,+855016344869
Smart-016-344870,Mobile,+855016344870
Smart-016-344871,Mobile,+855016344871
Smart-016-344872,Mobile,+855016344872
Smart-016-344873,Mobile,+855016344873
Smart-016-344874,Mobile,+855016344874
Smart-016-344875,Mobile,+855016344875
Smart-016-344876,Mobile,+855016344876
Smart-016-344877,Mobile,+855016344877
Smart-016-344878,Mobile,+855016344878
Smart-016-344879,Mobile,+855016344879
Smart-016-344880,Mobile,+855016344880
Smart-016-344881,Mobile,+855016344881
Smart-016-344882,Mobile,+855016344882
Smart-016-344883,Mobile,+855016344883
Smart-016-344884,Mobile,+855016344884
Smart-016-344885,Mobile,+855016344885
Smart-016-344886,Mobile,+855016344886
Smart-016-344887,Mobile,+855016344887
Smart-016-344888,Mobile,+855016344888
Smart-016-344889,Mobile,+855016344889
Smart-016-344890,Mobile,+855016344890
Smart-016-344891,Mobile,+855016344891
Smart-016-344892,Mobile,+855016344892
Smart-016-344893,Mobile,+855016344893
Smart-016-344894,Mobile,+855016344894
Smart-016-344895,Mobile,+855016344895
Smart-016-344896,Mobile,+855016344896
Smart-016-344897,Mobile,+855016344897
Smart-016-344898,Mobile,+855016344898
Smart-016-344899,Mobile,+855016344899
Smart-016-344900,Mobile,+855016344900
Smart-016-344901,Mobile,+855016344901
Smart-016-344902,Mobile,+855016344902
Smart-016-344903,Mobile,+855016344903
Smart-016-344904,Mobile,+855016344904
Smart-016-344905,Mobile,+855016344905
Smart-016-344906,Mobile,+855016344906
Smart-016-344907,Mobile,+855016344907
Smart-016-344908,Mobile,+855016344908
Smart-016-344909,Mobile,+855016344909
Smart-016-344910,Mobile,+855016344910
Smart-016-344911,Mobile,+855016344911
Smart-016-344912,Mobile,+855016344912
Smart-016-344913,Mobile,+855016344913
Smart-016-344914,Mobile,+855016344914
Smart-016-344915,Mobile,+855016344915
Smart-016-344916,Mobile,+855016344916
Smart-016-344917,Mobile,+855016344917
Smart-016-344918,Mobile,+855016344918
Smart-016-344919,Mobile,+855016344919
Smart-016-344920,Mobile,+855016344920
Smart-016-344921,Mobile,+855016344921
Smart-016-344922,Mobile,+855016344922
Smart-016-344923,Mobile,+855016344923
Smart-016-344924,Mobile,+855016344924
Smart-016-344925,Mobile,+855016344925
Smart-016-344926,Mobile,+855016344926
Smart-016-344927,Mobile,+855016344927
Smart-016-344928,Mobile,+855016344928
Smart-016-344929,Mobile,+855016344929
Smart-016-344930,Mobile,+855016344930
Smart-016-344931,Mobile,+855016344931
Smart-016-344932,Mobile,+855016344932
Smart-016-344933,Mobile,+855016344933
Smart-016-344934,Mobile,+855016344934
Smart-016-344935,Mobile,+855016344935
Smart-016-344936,Mobile,+855016344936
Smart-016-344937,Mobile,+855016344937
Smart-016-344938,Mobile,+855016344938
Smart-016-344939,Mobile,+855016344939
Smart-016-344940,Mobile,+855016344940
Smart-016-344941,Mobile,+855016344941
Smart-016-344942,Mobile,+855016344942
Smart-016-344943,Mobile,+855016344943
Smart-016-344944,Mobile,+855016344944
Smart-016-344945,Mobile,+855016344945
Smart-016-344946,Mobile,+855016344946
Smart-016-344947,Mobile,+855016344947
Smart-016-344948,Mobile,+855016344948
Smart-016-344949,Mobile,+855016344949
Smart-016-344950,Mobile,+855016344950
Smart-016-344951,Mobile,+855016344951
Smart-016-344952,Mobile,+855016344952
Smart-016-344953,Mobile,+855016344953
Smart-016-344954,Mobile,+855016344954
Smart-016-344955,Mobile,+855016344955
Smart-016-344956,Mobile,+855016344956
Smart-016-344957,Mobile,+855016344957
Smart-016-344958,Mobile,+855016344958
Smart-016-344959,Mobile,+855016344959
Smart-016-344960,Mobile,+855016344960
Smart-016-344961,Mobile,+855016344961
Smart-016-344962,Mobile,+855016344962
Smart-016-344963,Mobile,+855016344963
Smart-016-344964,Mobile,+855016344964
Smart-016-344965,Mobile,+855016344965
Smart-016-344966,Mobile,+855016344966
Smart-016-344967,Mobile,+855016344967
Smart-016-344968,Mobile,+855016344968
Smart-016-344969,Mobile,+855016344969
Smart-016-344970,Mobile,+855016344970
Smart-016-344971,Mobile,+855016344971
Smart-016-344972,Mobile,+855016344972
Smart-016-344973,Mobile,+855016344973
Smart-016-344974,Mobile,+855016344974
Smart-016-344975,Mobile,+855016344975
Smart-016-344976,Mobile,+855016344976
Smart-016-344977,Mobile,+855016344977
Smart-016-344978,Mobile,+855016344978
Smart-016-344979,Mobile,+855016344979
Smart-016-344980,Mobile,+855016344980
Smart-016-344981,Mobile,+855016344981
Smart-016-344982,Mobile,+855016344982
Smart-016-344983,Mobile,+855016344983
Smart-016-344984,Mobile,+855016344984
Smart-016-344985,Mobile,+855016344985
Smart-016-344986,Mobile,+855016344986
Smart-016-344987,Mobile,+855016344987
Smart-016-344988,Mobile,+855016344988
Smart-016-344989,Mobile,+855016344989
Smart-016-344990,Mobile,+855016344990
Smart-016-344991,Mobile,+855016344991
Smart-016-344992,Mobile,+855016344992
Smart-016-344993,Mobile,+855016344993
Smart-016-344994,Mobile,+855016344994
Smart-016-344995,Mobile,+855016344995
Smart-016-344996,Mobile,+855016344996
Smart-016-344997,Mobile,+855016344997
Smart-016-344998,Mobile,+855016344998
Smart-016-344999,Mobile,+855016344999
Smart-016-345000,Mobile,+855016345000
Smart-016-345001,Mobile,+855016345001
Smart-016-345002,Mobile,+855016345002
Smart-016-345003,Mobile,+855016345003
Smart-016-345004,Mobile,+855016345004
Smart-016-345005,Mobile,+855016345005
Smart-016-345006,Mobile,+855016345006
Smart-016-345007,Mobile,+855016345007
Smart-016-345008,Mobile,+855016345008
Smart-016-345009,Mobile,+855016345009
Smart-016-345010,Mobile,+855016345010
Smart-016-345011,Mobile,+855016345011
Smart-016-345012,Mobile,+855016345012
Smart-016-345013,Mobile,+855016345013
Smart-016-345014,Mobile,+855016345014
Smart-016-345015,Mobile,+855016345015
Smart-016-345016,Mobile,+855016345016
Smart-016-345017,Mobile,+855016345017
Smart-016-345018,Mobile,+855016345018
Smart-016-345019,Mobile,+855016345019
Smart-016-345020,Mobile,+855016345020
Smart-016-345021,Mobile,+855016345021
Smart-016-345022,Mobile,+855016345022
Smart-016-345023,Mobile,+855016345023
Smart-016-345024,Mobile,+855016345024
Smart-016-345025,Mobile,+855016345025
Smart-016-345026,Mobile,+855016345026
Smart-016-345027,Mobile,+855016345027
Smart-016-345028,Mobile,+855016345028
Smart-016-345029,Mobile,+855016345029
Smart-016-345030,Mobile,+855016345030
Smart-016-345031,Mobile,+855016345031
Smart-016-345032,Mobile,+855016345032
Smart-016-345033,Mobile,+855016345033
Smart-016-345034,Mobile,+855016345034
Smart-016-345035,Mobile,+855016345035
Smart-016-345036,Mobile,+855016345036
Smart-016-345037,Mobile,+855016345037
Smart-016-345038,Mobile,+855016345038
Smart-016-345039,Mobile,+855016345039
Smart-016-345040,Mobile,+855016345040
Smart-016-345041,Mobile,+855016345041
Smart-016-345042,Mobile,+855016345042
Smart-016-345043,Mobile,+855016345043
Smart-016-345044,Mobile,+855016345044
Smart-016-345045,Mobile,+855016345045
Smart-016-345046,Mobile,+855016345046
Smart-016-345047,Mobile,+855016345047
Smart-016-345048,Mobile,+855016345048
Smart-016-345049,Mobile,+855016345049
Smart-016-345050,Mobile,+855016345050
Smart-016-345051,Mobile,+855016345051
Smart-016-345052,Mobile,+855016345052
Smart-016-345053,Mobile,+855016345053
Smart-016-345054,Mobile,+855016345054
Smart-016-345055,Mobile,+855016345055
Smart-016-345056,Mobile,+855016345056
Smart-016-345057,Mobile,+855016345057
Smart-016-345058,Mobile,+855016345058
Smart-016-345059,Mobile,+855016345059
Smart-016-345060,Mobile,+855016345060
Smart-016-345061,Mobile,+855016345061
Smart-016-345062,Mobile,+855016345062
Smart-016-345063,Mobile,+855016345063
Smart-016-345064,Mobile,+855016345064
Smart-016-345065,Mobile,+855016345065
Smart-016-345066,Mobile,+855016345066
Smart-016-345067,Mobile,+855016345067
Smart-016-345068,Mobile,+855016345068
Smart-016-345069,Mobile,+855016345069
Smart-016-345070,Mobile,+855016345070
Smart-016-345071,Mobile,+855016345071
Smart-016-345072,Mobile,+855016345072
Smart-016-345073,Mobile,+855016345073
Smart-016-345074,Mobile,+855016345074
Smart-016-345075,Mobile,+855016345075
Smart-016-345076,Mobile,+855016345076
Smart-016-345077,Mobile,+855016345077
Smart-016-345078,Mobile,+855016345078
Smart-016-345079,Mobile,+855016345079
Smart-016-345080,Mobile,+855016345080
Smart-016-345081,Mobile,+855016345081
Smart-016-345082,Mobile,+855016345082
Smart-016-345083,Mobile,+855016345083
Smart-016-345084,Mobile,+855016345084
Smart-016-345085,Mobile,+855016345085
Smart-016-345086,Mobile,+855016345086
Smart-016-345087,Mobile,+855016345087
Smart-016-345088,Mobile,+855016345088
Smart-016-345089,Mobile,+855016345089
Smart-016-345090,Mobile,+855016345090
Smart-016-345091,Mobile,+855016345091
Smart-016-345092,Mobile,+855016345092
Smart-016-345093,Mobile,+855016345093
Smart-016-345094,Mobile,+855016345094
Smart-016-345095,Mobile,+855016345095
Smart-016-345096,Mobile,+855016345096
Smart-016-345097,Mobile,+855016345097
Smart-016-345098,Mobile,+855016345098
Smart-016-345099,Mobile,+855016345099
Smart-016-345100,Mobile,+855016345100
Smart-016-345101,Mobile,+855016345101
Smart-016-345102,Mobile,+855016345102
Smart-016-345103,Mobile,+855016345103
Smart-016-345104,Mobile,+855016345104
Smart-016-345105,Mobile,+855016345105
Smart-016-345106,Mobile,+855016345106
Smart-016-345107,Mobile,+855016345107
Smart-016-345108,Mobile,+855016345108
Smart-016-345109,Mobile,+855016345109
Smart-016-345110,Mobile,+855016345110
Smart-016-345111,Mobile,+855016345111
Smart-016-345112,Mobile,+855016345112
Smart-016-345113,Mobile,+855016345113
Smart-016-345114,Mobile,+855016345114
Smart-016-345115,Mobile,+855016345115
Smart-016-345116,Mobile,+855016345116
Smart-016-345117,Mobile,+855016345117
Smart-016-345118,Mobile,+855016345118
Smart-016-345119,Mobile,+855016345119
Smart-016-345120,Mobile,+855016345120
Smart-016-345121,Mobile,+855016345121
Smart-016-345122,Mobile,+855016345122
Smart-016-345123,Mobile,+855016345123
Smart-016-345124,Mobile,+855016345124
Smart-016-345125,Mobile,+855016345125
Smart-016-345126,Mobile,+855016345126
Smart-016-345127,Mobile,+855016345127
Smart-016-345128,Mobile,+855016345128
Smart-016-345129,Mobile,+855016345129
Smart-016-345130,Mobile,+855016345130
Smart-016-345131,Mobile,+855016345131
Smart-016-345132,Mobile,+855016345132
Smart-016-345133,Mobile,+855016345133
Smart-016-345134,Mobile,+855016345134
Smart-016-345135,Mobile,+855016345135
Smart-016-345136,Mobile,+855016345136
Smart-016-345137,Mobile,+855016345137
Smart-016-345138,Mobile,+855016345138
Smart-016-345139,Mobile,+855016345139
Smart-016-345140,Mobile,+855016345140
Smart-016-345141,Mobile,+855016345141
Smart-016-345142,Mobile,+855016345142
Smart-016-345143,Mobile,+855016345143
Smart-016-345144,Mobile,+855016345144
Smart-016-345145,Mobile,+855016345145
Smart-016-345146,Mobile,+855016345146
Smart-016-345147,Mobile,+855016345147
Smart-016-345148,Mobile,+855016345148
Smart-016-345149,Mobile,+855016345149
Smart-016-345150,Mobile,+855016345150
Smart-016-345151,Mobile,+855016345151
Smart-016-345152,Mobile,+855016345152
Smart-016-345153,Mobile,+855016345153
Smart-016-345154,Mobile,+855016345154
Smart-016-345155,Mobile,+855016345155
Smart-016-345156,Mobile,+855016345156
Smart-016-345157,Mobile,+855016345157
Smart-016-345158,Mobile,+855016345158
Smart-016-345159,Mobile,+855016345159
Smart-016-345160,Mobile,+855016345160
Smart-016-345161,Mobile,+855016345161
Smart-016-345162,Mobile,+855016345162
Smart-016-345163,Mobile,+855016345163
Smart-016-345164,Mobile,+855016345164
Smart-016-345165,Mobile,+855016345165
Smart-016-345166,Mobile,+855016345166
Smart-016-345167,Mobile,+855016345167
Smart-016-345168,Mobile,+855016345168
Smart-016-345169,Mobile,+855016345169
Smart-016-345170,Mobile,+855016345170
Smart-016-345171,Mobile,+855016345171
Smart-016-345172,Mobile,+855016345172
Smart-016-345173,Mobile,+855016345173
Smart-016-345174,Mobile,+855016345174
Smart-016-345175,Mobile,+855016345175
Smart-016-345176,Mobile,+855016345176
Smart-016-345177,Mobile,+855016345177
Smart-016-345178,Mobile,+855016345178
Smart-016-345179,Mobile,+855016345179
Smart-016-345180,Mobile,+855016345180
Smart-016-345181,Mobile,+855016345181
Smart-016-345182,Mobile,+855016345182
Smart-016-345183,Mobile,+855016345183
Smart-016-345184,Mobile,+855016345184
Smart-016-345185,Mobile,+855016345185
Smart-016-345186,Mobile,+855016345186
Smart-016-345187,Mobile,+855016345187
Smart-016-345188,Mobile,+855016345188
Smart-016-345189,Mobile,+855016345189
Smart-016-345190,Mobile,+855016345190
Smart-016-345191,Mobile,+855016345191
Smart-016-345192,Mobile,+855016345192
Smart-016-345193,Mobile,+855016345193
Smart-016-345194,Mobile,+855016345194
Smart-016-345195,Mobile,+855016345195
Smart-016-345196,Mobile,+855016345196
Smart-016-345197,Mobile,+855016345197
Smart-016-345198,Mobile,+855016345198
Smart-016-345199,Mobile,+855016345199
Smart-016-345200,Mobile,+855016345200
Smart-016-345201,Mobile,+855016345201
Smart-016-345202,Mobile,+855016345202
Smart-016-345203,Mobile,+855016345203
Smart-016-345204,Mobile,+855016345204
Smart-016-345205,Mobile,+855016345205
Smart-016-345206,Mobile,+855016345206
Smart-016-345207,Mobile,+855016345207
Smart-016-345208,Mobile,+855016345208
Smart-016-345209,Mobile,+855016345209
Smart-016-345210,Mobile,+855016345210
Smart-016-345211,Mobile,+855016345211
Smart-016-345212,Mobile,+855016345212
Smart-016-345213,Mobile,+855016345213
Smart-016-345214,Mobile,+855016345214
Smart-016-345215,Mobile,+855016345215
Smart-016-345216,Mobile,+855016345216
Smart-016-345217,Mobile,+855016345217
Smart-016-345218,Mobile,+855016345218
Smart-016-345219,Mobile,+855016345219
Smart-016-345220,Mobile,+855016345220
Smart-016-345221,Mobile,+855016345221
Smart-016-345222,Mobile,+855016345222
Smart-016-345223,Mobile,+855016345223
Smart-016-345224,Mobile,+855016345224
Smart-016-345225,Mobile,+855016345225
Smart-016-345226,Mobile,+855016345226
Smart-016-345227,Mobile,+855016345227
Smart-016-345228,Mobile,+855016345228
Smart-016-345229,Mobile,+855016345229
Smart-016-345230,Mobile,+855016345230
Smart-016-345231,Mobile,+855016345231
Smart-016-345232,Mobile,+855016345232
Smart-016-345233,Mobile,+855016345233
Smart-016-345234,Mobile,+855016345234
Smart-016-345235,Mobile,+855016345235
Smart-016-345236,Mobile,+855016345236
Smart-016-345237,Mobile,+855016345237
Smart-016-345238,Mobile,+855016345238
Smart-016-345239,Mobile,+855016345239
Smart-016-345240,Mobile,+855016345240
Smart-016-345241,Mobile,+855016345241
Smart-016-345242,Mobile,+855016345242
Smart-016-345243,Mobile,+855016345243
Smart-016-345244,Mobile,+855016345244
Smart-016-345245,Mobile,+855016345245
Smart-016-345246,Mobile,+855016345246
Smart-016-345247,Mobile,+855016345247
Smart-016-345248,Mobile,+855016345248
Smart-016-345249,Mobile,+855016345249
Smart-016-345250,Mobile,+855016345250
Smart-016-345251,Mobile,+855016345251
Smart-016-345252,Mobile,+855016345252
Smart-016-345253,Mobile,+855016345253
Smart-016-345254,Mobile,+855016345254
Smart-016-345255,Mobile,+855016345255
Smart-016-345256,Mobile,+855016345256
Smart-016-345257,Mobile,+855016345257
Smart-016-345258,Mobile,+855016345258
Smart-016-345259,Mobile,+855016345259
Smart-016-345260,Mobile,+855016345260
Smart-016-345261,Mobile,+855016345261
Smart-016-345262,Mobile,+855016345262
Smart-016-345263,Mobile,+855016345263
Smart-016-345264,Mobile,+855016345264
Smart-016-345265,Mobile,+855016345265
Smart-016-345266,Mobile,+855016345266
Smart-016-345267,Mobile,+855016345267
Smart-016-345268,Mobile,+855016345268
Smart-016-345269,Mobile,+855016345269
Smart-016-345270,Mobile,+855016345270
Smart-016-345271,Mobile,+855016345271
Smart-016-345272,Mobile,+855016345272
Smart-016-345273,Mobile,+855016345273
Smart-016-345274,Mobile,+855016345274
Smart-016-345275,Mobile,+855016345275
Smart-016-345276,Mobile,+855016345276
Smart-016-345277,Mobile,+855016345277
Smart-016-345278,Mobile,+855016345278
Smart-016-345279,Mobile,+855016345279
Smart-016-345280,Mobile,+855016345280
Smart-016-345281,Mobile,+855016345281
Smart-016-345282,Mobile,+855016345282
Smart-016-345283,Mobile,+855016345283
Smart-016-345284,Mobile,+855016345284
Smart-016-345285,Mobile,+855016345285
Smart-016-345286,Mobile,+855016345286
Smart-016-345287,Mobile,+855016345287
Smart-016-345288,Mobile,+855016345288
Smart-016-345289,Mobile,+855016345289
Smart-016-345290,Mobile,+855016345290
Smart-016-345291,Mobile,+855016345291
Smart-016-345292,Mobile,+855016345292
Smart-016-345293,Mobile,+855016345293
Smart-016-345294,Mobile,+855016345294
Smart-016-345295,Mobile,+855016345295
Smart-016-345296,Mobile,+855016345296
Smart-016-345297,Mobile,+855016345297
Smart-016-345298,Mobile,+855016345298
Smart-016-345299,Mobile,+855016345299
Smart-016-345300,Mobile,+855016345300
Smart-016-345301,Mobile,+855016345301
Smart-016-345302,Mobile,+855016345302
Smart-016-345303,Mobile,+855016345303
Smart-016-345304,Mobile,+855016345304
Smart-016-345305,Mobile,+855016345305
Smart-016-345306,Mobile,+855016345306
Smart-016-345307,Mobile,+855016345307
Smart-016-345308,Mobile,+855016345308
Smart-016-345309,Mobile,+855016345309
Smart-016-345310,Mobile,+855016345310
Smart-016-345311,Mobile,+855016345311
Smart-016-345312,Mobile,+855016345312
Smart-016-345313,Mobile,+855016345313
Smart-016-345314,Mobile,+855016345314
Smart-016-345315,Mobile,+855016345315
Smart-016-345316,Mobile,+855016345316
Smart-016-345317,Mobile,+855016345317
Smart-016-345318,Mobile,+855016345318
Smart-016-345319,Mobile,+855016345319
Smart-016-345320,Mobile,+855016345320
Smart-016-345321,Mobile,+855016345321
Smart-016-345322,Mobile,+855016345322
Smart-016-345323,Mobile,+855016345323
Smart-016-345324,Mobile,+855016345324
Smart-016-345325,Mobile,+855016345325
Smart-016-345326,Mobile,+855016345326
Smart-016-345327,Mobile,+855016345327
Smart-016-345328,Mobile,+855016345328
Smart-016-345329,Mobile,+855016345329
Smart-016-345330,Mobile,+855016345330
Smart-016-345331,Mobile,+855016345331
Smart-016-345332,Mobile,+855016345332
Smart-016-345333,Mobile,+855016345333
Smart-016-345334,Mobile,+855016345334
Smart-016-345335,Mobile,+855016345335
Smart-016-345336,Mobile,+855016345336
Smart-016-345337,Mobile,+855016345337
Smart-016-345338,Mobile,+855016345338
Smart-016-345339,Mobile,+855016345339
Smart-016-345340,Mobile,+855016345340
Smart-016-345341,Mobile,+855016345341
Smart-016-345342,Mobile,+855016345342
Smart-016-345343,Mobile,+855016345343
Smart-016-345344,Mobile,+855016345344
Smart-016-345345,Mobile,+855016345345
Smart-016-345346,Mobile,+855016345346
Smart-016-345347,Mobile,+855016345347
Smart-016-345348,Mobile,+855016345348
Smart-016-345349,Mobile,+855016345349
Smart-016-345350,Mobile,+855016345350
Smart-016-345351,Mobile,+855016345351
Smart-016-345352,Mobile,+855016345352
Smart-016-345353,Mobile,+855016345353
Smart-016-345354,Mobile,+855016345354
Smart-016-345355,Mobile,+855016345355
Smart-016-345356,Mobile,+855016345356
Smart-016-345357,Mobile,+855016345357
Smart-016-345358,Mobile,+855016345358
Smart-016-345359,Mobile,+855016345359
Smart-016-345360,Mobile,+855016345360
Smart-016-345361,Mobile,+855016345361
Smart-016-345362,Mobile,+855016345362
Smart-016-345363,Mobile,+855016345363
Smart-016-345364,Mobile,+855016345364
Smart-016-345365,Mobile,+855016345365
Smart-016-345366,Mobile,+855016345366
Smart-016-345367,Mobile,+855016345367
Smart-016-345368,Mobile,+855016345368
Smart-016-345369,Mobile,+855016345369
Smart-016-345370,Mobile,+855016345370
Smart-016-345371,Mobile,+855016345371
Smart-016-345372,Mobile,+855016345372
Smart-016-345373,Mobile,+855016345373
Smart-016-345374,Mobile,+855016345374
Smart-016-345375,Mobile,+855016345375
Smart-016-345376,Mobile,+855016345376
Smart-016-345377,Mobile,+855016345377
Smart-016-345378,Mobile,+855016345378
Smart-016-345379,Mobile,+855016345379
Smart-016-345380,Mobile,+855016345380
Smart-016-345381,Mobile,+855016345381
Smart-016-345382,Mobile,+855016345382
Smart-016-345383,Mobile,+855016345383
Smart-016-345384,Mobile,+855016345384
Smart-016-345385,Mobile,+855016345385
Smart-016-345386,Mobile,+855016345386
Smart-016-345387,Mobile,+855016345387
Smart-016-345388,Mobile,+855016345388
Smart-016-345389,Mobile,+855016345389
Smart-016-345390,Mobile,+855016345390
Smart-016-345391,Mobile,+855016345391
Smart-016-345392,Mobile,+855016345392
Smart-016-345393,Mobile,+855016345393
Smart-016-345394,Mobile,+855016345394
Smart-016-345395,Mobile,+855016345395
Smart-016-345396,Mobile,+855016345396
Smart-016-345397,Mobile,+855016345397
Smart-016-345398,Mobile,+855016345398
Smart-016-345399,Mobile,+855016345399
Smart-016-345400,Mobile,+855016345400
Smart-016-345401,Mobile,+855016345401
Smart-016-345402,Mobile,+855016345402
Smart-016-345403,Mobile,+855016345403
Smart-016-345404,Mobile,+855016345404
Smart-016-345405,Mobile,+855016345405
Smart-016-345406,Mobile,+855016345406
Smart-016-345407,Mobile,+855016345407
Smart-016-345408,Mobile,+855016345408
Smart-016-345409,Mobile,+855016345409
Smart-016-345410,Mobile,+855016345410
Smart-016-345411,Mobile,+855016345411
Smart-016-345412,Mobile,+855016345412
Smart-016-345413,Mobile,+855016345413
Smart-016-345414,Mobile,+855016345414
Smart-016-345415,Mobile,+855016345415
Smart-016-345416,Mobile,+855016345416
Smart-016-345417,Mobile,+855016345417
Smart-016-345418,Mobile,+855016345418
Smart-016-345419,Mobile,+855016345419
Smart-016-345420,Mobile,+855016345420
Smart-016-345421,Mobile,+855016345421
Smart-016-345422,Mobile,+855016345422
Smart-016-345423,Mobile,+855016345423
Smart-016-345424,Mobile,+855016345424
Smart-016-345425,Mobile,+855016345425
Smart-016-345426,Mobile,+855016345426
Smart-016-345427,Mobile,+855016345427
Smart-016-345428,Mobile,+855016345428
Smart-016-345429,Mobile,+855016345429
Smart-016-345430,Mobile,+855016345430
Smart-016-345431,Mobile,+855016345431
Smart-016-345432,Mobile,+855016345432
Smart-016-345433,Mobile,+855016345433
Smart-016-345434,Mobile,+855016345434
Smart-016-345435,Mobile,+855016345435
Smart-016-345436,Mobile,+855016345436
Smart-016-345437,Mobile,+855016345437
Smart-016-345438,Mobile,+855016345438
Smart-016-345439,Mobile,+855016345439
Smart-016-345440,Mobile,+855016345440
Smart-016-345441,Mobile,+855016345441
Smart-016-345442,Mobile,+855016345442
Smart-016-345443,Mobile,+855016345443
Smart-016-345444,Mobile,+855016345444
Smart-016-345445,Mobile,+855016345445
Smart-016-345446,Mobile,+855016345446
Smart-016-345447,Mobile,+855016345447
Smart-016-345448,Mobile,+855016345448
Smart-016-345449,Mobile,+855016345449
Smart-016-345450,Mobile,+855016345450
Smart-016-345451,Mobile,+855016345451
Smart-016-345452,Mobile,+855016345452
Smart-016-345453,Mobile,+855016345453
Smart-016-345454,Mobile,+855016345454
Smart-016-345455,Mobile,+855016345455
Smart-016-345456,Mobile,+855016345456
Smart-016-345457,Mobile,+855016345457
Smart-016-345458,Mobile,+855016345458
Smart-016-345459,Mobile,+855016345459
Smart-016-345460,Mobile,+855016345460
Smart-016-345461,Mobile,+855016345461
Smart-016-345462,Mobile,+855016345462
Smart-016-345463,Mobile,+855016345463
Smart-016-345464,Mobile,+855016345464
Smart-016-345465,Mobile,+855016345465
Smart-016-345466,Mobile,+855016345466
Smart-016-345467,Mobile,+855016345467
Smart-016-345468,Mobile,+855016345468
Smart-016-345469,Mobile,+855016345469
Smart-016-345470,Mobile,+855016345470
Smart-016-345471,Mobile,+855016345471
Smart-016-345472,Mobile,+855016345472
Smart-016-345473,Mobile,+855016345473
Smart-016-345474,Mobile,+855016345474
Smart-016-345475,Mobile,+855016345475
Smart-016-345476,Mobile,+855016345476
Smart-016-345477,Mobile,+855016345477
Smart-016-345478,Mobile,+855016345478
Smart-016-345479,Mobile,+855016345479
Smart-016-345480,Mobile,+855016345480
Smart-016-345481,Mobile,+855016345481
Smart-016-345482,Mobile,+855016345482
Smart-016-345483,Mobile,+855016345483
Smart-016-345484,Mobile,+855016345484
Smart-016-345485,Mobile,+855016345485
Smart-016-345486,Mobile,+855016345486
Smart-016-345487,Mobile,+855016345487
Smart-016-345488,Mobile,+855016345488
Smart-016-345489,Mobile,+855016345489
Smart-016-345490,Mobile,+855016345490
Smart-016-345491,Mobile,+855016345491
Smart-016-345492,Mobile,+855016345492
Smart-016-345493,Mobile,+855016345493
Smart-016-345494,Mobile,+855016345494
Smart-016-345495,Mobile,+855016345495
Smart-016-345496,Mobile,+855016345496
Smart-016-345497,Mobile,+855016345497
Smart-016-345498,Mobile,+855016345498
Smart-016-345499,Mobile,+855016345499
Smart-016-345500,Mobile,+855016345500
Smart-016-345501,Mobile,+855016345501
Smart-016-345502,Mobile,+855016345502
Smart-016-345503,Mobile,+855016345503
Smart-016-345504,Mobile,+855016345504
Smart-016-345505,Mobile,+855016345505
Smart-016-345506,Mobile,+855016345506
Smart-016-345507,Mobile,+855016345507
Smart-016-345508,Mobile,+855016345508
Smart-016-345509,Mobile,+855016345509
Smart-016-345510,Mobile,+855016345510
Smart-016-345511,Mobile,+855016345511
Smart-016-345512,Mobile,+855016345512
Smart-016-345513,Mobile,+855016345513
Smart-016-345514,Mobile,+855016345514
Smart-016-345515,Mobile,+855016345515
Smart-016-345516,Mobile,+855016345516
Smart-016-345517,Mobile,+855016345517
Smart-016-345518,Mobile,+855016345518
Smart-016-345519,Mobile,+855016345519
Smart-016-345520,Mobile,+855016345520
Smart-016-345521,Mobile,+855016345521
Smart-016-345522,Mobile,+855016345522
Smart-016-345523,Mobile,+855016345523
Smart-016-345524,Mobile,+855016345524
Smart-016-345525,Mobile,+855016345525
Smart-016-345526,Mobile,+855016345526
Smart-016-345527,Mobile,+855016345527
Smart-016-345528,Mobile,+855016345528
Smart-016-345529,Mobile,+855016345529
Smart-016-345530,Mobile,+855016345530
Smart-016-345531,Mobile,+855016345531
Smart-016-345532,Mobile,+855016345532
Smart-016-345533,Mobile,+855016345533
Smart-016-345534,Mobile,+855016345534
Smart-016-345535,Mobile,+855016345535
Smart-016-345536,Mobile,+855016345536
Smart-016-345537,Mobile,+855016345537
Smart-016-345538,Mobile,+855016345538
Smart-016-345539,Mobile,+855016345539
Smart-016-345540,Mobile,+855016345540
Smart-016-345541,Mobile,+855016345541
Smart-016-345542,Mobile,+855016345542
Smart-016-345543,Mobile,+855016345543
Smart-016-345544,Mobile,+855016345544
Smart-016-345545,Mobile,+855016345545
Smart-016-345546,Mobile,+855016345546
Smart-016-345547,Mobile,+855016345547
Smart-016-345548,Mobile,+855016345548
Smart-016-345549,Mobile,+855016345549
Smart-016-345550,Mobile,+855016345550
Smart-016-345551,Mobile,+855016345551
Smart-016-345552,Mobile,+855016345552
Smart-016-345553,Mobile,+855016345553
Smart-016-345554,Mobile,+855016345554
Smart-016-345555,Mobile,+855016345555
Smart-016-345556,Mobile,+855016345556
Smart-016-345557,Mobile,+855016345557
Smart-016-345558,Mobile,+855016345558
Smart-016-345559,Mobile,+855016345559
Smart-016-345560,Mobile,+855016345560
Smart-016-345561,Mobile,+855016345561
Smart-016-345562,Mobile,+855016345562
Smart-016-345563,Mobile,+855016345563
Smart-016-345564,Mobile,+855016345564
Smart-016-345565,Mobile,+855016345565
Smart-016-345566,Mobile,+855016345566
Smart-016-345567,Mobile,+855016345567
Smart-016-345568,Mobile,+855016345568
Smart-016-345569,Mobile,+855016345569
Smart-016-345570,Mobile,+855016345570
Smart-016-345571,Mobile,+855016345571
Smart-016-345572,Mobile,+855016345572
Smart-016-345573,Mobile,+855016345573
Smart-016-345574,Mobile,+855016345574
Smart-016-345575,Mobile,+855016345575
Smart-016-345576,Mobile,+855016345576
Smart-016-345577,Mobile,+855016345577
Smart-016-345578,Mobile,+855016345578
Smart-016-345579,Mobile,+855016345579
Smart-016-345580,Mobile,+855016345580
Smart-016-345581,Mobile,+855016345581
Smart-016-345582,Mobile,+855016345582
Smart-016-345583,Mobile,+855016345583
Smart-016-345584,Mobile,+855016345584
Smart-016-345585,Mobile,+855016345585
Smart-016-345586,Mobile,+855016345586
Smart-016-345587,Mobile,+855016345587
Smart-016-345588,Mobile,+855016345588
Smart-016-345589,Mobile,+855016345589
Smart-016-345590,Mobile,+855016345590
Smart-016-345591,Mobile,+855016345591
Smart-016-345592,Mobile,+855016345592
Smart-016-345593,Mobile,+855016345593
Smart-016-345594,Mobile,+855016345594
Smart-016-345595,Mobile,+855016345595
Smart-016-345596,Mobile,+855016345596
Smart-016-345597,Mobile,+855016345597
Smart-016-345598,Mobile,+855016345598
Smart-016-345599,Mobile,+855016345599
Smart-016-345600,Mobile,+855016345600
Smart-016-345601,Mobile,+855016345601
Smart-016-345602,Mobile,+855016345602
Smart-016-345603,Mobile,+855016345603
Smart-016-345604,Mobile,+855016345604
Smart-016-345605,Mobile,+855016345605
Smart-016-345606,Mobile,+855016345606
Smart-016-345607,Mobile,+855016345607
Smart-016-345608,Mobile,+855016345608
Smart-016-345609,Mobile,+855016345609
Smart-016-345610,Mobile,+855016345610
Smart-016-345611,Mobile,+855016345611
Smart-016-345612,Mobile,+855016345612
Smart-016-345613,Mobile,+855016345613
Smart-016-345614,Mobile,+855016345614
Smart-016-345615,Mobile,+855016345615
Smart-016-345616,Mobile,+855016345616
Smart-016-345617,Mobile,+855016345617
Smart-016-345618,Mobile,+855016345618
Smart-016-345619,Mobile,+855016345619
Smart-016-345620,Mobile,+855016345620
Smart-016-345621,Mobile,+855016345621
Smart-016-345622,Mobile,+855016345622
Smart-016-345623,Mobile,+855016345623
Smart-016-345624,Mobile,+855016345624
Smart-016-345625,Mobile,+855016345625
Smart-016-345626,Mobile,+855016345626
Smart-016-345627,Mobile,+855016345627
Smart-016-345628,Mobile,+855016345628
Smart-016-345629,Mobile,+855016345629
Smart-016-345630,Mobile,+855016345630
Smart-016-345631,Mobile,+855016345631
Smart-016-345632,Mobile,+855016345632
Smart-016-345633,Mobile,+855016345633
Smart-016-345634,Mobile,+855016345634
Smart-016-345635,Mobile,+855016345635
Smart-016-345636,Mobile,+855016345636
Smart-016-345637,Mobile,+855016345637
Smart-016-345638,Mobile,+855016345638
Smart-016-345639,Mobile,+855016345639
Smart-016-345640,Mobile,+855016345640
Smart-016-345641,Mobile,+855016345641
Smart-016-345642,Mobile,+855016345642
Smart-016-345643,Mobile,+855016345643
Smart-016-345644,Mobile,+855016345644
Smart-016-345645,Mobile,+855016345645
Smart-016-345646,Mobile,+855016345646
Smart-016-345647,Mobile,+855016345647
Smart-016-345648,Mobile,+855016345648
Smart-016-345649,Mobile,+855016345649
Smart-016-345650,Mobile,+855016345650
Smart-016-345651,Mobile,+855016345651
Smart-016-345652,Mobile,+855016345652
Smart-016-345653,Mobile,+855016345653
Smart-016-345654,Mobile,+855016345654
Smart-016-345655,Mobile,+855016345655
Smart-016-345656,Mobile,+855016345656
Smart-016-345657,Mobile,+855016345657
Smart-016-345658,Mobile,+855016345658
Smart-016-345659,Mobile,+855016345659
Smart-016-345660,Mobile,+855016345660
Smart-016-345661,Mobile,+855016345661
Smart-016-345662,Mobile,+855016345662
Smart-016-345663,Mobile,+855016345663
Smart-016-345664,Mobile,+855016345664
Smart-016-345665,Mobile,+855016345665
Smart-016-345666,Mobile,+855016345666
Smart-016-345667,Mobile,+855016345667
Smart-016-345668,Mobile,+855016345668
Smart-016-345669,Mobile,+855016345669
Smart-016-345670,Mobile,+855016345670
Smart-016-345671,Mobile,+855016345671
Smart-016-345672,Mobile,+855016345672
Smart-016-345673,Mobile,+855016345673
Smart-016-345674,Mobile,+855016345674
Smart-016-345675,Mobile,+855016345675
Smart-016-345676,Mobile,+855016345676
Smart-016-345677,Mobile,+855016345677
Smart-016-345678,Mobile,+855016345678
Smart-016-345679,Mobile,+855016345679
Smart-016-345680,Mobile,+855016345680
Smart-016-345681,Mobile,+855016345681
Smart-016-345682,Mobile,+855016345682
Smart-016-345683,Mobile,+855016345683
Smart-016-345684,Mobile,+855016345684
Smart-016-345685,Mobile,+855016345685
Smart-016-345686,Mobile,+855016345686
Smart-016-345687,Mobile,+855016345687
Smart-016-345688,Mobile,+855016345688
Smart-016-345689,Mobile,+855016345689
Smart-016-345690,Mobile,+855016345690
Smart-016-345691,Mobile,+855016345691
Smart-016-345692,Mobile,+855016345692
Smart-016-345693,Mobile,+855016345693
Smart-016-345694,Mobile,+855016345694
Smart-016-345695,Mobile,+855016345695
Smart-016-345696,Mobile,+855016345696
Smart-016-345697,Mobile,+855016345697
Smart-016-345698,Mobile,+855016345698
Smart-016-345699,Mobile,+855016345699
Smart-016-345700,Mobile,+855016345700
Smart-016-345701,Mobile,+855016345701
Smart-016-345702,Mobile,+855016345702
Smart-016-345703,Mobile,+855016345703
Smart-016-345704,Mobile,+855016345704
Smart-016-345705,Mobile,+855016345705
Smart-016-345706,Mobile,+855016345706
Smart-016-345707,Mobile,+855016345707
Smart-016-345708,Mobile,+855016345708
Smart-016-345709,Mobile,+855016345709
Smart-016-345710,Mobile,+855016345710
Smart-016-345711,Mobile,+855016345711
Smart-016-345712,Mobile,+855016345712
Smart-016-345713,Mobile,+855016345713
Smart-016-345714,Mobile,+855016345714
Smart-016-345715,Mobile,+855016345715
Smart-016-345716,Mobile,+855016345716
Smart-016-345717,Mobile,+855016345717
Smart-016-345718,Mobile,+855016345718
Smart-016-345719,Mobile,+855016345719
Smart-016-345720,Mobile,+855016345720
Smart-016-345721,Mobile,+855016345721
Smart-016-345722,Mobile,+855016345722
Smart-016-345723,Mobile,+855016345723
Smart-016-345724,Mobile,+855016345724
Smart-016-345725,Mobile,+855016345725
Smart-016-345726,Mobile,+855016345726
Smart-016-345727,Mobile,+855016345727
Smart-016-345728,Mobile,+855016345728
Smart-016-345729,Mobile,+855016345729
Smart-016-345730,Mobile,+855016345730
Smart-016-345731,Mobile,+855016345731
Smart-016-345732,Mobile,+855016345732
Smart-016-345733,Mobile,+855016345733
Smart-016-345734,Mobile,+855016345734
Smart-016-345735,Mobile,+855016345735
Smart-016-345736,Mobile,+855016345736
Smart-016-345737,Mobile,+855016345737
Smart-016-345738,Mobile,+855016345738
Smart-016-345739,Mobile,+855016345739
Smart-016-345740,Mobile,+855016345740
Smart-016-345741,Mobile,+855016345741
Smart-016-345742,Mobile,+855016345742
Smart-016-345743,Mobile,+855016345743
Smart-016-345744,Mobile,+855016345744
Smart-016-345745,Mobile,+855016345745
Smart-016-345746,Mobile,+855016345746
Smart-016-345747,Mobile,+855016345747
Smart-016-345748,Mobile,+855016345748
Smart-016-345749,Mobile,+855016345749
Smart-016-345750,Mobile,+855016345750
Smart-016-345751,Mobile,+855016345751
Smart-016-345752,Mobile,+855016345752
Smart-016-345753,Mobile,+855016345753
Smart-016-345754,Mobile,+855016345754
Smart-016-345755,Mobile,+855016345755
Smart-016-345756,Mobile,+855016345756
Smart-016-345757,Mobile,+855016345757
Smart-016-345758,Mobile,+855016345758
Smart-016-345759,Mobile,+855016345759
Smart-016-345760,Mobile,+855016345760
Smart-016-345761,Mobile,+855016345761
Smart-016-345762,Mobile,+855016345762
Smart-016-345763,Mobile,+855016345763
Smart-016-345764,Mobile,+855016345764
Smart-016-345765,Mobile,+855016345765
Smart-016-345766,Mobile,+855016345766
Smart-016-345767,Mobile,+855016345767
Smart-016-345768,Mobile,+855016345768
Smart-016-345769,Mobile,+855016345769
Smart-016-345770,Mobile,+855016345770
Smart-016-345771,Mobile,+855016345771
Smart-016-345772,Mobile,+855016345772
Smart-016-345773,Mobile,+855016345773
Smart-016-345774,Mobile,+855016345774
Smart-016-345775,Mobile,+855016345775
Smart-016-345776,Mobile,+855016345776
Smart-016-345777,Mobile,+855016345777
Smart-016-345778,Mobile,+855016345778
Smart-016-345779,Mobile,+855016345779
Smart-016-345780,Mobile,+855016345780
Smart-016-345781,Mobile,+855016345781
Smart-016-345782,Mobile,+855016345782
Smart-016-345783,Mobile,+855016345783
Smart-016-345784,Mobile,+855016345784
Smart-016-345785,Mobile,+855016345785
Smart-016-345786,Mobile,+855016345786
Smart-016-345787,Mobile,+855016345787
Smart-016-345788,Mobile,+855016345788
Smart-016-345789,Mobile,+855016345789
Smart-016-345790,Mobile,+855016345790
Smart-016-345791,Mobile,+855016345791
Smart-016-345792,Mobile,+855016345792
Smart-016-345793,Mobile,+855016345793
Smart-016-345794,Mobile,+855016345794
Smart-016-345795,Mobile,+855016345795
Smart-016-345796,Mobile,+855016345796
Smart-016-345797,Mobile,+855016345797
Smart-016-345798,Mobile,+855016345798
Smart-016-345799,Mobile,+855016345799
Smart-016-345800,Mobile,+855016345800
Smart-016-345801,Mobile,+855016345801
Smart-016-345802,Mobile,+855016345802
Smart-016-345803,Mobile,+855016345803
Smart-016-345804,Mobile,+855016345804
Smart-016-345805,Mobile,+855016345805
Smart-016-345806,Mobile,+855016345806
Smart-016-345807,Mobile,+855016345807
Smart-016-345808,Mobile,+855016345808
Smart-016-345809,Mobile,+855016345809
Smart-016-345810,Mobile,+855016345810
Smart-016-345811,Mobile,+855016345811
Smart-016-345812,Mobile,+855016345812
Smart-016-345813,Mobile,+855016345813
Smart-016-345814,Mobile,+855016345814
Smart-016-345815,Mobile,+855016345815
Smart-016-345816,Mobile,+855016345816
Smart-016-345817,Mobile,+855016345817
Smart-016-345818,Mobile,+855016345818
Smart-016-345819,Mobile,+855016345819
Smart-016-345820,Mobile,+855016345820
Smart-016-345821,Mobile,+855016345821
Smart-016-345822,Mobile,+855016345822
Smart-016-345823,Mobile,+855016345823
Smart-016-345824,Mobile,+855016345824
Smart-016-345825,Mobile,+855016345825
Smart-016-345826,Mobile,+855016345826
Smart-016-345827,Mobile,+855016345827
Smart-016-345828,Mobile,+855016345828
Smart-016-345829,Mobile,+855016345829
Smart-016-345830,Mobile,+855016345830
Smart-016-345831,Mobile,+855016345831
Smart-016-345832,Mobile,+855016345832
Smart-016-345833,Mobile,+855016345833
Smart-016-345834,Mobile,+855016345834
Smart-016-345835,Mobile,+855016345835
Smart-016-345836,Mobile,+855016345836
Smart-016-345837,Mobile,+855016345837
Smart-016-345838,Mobile,+855016345838
Smart-016-345839,Mobile,+855016345839
Smart-016-345840,Mobile,+855016345840
Smart-016-345841,Mobile,+855016345841
Smart-016-345842,Mobile,+855016345842
Smart-016-345843,Mobile,+855016345843
Smart-016-345844,Mobile,+855016345844
Smart-016-345845,Mobile,+855016345845
Smart-016-345846,Mobile,+855016345846
Smart-016-345847,Mobile,+855016345847
Smart-016-345848,Mobile,+855016345848
Smart-016-345849,Mobile,+855016345849
Smart-016-345850,Mobile,+855016345850
Smart-016-345851,Mobile,+855016345851
Smart-016-345852,Mobile,+855016345852
Smart-016-345853,Mobile,+855016345853
Smart-016-345854,Mobile,+855016345854
Smart-016-345855,Mobile,+855016345855
Smart-016-345856,Mobile,+855016345856
Smart-016-345857,Mobile,+855016345857
Smart-016-345858,Mobile,+855016345858
Smart-016-345859,Mobile,+855016345859
Smart-016-345860,Mobile,+855016345860
Smart-016-345861,Mobile,+855016345861
Smart-016-345862,Mobile,+855016345862
Smart-016-345863,Mobile,+855016345863
Smart-016-345864,Mobile,+855016345864
Smart-016-345865,Mobile,+855016345865
Smart-016-345866,Mobile,+855016345866
Smart-016-345867,Mobile,+855016345867
Smart-016-345868,Mobile,+855016345868
Smart-016-345869,Mobile,+855016345869
Smart-016-345870,Mobile,+855016345870
Smart-016-345871,Mobile,+855016345871
Smart-016-345872,Mobile,+855016345872
Smart-016-345873,Mobile,+855016345873
Smart-016-345874,Mobile,+855016345874
Smart-016-345875,Mobile,+855016345875
Smart-016-345876,Mobile,+855016345876
Smart-016-345877,Mobile,+855016345877
Smart-016-345878,Mobile,+855016345878
Smart-016-345879,Mobile,+855016345879
Smart-016-345880,Mobile,+855016345880
Smart-016-345881,Mobile,+855016345881
Smart-016-345882,Mobile,+855016345882
Smart-016-345883,Mobile,+855016345883
Smart-016-345884,Mobile,+855016345884
Smart-016-345885,Mobile,+855016345885
Smart-016-345886,Mobile,+855016345886
Smart-016-345887,Mobile,+855016345887
Smart-016-345888,Mobile,+855016345888
Smart-016-345889,Mobile,+855016345889
Smart-016-345890,Mobile,+855016345890
Smart-016-345891,Mobile,+855016345891
Smart-016-345892,Mobile,+855016345892
Smart-016-345893,Mobile,+855016345893
Smart-016-345894,Mobile,+855016345894
Smart-016-345895,Mobile,+855016345895
Smart-016-345896,Mobile,+855016345896
Smart-016-345897,Mobile,+855016345897
Smart-016-345898,Mobile,+855016345898
Smart-016-345899,Mobile,+855016345899
Smart-016-345900,Mobile,+855016345900
Smart-016-345901,Mobile,+855016345901
Smart-016-345902,Mobile,+855016345902
Smart-016-345903,Mobile,+855016345903
Smart-016-345904,Mobile,+855016345904
Smart-016-345905,Mobile,+855016345905
Smart-016-345906,Mobile,+855016345906
Smart-016-345907,Mobile,+855016345907
Smart-016-345908,Mobile,+855016345908
Smart-016-345909,Mobile,+855016345909
Smart-016-345910,Mobile,+855016345910
Smart-016-345911,Mobile,+855016345911
Smart-016-345912,Mobile,+855016345912
Smart-016-345913,Mobile,+855016345913
Smart-016-345914,Mobile,+855016345914
Smart-016-345915,Mobile,+855016345915
Smart-016-345916,Mobile,+855016345916
Smart-016-345917,Mobile,+855016345917
Smart-016-345918,Mobile,+855016345918
Smart-016-345919,Mobile,+855016345919
Smart-016-345920,Mobile,+855016345920
Smart-016-345921,Mobile,+855016345921
Smart-016-345922,Mobile,+855016345922
Smart-016-345923,Mobile,+855016345923
Smart-016-345924,Mobile,+855016345924
Smart-016-345925,Mobile,+855016345925
Smart-016-345926,Mobile,+855016345926
Smart-016-345927,Mobile,+855016345927
Smart-016-345928,Mobile,+855016345928
Smart-016-345929,Mobile,+855016345929
Smart-016-345930,Mobile,+855016345930
Smart-016-345931,Mobile,+855016345931
Smart-016-345932,Mobile,+855016345932
Smart-016-345933,Mobile,+855016345933
Smart-016-345934,Mobile,+855016345934
Smart-016-345935,Mobile,+855016345935
Smart-016-345936,Mobile,+855016345936
Smart-016-345937,Mobile,+855016345937
Smart-016-345938,Mobile,+855016345938
Smart-016-345939,Mobile,+855016345939
Smart-016-345940,Mobile,+855016345940
Smart-016-345941,Mobile,+855016345941
Smart-016-345942,Mobile,+855016345942
Smart-016-345943,Mobile,+855016345943
Smart-016-345944,Mobile,+855016345944
Smart-016-345945,Mobile,+855016345945
Smart-016-345946,Mobile,+855016345946
Smart-016-345947,Mobile,+855016345947
Smart-016-345948,Mobile,+855016345948
Smart-016-345949,Mobile,+855016345949
Smart-016-345950,Mobile,+855016345950
Smart-016-345951,Mobile,+855016345951
Smart-016-345952,Mobile,+855016345952
Smart-016-345953,Mobile,+855016345953
Smart-016-345954,Mobile,+855016345954
Smart-016-345955,Mobile,+855016345955
Smart-016-345956,Mobile,+855016345956
Smart-016-345957,Mobile,+855016345957
Smart-016-345958,Mobile,+855016345958
Smart-016-345959,Mobile,+855016345959
Smart-016-345960,Mobile,+855016345960
Smart-016-345961,Mobile,+855016345961
Smart-016-345962,Mobile,+855016345962
Smart-016-345963,Mobile,+855016345963
Smart-016-345964,Mobile,+855016345964
Smart-016-345965,Mobile,+855016345965
Smart-016-345966,Mobile,+855016345966
Smart-016-345967,Mobile,+855016345967
Smart-016-345968,Mobile,+855016345968
Smart-016-345969,Mobile,+855016345969
Smart-016-345970,Mobile,+855016345970
Smart-016-345971,Mobile,+855016345971
Smart-016-345972,Mobile,+855016345972
Smart-016-345973,Mobile,+855016345973
Smart-016-345974,Mobile,+855016345974
Smart-016-345975,Mobile,+855016345975
Smart-016-345976,Mobile,+855016345976
Smart-016-345977,Mobile,+855016345977
Smart-016-345978,Mobile,+855016345978
Smart-016-345979,Mobile,+855016345979
Smart-016-345980,Mobile,+855016345980
Smart-016-345981,Mobile,+855016345981
Smart-016-345982,Mobile,+855016345982
Smart-016-345983,Mobile,+855016345983
Smart-016-345984,Mobile,+855016345984
Smart-016-345985,Mobile,+855016345985
Smart-016-345986,Mobile,+855016345986
Smart-016-345987,Mobile,+855016345987
Smart-016-345988,Mobile,+855016345988
Smart-016-345989,Mobile,+855016345989
Smart-016-345990,Mobile,+855016345990
Smart-016-345991,Mobile,+855016345991
Smart-016-345992,Mobile,+855016345992
Smart-016-345993,Mobile,+855016345993
Smart-016-345994,Mobile,+855016345994
Smart-016-345995,Mobile,+855016345995
Smart-016-345996,Mobile,+855016345996
Smart-016-345997,Mobile,+855016345997
Smart-016-345998,Mobile,+855016345998
Smart-016-345999,Mobile,+855016345999
Smart-016-346000,Mobile,+855016346000
Smart-016-346001,Mobile,+855016346001
Smart-016-346002,Mobile,+855016346002
Smart-016-346003,Mobile,+855016346003
Smart-016-346004,Mobile,+855016346004
Smart-016-346005,Mobile,+855016346005
Smart-016-346006,Mobile,+855016346006
Smart-016-346007,Mobile,+855016346007
Smart-016-346008,Mobile,+855016346008
Smart-016-346009,Mobile,+855016346009
Smart-016-346010,Mobile,+855016346010
Smart-016-346011,Mobile,+855016346011
Smart-016-346012,Mobile,+855016346012
Smart-016-346013,Mobile,+855016346013
Smart-016-346014,Mobile,+855016346014
Smart-016-346015,Mobile,+855016346015
Smart-016-346016,Mobile,+855016346016
Smart-016-346017,Mobile,+855016346017
Smart-016-346018,Mobile,+855016346018
Smart-016-346019,Mobile,+855016346019
Smart-016-346020,Mobile,+855016346020
Smart-016-346021,Mobile,+855016346021
Smart-016-346022,Mobile,+855016346022
Smart-016-346023,Mobile,+855016346023
Smart-016-346024,Mobile,+855016346024
Smart-016-346025,Mobile,+855016346025
Smart-016-346026,Mobile,+855016346026
Smart-016-346027,Mobile,+855016346027
Smart-016-346028,Mobile,+855016346028
Smart-016-346029,Mobile,+855016346029
Smart-016-346030,Mobile,+855016346030
Smart-016-346031,Mobile,+855016346031
Smart-016-346032,Mobile,+855016346032
Smart-016-346033,Mobile,+855016346033
Smart-016-346034,Mobile,+855016346034
Smart-016-346035,Mobile,+855016346035
Smart-016-346036,Mobile,+855016346036
Smart-016-346037,Mobile,+855016346037
Smart-016-346038,Mobile,+855016346038
Smart-016-346039,Mobile,+855016346039
Smart-016-346040,Mobile,+855016346040
Smart-016-346041,Mobile,+855016346041
Smart-016-346042,Mobile,+855016346042
Smart-016-346043,Mobile,+855016346043
Smart-016-346044,Mobile,+855016346044
Smart-016-346045,Mobile,+855016346045
Smart-016-346046,Mobile,+855016346046
Smart-016-346047,Mobile,+855016346047
Smart-016-346048,Mobile,+855016346048
Smart-016-346049,Mobile,+855016346049
Smart-016-346050,Mobile,+855016346050
Smart-016-346051,Mobile,+855016346051
Smart-016-346052,Mobile,+855016346052
Smart-016-346053,Mobile,+855016346053
Smart-016-346054,Mobile,+855016346054
Smart-016-346055,Mobile,+855016346055
Smart-016-346056,Mobile,+855016346056
Smart-016-346057,Mobile,+855016346057
Smart-016-346058,Mobile,+855016346058
Smart-016-346059,Mobile,+855016346059
Smart-016-346060,Mobile,+855016346060
Smart-016-346061,Mobile,+855016346061
Smart-016-346062,Mobile,+855016346062
Smart-016-346063,Mobile,+855016346063
Smart-016-346064,Mobile,+855016346064
Smart-016-346065,Mobile,+855016346065
Smart-016-346066,Mobile,+855016346066
Smart-016-346067,Mobile,+855016346067
Smart-016-346068,Mobile,+855016346068
Smart-016-346069,Mobile,+855016346069
Smart-016-346070,Mobile,+855016346070
Smart-016-346071,Mobile,+855016346071
Smart-016-346072,Mobile,+855016346072
Smart-016-346073,Mobile,+855016346073
Smart-016-346074,Mobile,+855016346074
Smart-016-346075,Mobile,+855016346075
Smart-016-346076,Mobile,+855016346076
Smart-016-346077,Mobile,+855016346077
Smart-016-346078,Mobile,+855016346078
Smart-016-346079,Mobile,+855016346079
Smart-016-346080,Mobile,+855016346080
Smart-016-346081,Mobile,+855016346081
Smart-016-346082,Mobile,+855016346082
Smart-016-346083,Mobile,+855016346083
Smart-016-346084,Mobile,+855016346084
Smart-016-346085,Mobile,+855016346085
Smart-016-346086,Mobile,+855016346086
Smart-016-346087,Mobile,+855016346087
Smart-016-346088,Mobile,+855016346088
Smart-016-346089,Mobile,+855016346089
Smart-016-346090,Mobile,+855016346090
Smart-016-346091,Mobile,+855016346091
Smart-016-346092,Mobile,+855016346092
Smart-016-346093,Mobile,+855016346093
Smart-016-346094,Mobile,+855016346094
Smart-016-346095,Mobile,+855016346095
Smart-016-346096,Mobile,+855016346096
Smart-016-346097,Mobile,+855016346097
Smart-016-346098,Mobile,+855016346098
Smart-016-346099,Mobile,+855016346099
Smart-016-346100,Mobile,+855016346100
Smart-016-346101,Mobile,+855016346101
Smart-016-346102,Mobile,+855016346102
Smart-016-346103,Mobile,+855016346103
Smart-016-346104,Mobile,+855016346104
Smart-016-346105,Mobile,+855016346105
Smart-016-346106,Mobile,+855016346106
Smart-016-346107,Mobile,+855016346107
Smart-016-346108,Mobile,+855016346108
Smart-016-346109,Mobile,+855016346109
Smart-016-346110,Mobile,+855016346110
Smart-016-346111,Mobile,+855016346111
Smart-016-346112,Mobile,+855016346112
Smart-016-346113,Mobile,+855016346113
Smart-016-346114,Mobile,+855016346114
Smart-016-346115,Mobile,+855016346115
Smart-016-346116,Mobile,+855016346116
Smart-016-346117,Mobile,+855016346117
Smart-016-346118,Mobile,+855016346118
Smart-016-346119,Mobile,+855016346119
Smart-016-346120,Mobile,+855016346120
Smart-016-346121,Mobile,+855016346121
Smart-016-346122,Mobile,+855016346122
Smart-016-346123,Mobile,+855016346123
Smart-016-346124,Mobile,+855016346124
Smart-016-346125,Mobile,+855016346125
Smart-016-346126,Mobile,+855016346126
Smart-016-346127,Mobile,+855016346127
Smart-016-346128,Mobile,+855016346128
Smart-016-346129,Mobile,+855016346129
Smart-016-346130,Mobile,+855016346130
Smart-016-346131,Mobile,+855016346131
Smart-016-346132,Mobile,+855016346132
Smart-016-346133,Mobile,+855016346133
Smart-016-346134,Mobile,+855016346134
Smart-016-346135,Mobile,+855016346135
Smart-016-346136,Mobile,+855016346136
Smart-016-346137,Mobile,+855016346137
Smart-016-346138,Mobile,+855016346138
Smart-016-346139,Mobile,+855016346139
Smart-016-346140,Mobile,+855016346140
Smart-016-346141,Mobile,+855016346141
Smart-016-346142,Mobile,+855016346142
Smart-016-346143,Mobile,+855016346143
Smart-016-346144,Mobile,+855016346144
Smart-016-346145,Mobile,+855016346145
Smart-016-346146,Mobile,+855016346146
Smart-016-346147,Mobile,+855016346147
Smart-016-346148,Mobile,+855016346148
Smart-016-346149,Mobile,+855016346149
Smart-016-346150,Mobile,+855016346150
Smart-016-346151,Mobile,+855016346151
Smart-016-346152,Mobile,+855016346152
Smart-016-346153,Mobile,+855016346153
Smart-016-346154,Mobile,+855016346154
Smart-016-346155,Mobile,+855016346155
Smart-016-346156,Mobile,+855016346156
Smart-016-346157,Mobile,+855016346157
Smart-016-346158,Mobile,+855016346158
Smart-016-346159,Mobile,+855016346159
Smart-016-346160,Mobile,+855016346160
Smart-016-346161,Mobile,+855016346161
Smart-016-346162,Mobile,+855016346162
Smart-016-346163,Mobile,+855016346163
Smart-016-346164,Mobile,+855016346164
Smart-016-346165,Mobile,+855016346165
Smart-016-346166,Mobile,+855016346166
Smart-016-346167,Mobile,+855016346167
Smart-016-346168,Mobile,+855016346168
Smart-016-346169,Mobile,+855016346169
Smart-016-346170,Mobile,+855016346170
Smart-016-346171,Mobile,+855016346171
Smart-016-346172,Mobile,+855016346172
Smart-016-346173,Mobile,+855016346173
Smart-016-346174,Mobile,+855016346174
Smart-016-346175,Mobile,+855016346175
Smart-016-346176,Mobile,+855016346176
Smart-016-346177,Mobile,+855016346177
Smart-016-346178,Mobile,+855016346178
Smart-016-346179,Mobile,+855016346179
Smart-016-346180,Mobile,+855016346180
Smart-016-346181,Mobile,+855016346181
Smart-016-346182,Mobile,+855016346182
Smart-016-346183,Mobile,+855016346183
Smart-016-346184,Mobile,+855016346184
Smart-016-346185,Mobile,+855016346185
Smart-016-346186,Mobile,+855016346186
Smart-016-346187,Mobile,+855016346187
Smart-016-346188,Mobile,+855016346188
Smart-016-346189,Mobile,+855016346189
Smart-016-346190,Mobile,+855016346190
Smart-016-346191,Mobile,+855016346191
Smart-016-346192,Mobile,+855016346192
Smart-016-346193,Mobile,+855016346193
Smart-016-346194,Mobile,+855016346194
Smart-016-346195,Mobile,+855016346195
Smart-016-346196,Mobile,+855016346196
Smart-016-346197,Mobile,+855016346197
Smart-016-346198,Mobile,+855016346198
Smart-016-346199,Mobile,+855016346199
Smart-016-346200,Mobile,+855016346200
Smart-016-346201,Mobile,+855016346201
Smart-016-346202,Mobile,+855016346202
Smart-016-346203,Mobile,+855016346203
Smart-016-346204,Mobile,+855016346204
Smart-016-346205,Mobile,+855016346205
Smart-016-346206,Mobile,+855016346206
Smart-016-346207,Mobile,+855016346207
Smart-016-346208,Mobile,+855016346208
Smart-016-346209,Mobile,+855016346209
Smart-016-346210,Mobile,+855016346210
Smart-016-346211,Mobile,+855016346211
Smart-016-346212,Mobile,+855016346212
Smart-016-346213,Mobile,+855016346213
Smart-016-346214,Mobile,+855016346214
Smart-016-346215,Mobile,+855016346215
Smart-016-346216,Mobile,+855016346216
Smart-016-346217,Mobile,+855016346217
Smart-016-346218,Mobile,+855016346218
Smart-016-346219,Mobile,+855016346219
Smart-016-346220,Mobile,+855016346220
Smart-016-346221,Mobile,+855016346221
Smart-016-346222,Mobile,+855016346222
Smart-016-346223,Mobile,+855016346223
Smart-016-346224,Mobile,+855016346224
Smart-016-346225,Mobile,+855016346225
Smart-016-346226,Mobile,+855016346226
Smart-016-346227,Mobile,+855016346227
Smart-016-346228,Mobile,+855016346228
Smart-016-346229,Mobile,+855016346229
Smart-016-346230,Mobile,+855016346230
Smart-016-346231,Mobile,+855016346231
Smart-016-346232,Mobile,+855016346232
Smart-016-346233,Mobile,+855016346233
Smart-016-346234,Mobile,+855016346234
Smart-016-346235,Mobile,+855016346235
Smart-016-346236,Mobile,+855016346236
Smart-016-346237,Mobile,+855016346237
Smart-016-346238,Mobile,+855016346238
Smart-016-346239,Mobile,+855016346239
Smart-016-346240,Mobile,+855016346240
Smart-016-346241,Mobile,+855016346241
Smart-016-346242,Mobile,+855016346242
Smart-016-346243,Mobile,+855016346243
Smart-016-346244,Mobile,+855016346244
Smart-016-346245,Mobile,+855016346245
Smart-016-346246,Mobile,+855016346246
Smart-016-346247,Mobile,+855016346247
Smart-016-346248,Mobile,+855016346248
Smart-016-346249,Mobile,+855016346249
Smart-016-346250,Mobile,+855016346250
Smart-016-346251,Mobile,+855016346251
Smart-016-346252,Mobile,+855016346252
Smart-016-346253,Mobile,+855016346253
Smart-016-346254,Mobile,+855016346254
Smart-016-346255,Mobile,+855016346255
Smart-016-346256,Mobile,+855016346256
Smart-016-346257,Mobile,+855016346257
Smart-016-346258,Mobile,+855016346258
Smart-016-346259,Mobile,+855016346259
Smart-016-346260,Mobile,+855016346260
Smart-016-346261,Mobile,+855016346261
Smart-016-346262,Mobile,+855016346262
Smart-016-346263,Mobile,+855016346263
Smart-016-346264,Mobile,+855016346264
Smart-016-346265,Mobile,+855016346265
Smart-016-346266,Mobile,+855016346266
Smart-016-346267,Mobile,+855016346267
Smart-016-346268,Mobile,+855016346268
Smart-016-346269,Mobile,+855016346269
Smart-016-346270,Mobile,+855016346270
Smart-016-346271,Mobile,+855016346271
Smart-016-346272,Mobile,+855016346272
Smart-016-346273,Mobile,+855016346273
Smart-016-346274,Mobile,+855016346274
Smart-016-346275,Mobile,+855016346275
Smart-016-346276,Mobile,+855016346276
Smart-016-346277,Mobile,+855016346277
Smart-016-346278,Mobile,+855016346278
Smart-016-346279,Mobile,+855016346279
Smart-016-346280,Mobile,+855016346280
Smart-016-346281,Mobile,+855016346281
Smart-016-346282,Mobile,+855016346282
Smart-016-346283,Mobile,+855016346283
Smart-016-346284,Mobile,+855016346284
Smart-016-346285,Mobile,+855016346285
Smart-016-346286,Mobile,+855016346286
Smart-016-346287,Mobile,+855016346287
Smart-016-346288,Mobile,+855016346288
Smart-016-346289,Mobile,+855016346289
Smart-016-346290,Mobile,+855016346290
Smart-016-346291,Mobile,+855016346291
Smart-016-346292,Mobile,+855016346292
Smart-016-346293,Mobile,+855016346293
Smart-016-346294,Mobile,+855016346294
Smart-016-346295,Mobile,+855016346295
Smart-016-346296,Mobile,+855016346296
Smart-016-346297,Mobile,+855016346297
Smart-016-346298,Mobile,+855016346298
Smart-016-346299,Mobile,+855016346299
Smart-016-346300,Mobile,+855016346300
Smart-016-346301,Mobile,+855016346301
Smart-016-346302,Mobile,+855016346302
Smart-016-346303,Mobile,+855016346303
Smart-016-346304,Mobile,+855016346304
Smart-016-346305,Mobile,+855016346305
Smart-016-346306,Mobile,+855016346306
Smart-016-346307,Mobile,+855016346307
Smart-016-346308,Mobile,+855016346308
Smart-016-346309,Mobile,+855016346309
Smart-016-346310,Mobile,+855016346310
Smart-016-346311,Mobile,+855016346311
Smart-016-346312,Mobile,+855016346312
Smart-016-346313,Mobile,+855016346313
Smart-016-346314,Mobile,+855016346314
Smart-016-346315,Mobile,+855016346315
Smart-016-346316,Mobile,+855016346316
Smart-016-346317,Mobile,+855016346317
Smart-016-346318,Mobile,+855016346318
Smart-016-346319,Mobile,+855016346319
Smart-016-346320,Mobile,+855016346320
Smart-016-346321,Mobile,+855016346321
Smart-016-346322,Mobile,+855016346322
Smart-016-346323,Mobile,+855016346323
Smart-016-346324,Mobile,+855016346324
Smart-016-346325,Mobile,+855016346325
Smart-016-346326,Mobile,+855016346326
Smart-016-346327,Mobile,+855016346327
Smart-016-346328,Mobile,+855016346328
Smart-016-346329,Mobile,+855016346329
Smart-016-346330,Mobile,+855016346330
Smart-016-346331,Mobile,+855016346331
Smart-016-346332,Mobile,+855016346332
Smart-016-346333,Mobile,+855016346333
Smart-016-346334,Mobile,+855016346334
Smart-016-346335,Mobile,+855016346335
Smart-016-346336,Mobile,+855016346336
Smart-016-346337,Mobile,+855016346337
Smart-016-346338,Mobile,+855016346338
Smart-016-346339,Mobile,+855016346339
Smart-016-346340,Mobile,+855016346340
Smart-016-346341,Mobile,+855016346341
Smart-016-346342,Mobile,+855016346342
Smart-016-346343,Mobile,+855016346343
Smart-016-346344,Mobile,+855016346344
Smart-016-346345,Mobile,+855016346345
Smart-016-346346,Mobile,+855016346346
Smart-016-346347,Mobile,+855016346347
Smart-016-346348,Mobile,+855016346348
Smart-016-346349,Mobile,+855016346349
Smart-016-346350,Mobile,+855016346350
Smart-016-346351,Mobile,+855016346351
Smart-016-346352,Mobile,+855016346352
Smart-016-346353,Mobile,+855016346353
Smart-016-346354,Mobile,+855016346354
Smart-016-346355,Mobile,+855016346355
Smart-016-346356,Mobile,+855016346356
Smart-016-346357,Mobile,+855016346357
Smart-016-346358,Mobile,+855016346358
Smart-016-346359,Mobile,+855016346359
Smart-016-346360,Mobile,+855016346360
Smart-016-346361,Mobile,+855016346361
Smart-016-346362,Mobile,+855016346362
Smart-016-346363,Mobile,+855016346363
Smart-016-346364,Mobile,+855016346364
Smart-016-346365,Mobile,+855016346365
Smart-016-346366,Mobile,+855016346366
Smart-016-346367,Mobile,+855016346367
Smart-016-346368,Mobile,+855016346368
Smart-016-346369,Mobile,+855016346369
Smart-016-346370,Mobile,+855016346370
Smart-016-346371,Mobile,+855016346371
Smart-016-346372,Mobile,+855016346372
Smart-016-346373,Mobile,+855016346373
Smart-016-346374,Mobile,+855016346374
Smart-016-346375,Mobile,+855016346375
Smart-016-346376,Mobile,+855016346376
Smart-016-346377,Mobile,+855016346377
Smart-016-346378,Mobile,+855016346378
Smart-016-346379,Mobile,+855016346379
Smart-016-346380,Mobile,+855016346380
Smart-016-346381,Mobile,+855016346381
Smart-016-346382,Mobile,+855016346382
Smart-016-346383,Mobile,+855016346383
Smart-016-346384,Mobile,+855016346384
Smart-016-346385,Mobile,+855016346385
Smart-016-346386,Mobile,+855016346386
Smart-016-346387,Mobile,+855016346387
Smart-016-346388,Mobile,+855016346388
Smart-016-346389,Mobile,+855016346389
Smart-016-346390,Mobile,+855016346390
Smart-016-346391,Mobile,+855016346391
Smart-016-346392,Mobile,+855016346392
Smart-016-346393,Mobile,+855016346393
Smart-016-346394,Mobile,+855016346394
Smart-016-346395,Mobile,+855016346395
Smart-016-346396,Mobile,+855016346396
Smart-016-346397,Mobile,+855016346397
Smart-016-346398,Mobile,+855016346398
Smart-016-346399,Mobile,+855016346399
Smart-016-346400,Mobile,+855016346400
Smart-016-346401,Mobile,+855016346401
Smart-016-346402,Mobile,+855016346402
Smart-016-346403,Mobile,+855016346403
Smart-016-346404,Mobile,+855016346404
Smart-016-346405,Mobile,+855016346405
Smart-016-346406,Mobile,+855016346406
Smart-016-346407,Mobile,+855016346407
Smart-016-346408,Mobile,+855016346408
Smart-016-346409,Mobile,+855016346409
Smart-016-346410,Mobile,+855016346410
Smart-016-346411,Mobile,+855016346411
Smart-016-346412,Mobile,+855016346412
Smart-016-346413,Mobile,+855016346413
Smart-016-346414,Mobile,+855016346414
Smart-016-346415,Mobile,+855016346415
Smart-016-346416,Mobile,+855016346416
Smart-016-346417,Mobile,+855016346417
Smart-016-346418,Mobile,+855016346418
Smart-016-346419,Mobile,+855016346419
Smart-016-346420,Mobile,+855016346420
Smart-016-346421,Mobile,+855016346421
Smart-016-346422,Mobile,+855016346422
Smart-016-346423,Mobile,+855016346423
Smart-016-346424,Mobile,+855016346424
Smart-016-346425,Mobile,+855016346425
Smart-016-346426,Mobile,+855016346426
Smart-016-346427,Mobile,+855016346427
Smart-016-346428,Mobile,+855016346428
Smart-016-346429,Mobile,+855016346429
Smart-016-346430,Mobile,+855016346430
Smart-016-346431,Mobile,+855016346431
Smart-016-346432,Mobile,+855016346432
Smart-016-346433,Mobile,+855016346433
Smart-016-346434,Mobile,+855016346434
Smart-016-346435,Mobile,+855016346435
Smart-016-346436,Mobile,+855016346436
Smart-016-346437,Mobile,+855016346437
Smart-016-346438,Mobile,+855016346438
Smart-016-346439,Mobile,+855016346439
Smart-016-346440,Mobile,+855016346440
Smart-016-346441,Mobile,+855016346441
Smart-016-346442,Mobile,+855016346442
Smart-016-346443,Mobile,+855016346443
Smart-016-346444,Mobile,+855016346444
Smart-016-346445,Mobile,+855016346445
Smart-016-346446,Mobile,+855016346446
Smart-016-346447,Mobile,+855016346447
Smart-016-346448,Mobile,+855016346448
Smart-016-346449,Mobile,+855016346449
Smart-016-346450,Mobile,+855016346450
Smart-016-346451,Mobile,+855016346451
Smart-016-346452,Mobile,+855016346452
Smart-016-346453,Mobile,+855016346453
Smart-016-346454,Mobile,+855016346454
Smart-016-346455,Mobile,+855016346455
Smart-016-346456,Mobile,+855016346456
Smart-016-346457,Mobile,+855016346457
Smart-016-346458,Mobile,+855016346458
Smart-016-346459,Mobile,+855016346459
Smart-016-346460,Mobile,+855016346460
Smart-016-346461,Mobile,+855016346461
Smart-016-346462,Mobile,+855016346462
Smart-016-346463,Mobile,+855016346463
Smart-016-346464,Mobile,+855016346464
Smart-016-346465,Mobile,+855016346465
Smart-016-346466,Mobile,+855016346466
Smart-016-346467,Mobile,+855016346467
Smart-016-346468,Mobile,+855016346468
Smart-016-346469,Mobile,+855016346469
Smart-016-346470,Mobile,+855016346470
Smart-016-346471,Mobile,+855016346471
Smart-016-346472,Mobile,+855016346472
Smart-016-346473,Mobile,+855016346473
Smart-016-346474,Mobile,+855016346474
Smart-016-346475,Mobile,+855016346475
Smart-016-346476,Mobile,+855016346476
Smart-016-346477,Mobile,+855016346477
Smart-016-346478,Mobile,+855016346478
Smart-016-346479,Mobile,+855016346479
Smart-016-346480,Mobile,+855016346480
Smart-016-346481,Mobile,+855016346481
Smart-016-346482,Mobile,+855016346482
Smart-016-346483,Mobile,+855016346483
Smart-016-346484,Mobile,+855016346484
Smart-016-346485,Mobile,+855016346485
Smart-016-346486,Mobile,+855016346486
Smart-016-346487,Mobile,+855016346487
Smart-016-346488,Mobile,+855016346488
Smart-016-346489,Mobile,+855016346489
Smart-016-346490,Mobile,+855016346490
Smart-016-346491,Mobile,+855016346491
Smart-016-346492,Mobile,+855016346492
Smart-016-346493,Mobile,+855016346493
Smart-016-346494,Mobile,+855016346494
Smart-016-346495,Mobile,+855016346495
Smart-016-346496,Mobile,+855016346496
Smart-016-346497,Mobile,+855016346497
Smart-016-346498,Mobile,+855016346498
Smart-016-346499,Mobile,+855016346499
Smart-016-346500,Mobile,+855016346500
Smart-016-346501,Mobile,+855016346501
Smart-016-346502,Mobile,+855016346502
Smart-016-346503,Mobile,+855016346503
Smart-016-346504,Mobile,+855016346504
Smart-016-346505,Mobile,+855016346505
Smart-016-346506,Mobile,+855016346506
Smart-016-346507,Mobile,+855016346507
Smart-016-346508,Mobile,+855016346508
Smart-016-346509,Mobile,+855016346509
Smart-016-346510,Mobile,+855016346510
Smart-016-346511,Mobile,+855016346511
Smart-016-346512,Mobile,+855016346512
Smart-016-346513,Mobile,+855016346513
Smart-016-346514,Mobile,+855016346514
Smart-016-346515,Mobile,+855016346515
Smart-016-346516,Mobile,+855016346516
Smart-016-346517,Mobile,+855016346517
Smart-016-346518,Mobile,+855016346518
Smart-016-346519,Mobile,+855016346519
Smart-016-346520,Mobile,+855016346520
Smart-016-346521,Mobile,+855016346521
Smart-016-346522,Mobile,+855016346522
Smart-016-346523,Mobile,+855016346523
Smart-016-346524,Mobile,+855016346524
Smart-016-346525,Mobile,+855016346525
Smart-016-346526,Mobile,+855016346526
Smart-016-346527,Mobile,+855016346527
Smart-016-346528,Mobile,+855016346528
Smart-016-346529,Mobile,+855016346529
Smart-016-346530,Mobile,+855016346530
Smart-016-346531,Mobile,+855016346531
Smart-016-346532,Mobile,+855016346532
Smart-016-346533,Mobile,+855016346533
Smart-016-346534,Mobile,+855016346534
Smart-016-346535,Mobile,+855016346535
Smart-016-346536,Mobile,+855016346536
Smart-016-346537,Mobile,+855016346537
Smart-016-346538,Mobile,+855016346538
Smart-016-346539,Mobile,+855016346539
Smart-016-346540,Mobile,+855016346540
Smart-016-346541,Mobile,+855016346541
Smart-016-346542,Mobile,+855016346542
Smart-016-346543,Mobile,+855016346543
Smart-016-346544,Mobile,+855016346544
Smart-016-346545,Mobile,+855016346545
Smart-016-346546,Mobile,+855016346546
Smart-016-346547,Mobile,+855016346547
Smart-016-346548,Mobile,+855016346548
Smart-016-346549,Mobile,+855016346549
Smart-016-346550,Mobile,+855016346550
Smart-016-346551,Mobile,+855016346551
Smart-016-346552,Mobile,+855016346552
Smart-016-346553,Mobile,+855016346553
Smart-016-346554,Mobile,+855016346554
Smart-016-346555,Mobile,+855016346555
Smart-016-346556,Mobile,+855016346556
Smart-016-346557,Mobile,+855016346557
Smart-016-346558,Mobile,+855016346558
Smart-016-346559,Mobile,+855016346559
Smart-016-346560,Mobile,+855016346560
Smart-016-346561,Mobile,+855016346561
Smart-016-346562,Mobile,+855016346562
Smart-016-346563,Mobile,+855016346563
Smart-016-346564,Mobile,+855016346564
Smart-016-346565,Mobile,+855016346565
Smart-016-346566,Mobile,+855016346566
Smart-016-346567,Mobile,+855016346567
Smart-016-346568,Mobile,+855016346568
Smart-016-346569,Mobile,+855016346569
Smart-016-346570,Mobile,+855016346570
Smart-016-346571,Mobile,+855016346571
Smart-016-346572,Mobile,+855016346572
Smart-016-346573,Mobile,+855016346573
Smart-016-346574,Mobile,+855016346574
Smart-016-346575,Mobile,+855016346575
Smart-016-346576,Mobile,+855016346576
Smart-016-346577,Mobile,+855016346577
Smart-016-346578,Mobile,+855016346578
Smart-016-346579,Mobile,+855016346579
Smart-016-346580,Mobile,+855016346580
Smart-016-346581,Mobile,+855016346581
Smart-016-346582,Mobile,+855016346582
Smart-016-346583,Mobile,+855016346583
Smart-016-346584,Mobile,+855016346584
Smart-016-346585,Mobile,+855016346585
Smart-016-346586,Mobile,+855016346586
Smart-016-346587,Mobile,+855016346587
Smart-016-346588,Mobile,+855016346588
Smart-016-346589,Mobile,+855016346589
Smart-016-346590,Mobile,+855016346590
Smart-016-346591,Mobile,+855016346591
Smart-016-346592,Mobile,+855016346592
Smart-016-346593,Mobile,+855016346593
Smart-016-346594,Mobile,+855016346594
Smart-016-346595,Mobile,+855016346595
Smart-016-346596,Mobile,+855016346596
Smart-016-346597,Mobile,+855016346597
Smart-016-346598,Mobile,+855016346598
Smart-016-346599,Mobile,+855016346599
Smart-016-346600,Mobile,+855016346600
Smart-016-346601,Mobile,+855016346601
Smart-016-346602,Mobile,+855016346602
Smart-016-346603,Mobile,+855016346603
Smart-016-346604,Mobile,+855016346604
Smart-016-346605,Mobile,+855016346605
Smart-016-346606,Mobile,+855016346606
Smart-016-346607,Mobile,+855016346607
Smart-016-346608,Mobile,+855016346608
Smart-016-346609,Mobile,+855016346609
Smart-016-346610,Mobile,+855016346610
Smart-016-346611,Mobile,+855016346611
Smart-016-346612,Mobile,+855016346612
Smart-016-346613,Mobile,+855016346613
Smart-016-346614,Mobile,+855016346614
Smart-016-346615,Mobile,+855016346615
Smart-016-346616,Mobile,+855016346616
Smart-016-346617,Mobile,+855016346617
Smart-016-346618,Mobile,+855016346618
Smart-016-346619,Mobile,+855016346619
Smart-016-346620,Mobile,+855016346620
Smart-016-346621,Mobile,+855016346621
Smart-016-346622,Mobile,+855016346622
Smart-016-346623,Mobile,+855016346623
Smart-016-346624,Mobile,+855016346624
Smart-016-346625,Mobile,+855016346625
Smart-016-346626,Mobile,+855016346626
Smart-016-346627,Mobile,+855016346627
Smart-016-346628,Mobile,+855016346628
Smart-016-346629,Mobile,+855016346629
Smart-016-346630,Mobile,+855016346630
Smart-016-346631,Mobile,+855016346631
Smart-016-346632,Mobile,+855016346632
Smart-016-346633,Mobile,+855016346633
Smart-016-346634,Mobile,+855016346634
Smart-016-346635,Mobile,+855016346635
Smart-016-346636,Mobile,+855016346636
Smart-016-346637,Mobile,+855016346637
Smart-016-346638,Mobile,+855016346638
Smart-016-346639,Mobile,+855016346639
Smart-016-346640,Mobile,+855016346640
Smart-016-346641,Mobile,+855016346641
Smart-016-346642,Mobile,+855016346642
Smart-016-346643,Mobile,+855016346643
Smart-016-346644,Mobile,+855016346644
Smart-016-346645,Mobile,+855016346645
Smart-016-346646,Mobile,+855016346646
Smart-016-346647,Mobile,+855016346647
Smart-016-346648,Mobile,+855016346648
Smart-016-346649,Mobile,+855016346649
Smart-016-346650,Mobile,+855016346650
Smart-016-346651,Mobile,+855016346651
Smart-016-346652,Mobile,+855016346652
Smart-016-346653,Mobile,+855016346653
Smart-016-346654,Mobile,+855016346654
Smart-016-346655,Mobile,+855016346655
Smart-016-346656,Mobile,+855016346656
Smart-016-346657,Mobile,+855016346657
Smart-016-346658,Mobile,+855016346658
Smart-016-346659,Mobile,+855016346659
Smart-016-346660,Mobile,+855016346660
Smart-016-346661,Mobile,+855016346661
Smart-016-346662,Mobile,+855016346662
Smart-016-346663,Mobile,+855016346663
Smart-016-346664,Mobile,+855016346664
Smart-016-346665,Mobile,+855016346665
Smart-016-346666,Mobile,+855016346666
Smart-016-346667,Mobile,+855016346667
Smart-016-346668,Mobile,+855016346668
Smart-016-346669,Mobile,+855016346669
Smart-016-346670,Mobile,+855016346670
Smart-016-346671,Mobile,+855016346671
Smart-016-346672,Mobile,+855016346672
Smart-016-346673,Mobile,+855016346673
Smart-016-346674,Mobile,+855016346674
Smart-016-346675,Mobile,+855016346675
Smart-016-346676,Mobile,+855016346676
Smart-016-346677,Mobile,+855016346677
Smart-016-346678,Mobile,+855016346678
Smart-016-346679,Mobile,+855016346679
Smart-016-346680,Mobile,+855016346680
Smart-016-346681,Mobile,+855016346681
Smart-016-346682,Mobile,+855016346682
Smart-016-346683,Mobile,+855016346683
Smart-016-346684,Mobile,+855016346684
Smart-016-346685,Mobile,+855016346685
Smart-016-346686,Mobile,+855016346686
Smart-016-346687,Mobile,+855016346687
Smart-016-346688,Mobile,+855016346688
Smart-016-346689,Mobile,+855016346689
Smart-016-346690,Mobile,+855016346690
Smart-016-346691,Mobile,+855016346691
Smart-016-346692,Mobile,+855016346692
Smart-016-346693,Mobile,+855016346693
Smart-016-346694,Mobile,+855016346694
Smart-016-346695,Mobile,+855016346695
Smart-016-346696,Mobile,+855016346696
Smart-016-346697,Mobile,+855016346697
Smart-016-346698,Mobile,+855016346698
Smart-016-346699,Mobile,+855016346699
Smart-016-346700,Mobile,+855016346700
Smart-016-346701,Mobile,+855016346701
Smart-016-346702,Mobile,+855016346702
Smart-016-346703,Mobile,+855016346703
Smart-016-346704,Mobile,+855016346704
Smart-016-346705,Mobile,+855016346705
Smart-016-346706,Mobile,+855016346706
Smart-016-346707,Mobile,+855016346707
Smart-016-346708,Mobile,+855016346708
Smart-016-346709,Mobile,+855016346709
Smart-016-346710,Mobile,+855016346710
Smart-016-346711,Mobile,+855016346711
Smart-016-346712,Mobile,+855016346712
Smart-016-346713,Mobile,+855016346713
Smart-016-346714,Mobile,+855016346714
Smart-016-346715,Mobile,+855016346715
Smart-016-346716,Mobile,+855016346716
Smart-016-346717,Mobile,+855016346717
Smart-016-346718,Mobile,+855016346718
Smart-016-346719,Mobile,+855016346719
Smart-016-346720,Mobile,+855016346720
Smart-016-346721,Mobile,+855016346721
Smart-016-346722,Mobile,+855016346722
Smart-016-346723,Mobile,+855016346723
Smart-016-346724,Mobile,+855016346724
Smart-016-346725,Mobile,+855016346725
Smart-016-346726,Mobile,+855016346726
Smart-016-346727,Mobile,+855016346727
Smart-016-346728,Mobile,+855016346728
Smart-016-346729,Mobile,+855016346729
Smart-016-346730,Mobile,+855016346730
Smart-016-346731,Mobile,+855016346731
Smart-016-346732,Mobile,+855016346732
Smart-016-346733,Mobile,+855016346733
Smart-016-346734,Mobile,+855016346734
Smart-016-346735,Mobile,+855016346735
Smart-016-346736,Mobile,+855016346736
Smart-016-346737,Mobile,+855016346737
Smart-016-346738,Mobile,+855016346738
Smart-016-346739,Mobile,+855016346739
Smart-016-346740,Mobile,+855016346740
Smart-016-346741,Mobile,+855016346741
Smart-016-346742,Mobile,+855016346742
Smart-016-346743,Mobile,+855016346743
Smart-016-346744,Mobile,+855016346744
Smart-016-346745,Mobile,+855016346745
Smart-016-346746,Mobile,+855016346746
Smart-016-346747,Mobile,+855016346747
Smart-016-346748,Mobile,+855016346748
Smart-016-346749,Mobile,+855016346749
Smart-016-346750,Mobile,+855016346750
Smart-016-346751,Mobile,+855016346751
Smart-016-346752,Mobile,+855016346752
Smart-016-346753,Mobile,+855016346753
Smart-016-346754,Mobile,+855016346754
Smart-016-346755,Mobile,+855016346755
Smart-016-346756,Mobile,+855016346756
Smart-016-346757,Mobile,+855016346757
Smart-016-346758,Mobile,+855016346758
Smart-016-346759,Mobile,+855016346759
Smart-016-346760,Mobile,+855016346760
Smart-016-346761,Mobile,+855016346761
Smart-016-346762,Mobile,+855016346762
Smart-016-346763,Mobile,+855016346763
Smart-016-346764,Mobile,+855016346764
Smart-016-346765,Mobile,+855016346765
Smart-016-346766,Mobile,+855016346766
Smart-016-346767,Mobile,+855016346767
Smart-016-346768,Mobile,+855016346768
Smart-016-346769,Mobile,+855016346769
Smart-016-346770,Mobile,+855016346770
Smart-016-346771,Mobile,+855016346771
Smart-016-346772,Mobile,+855016346772
Smart-016-346773,Mobile,+855016346773
Smart-016-346774,Mobile,+855016346774
Smart-016-346775,Mobile,+855016346775
Smart-016-346776,Mobile,+855016346776
Smart-016-346777,Mobile,+855016346777
Smart-016-346778,Mobile,+855016346778
Smart-016-346779,Mobile,+855016346779
Smart-016-346780,Mobile,+855016346780
Smart-016-346781,Mobile,+855016346781
Smart-016-346782,Mobile,+855016346782
Smart-016-346783,Mobile,+855016346783
Smart-016-346784,Mobile,+855016346784
Smart-016-346785,Mobile,+855016346785
Smart-016-346786,Mobile,+855016346786
Smart-016-346787,Mobile,+855016346787
Smart-016-346788,Mobile,+855016346788
Smart-016-346789,Mobile,+855016346789
Smart-016-346790,Mobile,+855016346790
Smart-016-346791,Mobile,+855016346791
Smart-016-346792,Mobile,+855016346792
Smart-016-346793,Mobile,+855016346793
Smart-016-346794,Mobile,+855016346794
Smart-016-346795,Mobile,+855016346795
Smart-016-346796,Mobile,+855016346796
Smart-016-346797,Mobile,+855016346797
Smart-016-346798,Mobile,+855016346798
Smart-016-346799,Mobile,+855016346799
Smart-016-346800,Mobile,+855016346800
Smart-016-346801,Mobile,+855016346801
Smart-016-346802,Mobile,+855016346802
Smart-016-346803,Mobile,+855016346803
Smart-016-346804,Mobile,+855016346804
Smart-016-346805,Mobile,+855016346805
Smart-016-346806,Mobile,+855016346806
Smart-016-346807,Mobile,+855016346807
Smart-016-346808,Mobile,+855016346808
Smart-016-346809,Mobile,+855016346809
Smart-016-346810,Mobile,+855016346810
Smart-016-346811,Mobile,+855016346811
Smart-016-346812,Mobile,+855016346812
Smart-016-346813,Mobile,+855016346813
Smart-016-346814,Mobile,+855016346814
Smart-016-346815,Mobile,+855016346815
Smart-016-346816,Mobile,+855016346816
Smart-016-346817,Mobile,+855016346817
Smart-016-346818,Mobile,+855016346818
Smart-016-346819,Mobile,+855016346819
Smart-016-346820,Mobile,+855016346820
Smart-016-346821,Mobile,+855016346821
Smart-016-346822,Mobile,+855016346822
Smart-016-346823,Mobile,+855016346823
Smart-016-346824,Mobile,+855016346824
Smart-016-346825,Mobile,+855016346825
Smart-016-346826,Mobile,+855016346826
Smart-016-346827,Mobile,+855016346827
Smart-016-346828,Mobile,+855016346828
Smart-016-346829,Mobile,+855016346829
Smart-016-346830,Mobile,+855016346830
Smart-016-346831,Mobile,+855016346831
Smart-016-346832,Mobile,+855016346832
Smart-016-346833,Mobile,+855016346833
Smart-016-346834,Mobile,+855016346834
Smart-016-346835,Mobile,+855016346835
Smart-016-346836,Mobile,+855016346836
Smart-016-346837,Mobile,+855016346837
Smart-016-346838,Mobile,+855016346838
Smart-016-346839,Mobile,+855016346839
Smart-016-346840,Mobile,+855016346840
Smart-016-346841,Mobile,+855016346841
Smart-016-346842,Mobile,+855016346842
Smart-016-346843,Mobile,+855016346843
Smart-016-346844,Mobile,+855016346844
Smart-016-346845,Mobile,+855016346845
Smart-016-346846,Mobile,+855016346846
Smart-016-346847,Mobile,+855016346847
Smart-016-346848,Mobile,+855016346848
Smart-016-346849,Mobile,+855016346849
Smart-016-346850,Mobile,+855016346850
Smart-016-346851,Mobile,+855016346851
Smart-016-346852,Mobile,+855016346852
Smart-016-346853,Mobile,+855016346853
Smart-016-346854,Mobile,+855016346854
Smart-016-346855,Mobile,+855016346855
Smart-016-346856,Mobile,+855016346856
Smart-016-346857,Mobile,+855016346857
Smart-016-346858,Mobile,+855016346858
Smart-016-346859,Mobile,+855016346859
Smart-016-346860,Mobile,+855016346860
Smart-016-346861,Mobile,+855016346861
Smart-016-346862,Mobile,+855016346862
Smart-016-346863,Mobile,+855016346863
Smart-016-346864,Mobile,+855016346864
Smart-016-346865,Mobile,+855016346865
Smart-016-346866,Mobile,+855016346866
Smart-016-346867,Mobile,+855016346867
Smart-016-346868,Mobile,+855016346868
Smart-016-346869,Mobile,+855016346869
Smart-016-346870,Mobile,+855016346870
Smart-016-346871,Mobile,+855016346871
Smart-016-346872,Mobile,+855016346872
Smart-016-346873,Mobile,+855016346873
Smart-016-346874,Mobile,+855016346874
Smart-016-346875,Mobile,+855016346875
Smart-016-346876,Mobile,+855016346876
Smart-016-346877,Mobile,+855016346877
Smart-016-346878,Mobile,+855016346878
Smart-016-346879,Mobile,+855016346879
Smart-016-346880,Mobile,+855016346880
Smart-016-346881,Mobile,+855016346881
Smart-016-346882,Mobile,+855016346882
Smart-016-346883,Mobile,+855016346883
Smart-016-346884,Mobile,+855016346884
Smart-016-346885,Mobile,+855016346885
Smart-016-346886,Mobile,+855016346886
Smart-016-346887,Mobile,+855016346887
Smart-016-346888,Mobile,+855016346888
Smart-016-346889,Mobile,+855016346889
Smart-016-346890,Mobile,+855016346890
Smart-016-346891,Mobile,+855016346891
Smart-016-346892,Mobile,+855016346892
Smart-016-346893,Mobile,+855016346893
Smart-016-346894,Mobile,+855016346894
Smart-016-346895,Mobile,+855016346895
Smart-016-346896,Mobile,+855016346896
Smart-016-346897,Mobile,+855016346897
Smart-016-346898,Mobile,+855016346898
Smart-016-346899,Mobile,+855016346899
Smart-016-346900,Mobile,+855016346900
Smart-016-346901,Mobile,+855016346901
Smart-016-346902,Mobile,+855016346902
Smart-016-346903,Mobile,+855016346903
Smart-016-346904,Mobile,+855016346904
Smart-016-346905,Mobile,+855016346905
Smart-016-346906,Mobile,+855016346906
Smart-016-346907,Mobile,+855016346907
Smart-016-346908,Mobile,+855016346908
Smart-016-346909,Mobile,+855016346909
Smart-016-346910,Mobile,+855016346910
Smart-016-346911,Mobile,+855016346911
Smart-016-346912,Mobile,+855016346912
Smart-016-346913,Mobile,+855016346913
Smart-016-346914,Mobile,+855016346914
Smart-016-346915,Mobile,+855016346915
Smart-016-346916,Mobile,+855016346916
Smart-016-346917,Mobile,+855016346917
Smart-016-346918,Mobile,+855016346918
Smart-016-346919,Mobile,+855016346919
Smart-016-346920,Mobile,+855016346920
Smart-016-346921,Mobile,+855016346921
Smart-016-346922,Mobile,+855016346922
Smart-016-346923,Mobile,+855016346923
Smart-016-346924,Mobile,+855016346924
Smart-016-346925,Mobile,+855016346925
Smart-016-346926,Mobile,+855016346926
Smart-016-346927,Mobile,+855016346927
Smart-016-346928,Mobile,+855016346928
Smart-016-346929,Mobile,+855016346929
Smart-016-346930,Mobile,+855016346930
Smart-016-346931,Mobile,+855016346931
Smart-016-346932,Mobile,+855016346932
Smart-016-346933,Mobile,+855016346933
Smart-016-346934,Mobile,+855016346934
Smart-016-346935,Mobile,+855016346935
Smart-016-346936,Mobile,+855016346936
Smart-016-346937,Mobile,+855016346937
Smart-016-346938,Mobile,+855016346938
Smart-016-346939,Mobile,+855016346939
Smart-016-346940,Mobile,+855016346940
Smart-016-346941,Mobile,+855016346941
Smart-016-346942,Mobile,+855016346942
Smart-016-346943,Mobile,+855016346943
Smart-016-346944,Mobile,+855016346944
Smart-016-346945,Mobile,+855016346945
Smart-016-346946,Mobile,+855016346946
Smart-016-346947,Mobile,+855016346947
Smart-016-346948,Mobile,+855016346948
Smart-016-346949,Mobile,+855016346949
Smart-016-346950,Mobile,+855016346950
Smart-016-346951,Mobile,+855016346951
Smart-016-346952,Mobile,+855016346952
Smart-016-346953,Mobile,+855016346953
Smart-016-346954,Mobile,+855016346954
Smart-016-346955,Mobile,+855016346955
Smart-016-346956,Mobile,+855016346956
Smart-016-346957,Mobile,+855016346957
Smart-016-346958,Mobile,+855016346958
Smart-016-346959,Mobile,+855016346959
Smart-016-346960,Mobile,+855016346960
Smart-016-346961,Mobile,+855016346961
Smart-016-346962,Mobile,+855016346962
Smart-016-346963,Mobile,+855016346963
Smart-016-346964,Mobile,+855016346964
Smart-016-346965,Mobile,+855016346965
Smart-016-346966,Mobile,+855016346966
Smart-016-346967,Mobile,+855016346967
Smart-016-346968,Mobile,+855016346968
Smart-016-346969,Mobile,+855016346969
Smart-016-346970,Mobile,+855016346970
Smart-016-346971,Mobile,+855016346971
Smart-016-346972,Mobile,+855016346972
Smart-016-346973,Mobile,+855016346973
Smart-016-346974,Mobile,+855016346974
Smart-016-346975,Mobile,+855016346975
Smart-016-346976,Mobile,+855016346976
Smart-016-346977,Mobile,+855016346977
Smart-016-346978,Mobile,+855016346978
Smart-016-346979,Mobile,+855016346979
Smart-016-346980,Mobile,+855016346980
Smart-016-346981,Mobile,+855016346981
Smart-016-346982,Mobile,+855016346982
Smart-016-346983,Mobile,+855016346983
Smart-016-346984,Mobile,+855016346984
Smart-016-346985,Mobile,+855016346985
Smart-016-346986,Mobile,+855016346986
Smart-016-346987,Mobile,+855016346987
Smart-016-346988,Mobile,+855016346988
Smart-016-346989,Mobile,+855016346989
Smart-016-346990,Mobile,+855016346990
Smart-016-346991,Mobile,+855016346991
Smart-016-346992,Mobile,+855016346992
Smart-016-346993,Mobile,+855016346993
Smart-016-346994,Mobile,+855016346994
Smart-016-346995,Mobile,+855016346995
Smart-016-346996,Mobile,+855016346996
Smart-016-346997,Mobile,+855016346997
Smart-016-346998,Mobile,+855016346998
Smart-016-346999,Mobile,+855016346999
Smart-016-347000,Mobile,+855016347000
Smart-016-347001,Mobile,+855016347001
Smart-016-347002,Mobile,+855016347002
Smart-016-347003,Mobile,+855016347003
Smart-016-347004,Mobile,+855016347004
Smart-016-347005,Mobile,+855016347005
Smart-016-347006,Mobile,+855016347006
Smart-016-347007,Mobile,+855016347007
Smart-016-347008,Mobile,+855016347008
Smart-016-347009,Mobile,+855016347009
Smart-016-347010,Mobile,+855016347010
Smart-016-347011,Mobile,+855016347011
Smart-016-347012,Mobile,+855016347012
Smart-016-347013,Mobile,+855016347013
Smart-016-347014,Mobile,+855016347014
Smart-016-347015,Mobile,+855016347015
Smart-016-347016,Mobile,+855016347016
Smart-016-347017,Mobile,+855016347017
Smart-016-347018,Mobile,+855016347018
Smart-016-347019,Mobile,+855016347019
Smart-016-347020,Mobile,+855016347020
Smart-016-347021,Mobile,+855016347021
Smart-016-347022,Mobile,+855016347022
Smart-016-347023,Mobile,+855016347023
Smart-016-347024,Mobile,+855016347024
Smart-016-347025,Mobile,+855016347025
Smart-016-347026,Mobile,+855016347026
Smart-016-347027,Mobile,+855016347027
Smart-016-347028,Mobile,+855016347028
Smart-016-347029,Mobile,+855016347029
Smart-016-347030,Mobile,+855016347030
Smart-016-347031,Mobile,+855016347031
Smart-016-347032,Mobile,+855016347032
Smart-016-347033,Mobile,+855016347033
Smart-016-347034,Mobile,+855016347034
Smart-016-347035,Mobile,+855016347035
Smart-016-347036,Mobile,+855016347036
Smart-016-347037,Mobile,+855016347037
Smart-016-347038,Mobile,+855016347038
Smart-016-347039,Mobile,+855016347039
Smart-016-347040,Mobile,+855016347040
Smart-016-347041,Mobile,+855016347041
Smart-016-347042,Mobile,+855016347042
Smart-016-347043,Mobile,+855016347043
Smart-016-347044,Mobile,+855016347044
Smart-016-347045,Mobile,+855016347045
Smart-016-347046,Mobile,+855016347046
Smart-016-347047,Mobile,+855016347047
Smart-016-347048,Mobile,+855016347048
Smart-016-347049,Mobile,+855016347049
Smart-016-347050,Mobile,+855016347050
Smart-016-347051,Mobile,+855016347051
Smart-016-347052,Mobile,+855016347052
Smart-016-347053,Mobile,+855016347053
Smart-016-347054,Mobile,+855016347054
Smart-016-347055,Mobile,+855016347055
Smart-016-347056,Mobile,+855016347056
Smart-016-347057,Mobile,+855016347057
Smart-016-347058,Mobile,+855016347058
Smart-016-347059,Mobile,+855016347059
Smart-016-347060,Mobile,+855016347060
Smart-016-347061,Mobile,+855016347061
Smart-016-347062,Mobile,+855016347062
Smart-016-347063,Mobile,+855016347063
Smart-016-347064,Mobile,+855016347064
Smart-016-347065,Mobile,+855016347065
Smart-016-347066,Mobile,+855016347066
Smart-016-347067,Mobile,+855016347067
Smart-016-347068,Mobile,+855016347068
Smart-016-347069,Mobile,+855016347069
Smart-016-347070,Mobile,+855016347070
Smart-016-347071,Mobile,+855016347071
Smart-016-347072,Mobile,+855016347072
Smart-016-347073,Mobile,+855016347073
Smart-016-347074,Mobile,+855016347074
Smart-016-347075,Mobile,+855016347075
Smart-016-347076,Mobile,+855016347076
Smart-016-347077,Mobile,+855016347077
Smart-016-347078,Mobile,+855016347078
Smart-016-347079,Mobile,+855016347079
Smart-016-347080,Mobile,+855016347080
Smart-016-347081,Mobile,+855016347081
Smart-016-347082,Mobile,+855016347082
Smart-016-347083,Mobile,+855016347083
Smart-016-347084,Mobile,+855016347084
Smart-016-347085,Mobile,+855016347085
Smart-016-347086,Mobile,+855016347086
Smart-016-347087,Mobile,+855016347087
Smart-016-347088,Mobile,+855016347088
Smart-016-347089,Mobile,+855016347089
Smart-016-347090,Mobile,+855016347090
Smart-016-347091,Mobile,+855016347091
Smart-016-347092,Mobile,+855016347092
Smart-016-347093,Mobile,+855016347093
Smart-016-347094,Mobile,+855016347094
Smart-016-347095,Mobile,+855016347095
Smart-016-347096,Mobile,+855016347096
Smart-016-347097,Mobile,+855016347097
Smart-016-347098,Mobile,+855016347098
Smart-016-347099,Mobile,+855016347099
Smart-016-347100,Mobile,+855016347100
Smart-016-347101,Mobile,+855016347101
Smart-016-347102,Mobile,+855016347102
Smart-016-347103,Mobile,+855016347103
Smart-016-347104,Mobile,+855016347104
Smart-016-347105,Mobile,+855016347105
Smart-016-347106,Mobile,+855016347106
Smart-016-347107,Mobile,+855016347107
Smart-016-347108,Mobile,+855016347108
Smart-016-347109,Mobile,+855016347109
Smart-016-347110,Mobile,+855016347110
Smart-016-347111,Mobile,+855016347111
Smart-016-347112,Mobile,+855016347112
Smart-016-347113,Mobile,+855016347113
Smart-016-347114,Mobile,+855016347114
Smart-016-347115,Mobile,+855016347115
Smart-016-347116,Mobile,+855016347116
Smart-016-347117,Mobile,+855016347117
Smart-016-347118,Mobile,+855016347118
Smart-016-347119,Mobile,+855016347119
Smart-016-347120,Mobile,+855016347120
Smart-016-347121,Mobile,+855016347121
Smart-016-347122,Mobile,+855016347122
Smart-016-347123,Mobile,+855016347123
Smart-016-347124,Mobile,+855016347124
Smart-016-347125,Mobile,+855016347125
Smart-016-347126,Mobile,+855016347126
Smart-016-347127,Mobile,+855016347127
Smart-016-347128,Mobile,+855016347128
Smart-016-347129,Mobile,+855016347129
Smart-016-347130,Mobile,+855016347130
Smart-016-347131,Mobile,+855016347131
Smart-016-347132,Mobile,+855016347132
Smart-016-347133,Mobile,+855016347133
Smart-016-347134,Mobile,+855016347134
Smart-016-347135,Mobile,+855016347135
Smart-016-347136,Mobile,+855016347136
Smart-016-347137,Mobile,+855016347137
Smart-016-347138,Mobile,+855016347138
Smart-016-347139,Mobile,+855016347139
Smart-016-347140,Mobile,+855016347140
Smart-016-347141,Mobile,+855016347141
Smart-016-347142,Mobile,+855016347142
Smart-016-347143,Mobile,+855016347143
Smart-016-347144,Mobile,+855016347144
Smart-016-347145,Mobile,+855016347145
Smart-016-347146,Mobile,+855016347146
Smart-016-347147,Mobile,+855016347147
Smart-016-347148,Mobile,+855016347148
Smart-016-347149,Mobile,+855016347149
Smart-016-347150,Mobile,+855016347150
Smart-016-347151,Mobile,+855016347151
Smart-016-347152,Mobile,+855016347152
Smart-016-347153,Mobile,+855016347153
Smart-016-347154,Mobile,+855016347154
Smart-016-347155,Mobile,+855016347155
Smart-016-347156,Mobile,+855016347156
Smart-016-347157,Mobile,+855016347157
Smart-016-347158,Mobile,+855016347158
Smart-016-347159,Mobile,+855016347159
Smart-016-347160,Mobile,+855016347160
Smart-016-347161,Mobile,+855016347161
Smart-016-347162,Mobile,+855016347162
Smart-016-347163,Mobile,+855016347163
Smart-016-347164,Mobile,+855016347164
Smart-016-347165,Mobile,+855016347165
Smart-016-347166,Mobile,+855016347166
Smart-016-347167,Mobile,+855016347167
Smart-016-347168,Mobile,+855016347168
Smart-016-347169,Mobile,+855016347169
Smart-016-347170,Mobile,+855016347170
Smart-016-347171,Mobile,+855016347171
Smart-016-347172,Mobile,+855016347172
Smart-016-347173,Mobile,+855016347173
Smart-016-347174,Mobile,+855016347174
Smart-016-347175,Mobile,+855016347175
Smart-016-347176,Mobile,+855016347176
Smart-016-347177,Mobile,+855016347177
Smart-016-347178,Mobile,+855016347178
Smart-016-347179,Mobile,+855016347179
Smart-016-347180,Mobile,+855016347180
Smart-016-347181,Mobile,+855016347181
Smart-016-347182,Mobile,+855016347182
Smart-016-347183,Mobile,+855016347183
Smart-016-347184,Mobile,+855016347184
Smart-016-347185,Mobile,+855016347185
Smart-016-347186,Mobile,+855016347186
Smart-016-347187,Mobile,+855016347187
Smart-016-347188,Mobile,+855016347188
Smart-016-347189,Mobile,+855016347189
Smart-016-347190,Mobile,+855016347190
Smart-016-347191,Mobile,+855016347191
Smart-016-347192,Mobile,+855016347192
Smart-016-347193,Mobile,+855016347193
Smart-016-347194,Mobile,+855016347194
Smart-016-347195,Mobile,+855016347195
Smart-016-347196,Mobile,+855016347196
Smart-016-347197,Mobile,+855016347197
Smart-016-347198,Mobile,+855016347198
Smart-016-347199,Mobile,+855016347199
Smart-016-347200,Mobile,+855016347200
Smart-016-347201,Mobile,+855016347201
Smart-016-347202,Mobile,+855016347202
Smart-016-347203,Mobile,+855016347203
Smart-016-347204,Mobile,+855016347204
Smart-016-347205,Mobile,+855016347205
Smart-016-347206,Mobile,+855016347206
Smart-016-347207,Mobile,+855016347207
Smart-016-347208,Mobile,+855016347208
Smart-016-347209,Mobile,+855016347209
Smart-016-347210,Mobile,+855016347210
Smart-016-347211,Mobile,+855016347211
Smart-016-347212,Mobile,+855016347212
Smart-016-347213,Mobile,+855016347213
Smart-016-347214,Mobile,+855016347214
Smart-016-347215,Mobile,+855016347215
Smart-016-347216,Mobile,+855016347216
Smart-016-347217,Mobile,+855016347217
Smart-016-347218,Mobile,+855016347218
Smart-016-347219,Mobile,+855016347219
Smart-016-347220,Mobile,+855016347220
Smart-016-347221,Mobile,+855016347221
Smart-016-347222,Mobile,+855016347222
Smart-016-347223,Mobile,+855016347223
Smart-016-347224,Mobile,+855016347224
Smart-016-347225,Mobile,+855016347225
Smart-016-347226,Mobile,+855016347226
Smart-016-347227,Mobile,+855016347227
Smart-016-347228,Mobile,+855016347228
Smart-016-347229,Mobile,+855016347229
Smart-016-347230,Mobile,+855016347230
Smart-016-347231,Mobile,+855016347231
Smart-016-347232,Mobile,+855016347232
Smart-016-347233,Mobile,+855016347233
Smart-016-347234,Mobile,+855016347234
Smart-016-347235,Mobile,+855016347235
Smart-016-347236,Mobile,+855016347236
Smart-016-347237,Mobile,+855016347237
Smart-016-347238,Mobile,+855016347238
Smart-016-347239,Mobile,+855016347239
Smart-016-347240,Mobile,+855016347240
Smart-016-347241,Mobile,+855016347241
Smart-016-347242,Mobile,+855016347242
Smart-016-347243,Mobile,+855016347243
Smart-016-347244,Mobile,+855016347244
Smart-016-347245,Mobile,+855016347245
Smart-016-347246,Mobile,+855016347246
Smart-016-347247,Mobile,+855016347247
Smart-016-347248,Mobile,+855016347248
Smart-016-347249,Mobile,+855016347249
Smart-016-347250,Mobile,+855016347250
Smart-016-347251,Mobile,+855016347251
Smart-016-347252,Mobile,+855016347252
Smart-016-347253,Mobile,+855016347253
Smart-016-347254,Mobile,+855016347254
Smart-016-347255,Mobile,+855016347255
Smart-016-347256,Mobile,+855016347256
Smart-016-347257,Mobile,+855016347257
Smart-016-347258,Mobile,+855016347258
Smart-016-347259,Mobile,+855016347259
Smart-016-347260,Mobile,+855016347260
Smart-016-347261,Mobile,+855016347261
Smart-016-347262,Mobile,+855016347262
Smart-016-347263,Mobile,+855016347263
Smart-016-347264,Mobile,+855016347264
Smart-016-347265,Mobile,+855016347265
Smart-016-347266,Mobile,+855016347266
Smart-016-347267,Mobile,+855016347267
Smart-016-347268,Mobile,+855016347268
Smart-016-347269,Mobile,+855016347269
Smart-016-347270,Mobile,+855016347270
Smart-016-347271,Mobile,+855016347271
Smart-016-347272,Mobile,+855016347272
Smart-016-347273,Mobile,+855016347273
Smart-016-347274,Mobile,+855016347274
Smart-016-347275,Mobile,+855016347275
Smart-016-347276,Mobile,+855016347276
Smart-016-347277,Mobile,+855016347277
Smart-016-347278,Mobile,+855016347278
Smart-016-347279,Mobile,+855016347279
Smart-016-347280,Mobile,+855016347280
Smart-016-347281,Mobile,+855016347281
Smart-016-347282,Mobile,+855016347282
Smart-016-347283,Mobile,+855016347283
Smart-016-347284,Mobile,+855016347284
Smart-016-347285,Mobile,+855016347285
Smart-016-347286,Mobile,+855016347286
Smart-016-347287,Mobile,+855016347287
Smart-016-347288,Mobile,+855016347288
Smart-016-347289,Mobile,+855016347289
Smart-016-347290,Mobile,+855016347290
Smart-016-347291,Mobile,+855016347291
Smart-016-347292,Mobile,+855016347292
Smart-016-347293,Mobile,+855016347293
Smart-016-347294,Mobile,+855016347294
Smart-016-347295,Mobile,+855016347295
Smart-016-347296,Mobile,+855016347296
Smart-016-347297,Mobile,+855016347297
Smart-016-347298,Mobile,+855016347298
Smart-016-347299,Mobile,+855016347299
Smart-016-347300,Mobile,+855016347300
Smart-016-347301,Mobile,+855016347301
Smart-016-347302,Mobile,+855016347302
Smart-016-347303,Mobile,+855016347303
Smart-016-347304,Mobile,+855016347304
Smart-016-347305,Mobile,+855016347305
Smart-016-347306,Mobile,+855016347306
Smart-016-347307,Mobile,+855016347307
Smart-016-347308,Mobile,+855016347308
Smart-016-347309,Mobile,+855016347309
Smart-016-347310,Mobile,+855016347310
Smart-016-347311,Mobile,+855016347311
Smart-016-347312,Mobile,+855016347312
Smart-016-347313,Mobile,+855016347313
Smart-016-347314,Mobile,+855016347314
Smart-016-347315,Mobile,+855016347315
Smart-016-347316,Mobile,+855016347316
Smart-016-347317,Mobile,+855016347317
Smart-016-347318,Mobile,+855016347318
Smart-016-347319,Mobile,+855016347319
Smart-016-347320,Mobile,+855016347320
Smart-016-347321,Mobile,+855016347321
Smart-016-347322,Mobile,+855016347322
Smart-016-347323,Mobile,+855016347323
Smart-016-347324,Mobile,+855016347324
Smart-016-347325,Mobile,+855016347325
Smart-016-347326,Mobile,+855016347326
Smart-016-347327,Mobile,+855016347327
Smart-016-347328,Mobile,+855016347328
Smart-016-347329,Mobile,+855016347329
Smart-016-347330,Mobile,+855016347330
Smart-016-347331,Mobile,+855016347331
Smart-016-347332,Mobile,+855016347332
Smart-016-347333,Mobile,+855016347333
Smart-016-347334,Mobile,+855016347334
Smart-016-347335,Mobile,+855016347335
Smart-016-347336,Mobile,+855016347336
Smart-016-347337,Mobile,+855016347337
Smart-016-347338,Mobile,+855016347338
Smart-016-347339,Mobile,+855016347339
Smart-016-347340,Mobile,+855016347340
Smart-016-347341,Mobile,+855016347341
Smart-016-347342,Mobile,+855016347342
Smart-016-347343,Mobile,+855016347343
Smart-016-347344,Mobile,+855016347344
Smart-016-347345,Mobile,+855016347345
Smart-016-347346,Mobile,+855016347346
Smart-016-347347,Mobile,+855016347347
Smart-016-347348,Mobile,+855016347348
Smart-016-347349,Mobile,+855016347349
Smart-016-347350,Mobile,+855016347350
Smart-016-347351,Mobile,+855016347351
Smart-016-347352,Mobile,+855016347352
Smart-016-347353,Mobile,+855016347353
Smart-016-347354,Mobile,+855016347354
Smart-016-347355,Mobile,+855016347355
Smart-016-347356,Mobile,+855016347356
Smart-016-347357,Mobile,+855016347357
Smart-016-347358,Mobile,+855016347358
Smart-016-347359,Mobile,+855016347359
Smart-016-347360,Mobile,+855016347360
Smart-016-347361,Mobile,+855016347361
Smart-016-347362,Mobile,+855016347362
Smart-016-347363,Mobile,+855016347363
Smart-016-347364,Mobile,+855016347364
Smart-016-347365,Mobile,+855016347365
Smart-016-347366,Mobile,+855016347366
Smart-016-347367,Mobile,+855016347367
Smart-016-347368,Mobile,+855016347368
Smart-016-347369,Mobile,+855016347369
Smart-016-347370,Mobile,+855016347370
Smart-016-347371,Mobile,+855016347371
Smart-016-347372,Mobile,+855016347372
Smart-016-347373,Mobile,+855016347373
Smart-016-347374,Mobile,+855016347374
Smart-016-347375,Mobile,+855016347375
Smart-016-347376,Mobile,+855016347376
Smart-016-347377,Mobile,+855016347377
Smart-016-347378,Mobile,+855016347378
Smart-016-347379,Mobile,+855016347379
Smart-016-347380,Mobile,+855016347380
Smart-016-347381,Mobile,+855016347381
Smart-016-347382,Mobile,+855016347382
Smart-016-347383,Mobile,+855016347383
Smart-016-347384,Mobile,+855016347384
Smart-016-347385,Mobile,+855016347385
Smart-016-347386,Mobile,+855016347386
Smart-016-347387,Mobile,+855016347387
Smart-016-347388,Mobile,+855016347388
Smart-016-347389,Mobile,+855016347389
Smart-016-347390,Mobile,+855016347390
Smart-016-347391,Mobile,+855016347391
Smart-016-347392,Mobile,+855016347392
Smart-016-347393,Mobile,+855016347393
Smart-016-347394,Mobile,+855016347394
Smart-016-347395,Mobile,+855016347395
Smart-016-347396,Mobile,+855016347396
Smart-016-347397,Mobile,+855016347397
Smart-016-347398,Mobile,+855016347398
Smart-016-347399,Mobile,+855016347399
Smart-016-347400,Mobile,+855016347400
Smart-016-347401,Mobile,+855016347401
Smart-016-347402,Mobile,+855016347402
Smart-016-347403,Mobile,+855016347403
Smart-016-347404,Mobile,+855016347404
Smart-016-347405,Mobile,+855016347405
Smart-016-347406,Mobile,+855016347406
Smart-016-347407,Mobile,+855016347407
Smart-016-347408,Mobile,+855016347408
Smart-016-347409,Mobile,+855016347409
Smart-016-347410,Mobile,+855016347410
Smart-016-347411,Mobile,+855016347411
Smart-016-347412,Mobile,+855016347412
Smart-016-347413,Mobile,+855016347413
Smart-016-347414,Mobile,+855016347414
Smart-016-347415,Mobile,+855016347415
Smart-016-347416,Mobile,+855016347416
Smart-016-347417,Mobile,+855016347417
Smart-016-347418,Mobile,+855016347418
Smart-016-347419,Mobile,+855016347419
Smart-016-347420,Mobile,+855016347420
Smart-016-347421,Mobile,+855016347421
Smart-016-347422,Mobile,+855016347422
Smart-016-347423,Mobile,+855016347423
Smart-016-347424,Mobile,+855016347424
Smart-016-347425,Mobile,+855016347425
Smart-016-347426,Mobile,+855016347426
Smart-016-347427,Mobile,+855016347427
Smart-016-347428,Mobile,+855016347428
Smart-016-347429,Mobile,+855016347429
Smart-016-347430,Mobile,+855016347430
Smart-016-347431,Mobile,+855016347431
Smart-016-347432,Mobile,+855016347432
Smart-016-347433,Mobile,+855016347433
Smart-016-347434,Mobile,+855016347434
Smart-016-347435,Mobile,+855016347435
Smart-016-347436,Mobile,+855016347436
Smart-016-347437,Mobile,+855016347437
Smart-016-347438,Mobile,+855016347438
Smart-016-347439,Mobile,+855016347439
Smart-016-347440,Mobile,+855016347440
Smart-016-347441,Mobile,+855016347441
Smart-016-347442,Mobile,+855016347442
Smart-016-347443,Mobile,+855016347443
Smart-016-347444,Mobile,+855016347444
Smart-016-347445,Mobile,+855016347445
Smart-016-347446,Mobile,+855016347446
Smart-016-347447,Mobile,+855016347447
Smart-016-347448,Mobile,+855016347448
Smart-016-347449,Mobile,+855016347449
Smart-016-347450,Mobile,+855016347450
Smart-016-347451,Mobile,+855016347451
Smart-016-347452,Mobile,+855016347452
Smart-016-347453,Mobile,+855016347453
Smart-016-347454,Mobile,+855016347454
Smart-016-347455,Mobile,+855016347455
Smart-016-347456,Mobile,+855016347456
Smart-016-347457,Mobile,+855016347457
Smart-016-347458,Mobile,+855016347458
Smart-016-347459,Mobile,+855016347459
Smart-016-347460,Mobile,+855016347460
Smart-016-347461,Mobile,+855016347461
Smart-016-347462,Mobile,+855016347462
Smart-016-347463,Mobile,+855016347463
Smart-016-347464,Mobile,+855016347464
Smart-016-347465,Mobile,+855016347465
Smart-016-347466,Mobile,+855016347466
Smart-016-347467,Mobile,+855016347467
Smart-016-347468,Mobile,+855016347468
Smart-016-347469,Mobile,+855016347469
Smart-016-347470,Mobile,+855016347470
Smart-016-347471,Mobile,+855016347471
Smart-016-347472,Mobile,+855016347472
Smart-016-347473,Mobile,+855016347473
Smart-016-347474,Mobile,+855016347474
Smart-016-347475,Mobile,+855016347475
Smart-016-347476,Mobile,+855016347476
Smart-016-347477,Mobile,+855016347477
Smart-016-347478,Mobile,+855016347478
Smart-016-347479,Mobile,+855016347479
Smart-016-347480,Mobile,+855016347480
Smart-016-347481,Mobile,+855016347481
Smart-016-347482,Mobile,+855016347482
Smart-016-347483,Mobile,+855016347483
Smart-016-347484,Mobile,+855016347484
Smart-016-347485,Mobile,+855016347485
Smart-016-347486,Mobile,+855016347486
Smart-016-347487,Mobile,+855016347487
Smart-016-347488,Mobile,+855016347488
Smart-016-347489,Mobile,+855016347489
Smart-016-347490,Mobile,+855016347490
Smart-016-347491,Mobile,+855016347491
Smart-016-347492,Mobile,+855016347492
Smart-016-347493,Mobile,+855016347493
Smart-016-347494,Mobile,+855016347494
Smart-016-347495,Mobile,+855016347495
Smart-016-347496,Mobile,+855016347496
Smart-016-347497,Mobile,+855016347497
Smart-016-347498,Mobile,+855016347498
Smart-016-347499,Mobile,+855016347499
Smart-016-347500,Mobile,+855016347500
Smart-016-347501,Mobile,+855016347501
Smart-016-347502,Mobile,+855016347502
Smart-016-347503,Mobile,+855016347503
Smart-016-347504,Mobile,+855016347504
Smart-016-347505,Mobile,+855016347505
Smart-016-347506,Mobile,+855016347506
Smart-016-347507,Mobile,+855016347507
Smart-016-347508,Mobile,+855016347508
Smart-016-347509,Mobile,+855016347509
Smart-016-347510,Mobile,+855016347510
Smart-016-347511,Mobile,+855016347511
Smart-016-347512,Mobile,+855016347512
Smart-016-347513,Mobile,+855016347513
Smart-016-347514,Mobile,+855016347514
Smart-016-347515,Mobile,+855016347515
Smart-016-347516,Mobile,+855016347516
Smart-016-347517,Mobile,+855016347517
Smart-016-347518,Mobile,+855016347518
Smart-016-347519,Mobile,+855016347519
Smart-016-347520,Mobile,+855016347520
Smart-016-347521,Mobile,+855016347521
Smart-016-347522,Mobile,+855016347522
Smart-016-347523,Mobile,+855016347523
Smart-016-347524,Mobile,+855016347524
Smart-016-347525,Mobile,+855016347525
Smart-016-347526,Mobile,+855016347526
Smart-016-347527,Mobile,+855016347527
Smart-016-347528,Mobile,+855016347528
Smart-016-347529,Mobile,+855016347529
Smart-016-347530,Mobile,+855016347530
Smart-016-347531,Mobile,+855016347531
Smart-016-347532,Mobile,+855016347532
Smart-016-347533,Mobile,+855016347533
Smart-016-347534,Mobile,+855016347534
Smart-016-347535,Mobile,+855016347535
Smart-016-347536,Mobile,+855016347536
Smart-016-347537,Mobile,+855016347537
Smart-016-347538,Mobile,+855016347538
Smart-016-347539,Mobile,+855016347539
Smart-016-347540,Mobile,+855016347540
Smart-016-347541,Mobile,+855016347541
Smart-016-347542,Mobile,+855016347542
Smart-016-347543,Mobile,+855016347543
Smart-016-347544,Mobile,+855016347544
Smart-016-347545,Mobile,+855016347545
Smart-016-347546,Mobile,+855016347546
Smart-016-347547,Mobile,+855016347547
Smart-016-347548,Mobile,+855016347548
Smart-016-347549,Mobile,+855016347549
Smart-016-347550,Mobile,+855016347550
Smart-016-347551,Mobile,+855016347551
Smart-016-347552,Mobile,+855016347552
Smart-016-347553,Mobile,+855016347553
Smart-016-347554,Mobile,+855016347554
Smart-016-347555,Mobile,+855016347555
Smart-016-347556,Mobile,+855016347556
Smart-016-347557,Mobile,+855016347557
Smart-016-347558,Mobile,+855016347558
Smart-016-347559,Mobile,+855016347559
Smart-016-347560,Mobile,+855016347560
Smart-016-347561,Mobile,+855016347561
Smart-016-347562,Mobile,+855016347562
Smart-016-347563,Mobile,+855016347563
Smart-016-347564,Mobile,+855016347564
Smart-016-347565,Mobile,+855016347565
Smart-016-347566,Mobile,+855016347566
Smart-016-347567,Mobile,+855016347567
Smart-016-347568,Mobile,+855016347568
Smart-016-347569,Mobile,+855016347569
Smart-016-347570,Mobile,+855016347570
Smart-016-347571,Mobile,+855016347571
Smart-016-347572,Mobile,+855016347572
Smart-016-347573,Mobile,+855016347573
Smart-016-347574,Mobile,+855016347574
Smart-016-347575,Mobile,+855016347575
Smart-016-347576,Mobile,+855016347576
Smart-016-347577,Mobile,+855016347577
Smart-016-347578,Mobile,+855016347578
Smart-016-347579,Mobile,+855016347579
Smart-016-347580,Mobile,+855016347580
Smart-016-347581,Mobile,+855016347581
Smart-016-347582,Mobile,+855016347582
Smart-016-347583,Mobile,+855016347583
Smart-016-347584,Mobile,+855016347584
Smart-016-347585,Mobile,+855016347585
Smart-016-347586,Mobile,+855016347586
Smart-016-347587,Mobile,+855016347587
Smart-016-347588,Mobile,+855016347588
Smart-016-347589,Mobile,+855016347589
Smart-016-347590,Mobile,+855016347590
Smart-016-347591,Mobile,+855016347591
Smart-016-347592,Mobile,+855016347592
Smart-016-347593,Mobile,+855016347593
Smart-016-347594,Mobile,+855016347594
Smart-016-347595,Mobile,+855016347595
Smart-016-347596,Mobile,+855016347596
Smart-016-347597,Mobile,+855016347597
Smart-016-347598,Mobile,+855016347598
Smart-016-347599,Mobile,+855016347599
Smart-016-347600,Mobile,+855016347600
Smart-016-347601,Mobile,+855016347601
Smart-016-347602,Mobile,+855016347602
Smart-016-347603,Mobile,+855016347603
Smart-016-347604,Mobile,+855016347604
Smart-016-347605,Mobile,+855016347605
Smart-016-347606,Mobile,+855016347606
Smart-016-347607,Mobile,+855016347607
Smart-016-347608,Mobile,+855016347608
Smart-016-347609,Mobile,+855016347609
Smart-016-347610,Mobile,+855016347610
Smart-016-347611,Mobile,+855016347611
Smart-016-347612,Mobile,+855016347612
Smart-016-347613,Mobile,+855016347613
Smart-016-347614,Mobile,+855016347614
Smart-016-347615,Mobile,+855016347615
Smart-016-347616,Mobile,+855016347616
Smart-016-347617,Mobile,+855016347617
Smart-016-347618,Mobile,+855016347618
Smart-016-347619,Mobile,+855016347619
Smart-016-347620,Mobile,+855016347620
Smart-016-347621,Mobile,+855016347621
Smart-016-347622,Mobile,+855016347622
Smart-016-347623,Mobile,+855016347623
Smart-016-347624,Mobile,+855016347624
Smart-016-347625,Mobile,+855016347625
Smart-016-347626,Mobile,+855016347626
Smart-016-347627,Mobile,+855016347627
Smart-016-347628,Mobile,+855016347628
Smart-016-347629,Mobile,+855016347629
Smart-016-347630,Mobile,+855016347630
Smart-016-347631,Mobile,+855016347631
Smart-016-347632,Mobile,+855016347632
Smart-016-347633,Mobile,+855016347633
Smart-016-347634,Mobile,+855016347634
Smart-016-347635,Mobile,+855016347635
Smart-016-347636,Mobile,+855016347636
Smart-016-347637,Mobile,+855016347637
Smart-016-347638,Mobile,+855016347638
Smart-016-347639,Mobile,+855016347639
Smart-016-347640,Mobile,+855016347640
Smart-016-347641,Mobile,+855016347641
Smart-016-347642,Mobile,+855016347642
Smart-016-347643,Mobile,+855016347643
Smart-016-347644,Mobile,+855016347644
Smart-016-347645,Mobile,+855016347645
Smart-016-347646,Mobile,+855016347646
Smart-016-347647,Mobile,+855016347647
Smart-016-347648,Mobile,+855016347648
Smart-016-347649,Mobile,+855016347649
Smart-016-347650,Mobile,+855016347650
Smart-016-347651,Mobile,+855016347651
Smart-016-347652,Mobile,+855016347652
Smart-016-347653,Mobile,+855016347653
Smart-016-347654,Mobile,+855016347654
Smart-016-347655,Mobile,+855016347655
Smart-016-347656,Mobile,+855016347656
Smart-016-347657,Mobile,+855016347657
Smart-016-347658,Mobile,+855016347658
Smart-016-347659,Mobile,+855016347659
Smart-016-347660,Mobile,+855016347660
Smart-016-347661,Mobile,+855016347661
Smart-016-347662,Mobile,+855016347662
Smart-016-347663,Mobile,+855016347663
Smart-016-347664,Mobile,+855016347664
Smart-016-347665,Mobile,+855016347665
Smart-016-347666,Mobile,+855016347666
Smart-016-347667,Mobile,+855016347667
Smart-016-347668,Mobile,+855016347668
Smart-016-347669,Mobile,+855016347669
Smart-016-347670,Mobile,+855016347670
Smart-016-347671,Mobile,+855016347671
Smart-016-347672,Mobile,+855016347672
Smart-016-347673,Mobile,+855016347673
Smart-016-347674,Mobile,+855016347674
Smart-016-347675,Mobile,+855016347675
Smart-016-347676,Mobile,+855016347676
Smart-016-347677,Mobile,+855016347677
Smart-016-347678,Mobile,+855016347678
Smart-016-347679,Mobile,+855016347679
Smart-016-347680,Mobile,+855016347680
Smart-016-347681,Mobile,+855016347681
Smart-016-347682,Mobile,+855016347682
Smart-016-347683,Mobile,+855016347683
Smart-016-347684,Mobile,+855016347684
Smart-016-347685,Mobile,+855016347685
Smart-016-347686,Mobile,+855016347686
Smart-016-347687,Mobile,+855016347687
Smart-016-347688,Mobile,+855016347688
Smart-016-347689,Mobile,+855016347689
Smart-016-347690,Mobile,+855016347690
Smart-016-347691,Mobile,+855016347691
Smart-016-347692,Mobile,+855016347692
Smart-016-347693,Mobile,+855016347693
Smart-016-347694,Mobile,+855016347694
Smart-016-347695,Mobile,+855016347695
Smart-016-347696,Mobile,+855016347696
Smart-016-347697,Mobile,+855016347697
Smart-016-347698,Mobile,+855016347698
Smart-016-347699,Mobile,+855016347699
Smart-016-347700,Mobile,+855016347700
Smart-016-347701,Mobile,+855016347701
Smart-016-347702,Mobile,+855016347702
Smart-016-347703,Mobile,+855016347703
Smart-016-347704,Mobile,+855016347704
Smart-016-347705,Mobile,+855016347705
Smart-016-347706,Mobile,+855016347706
Smart-016-347707,Mobile,+855016347707
Smart-016-347708,Mobile,+855016347708
Smart-016-347709,Mobile,+855016347709
Smart-016-347710,Mobile,+855016347710
Smart-016-347711,Mobile,+855016347711
Smart-016-347712,Mobile,+855016347712
Smart-016-347713,Mobile,+855016347713
Smart-016-347714,Mobile,+855016347714
Smart-016-347715,Mobile,+855016347715
Smart-016-347716,Mobile,+855016347716
Smart-016-347717,Mobile,+855016347717
Smart-016-347718,Mobile,+855016347718
Smart-016-347719,Mobile,+855016347719
Smart-016-347720,Mobile,+855016347720
Smart-016-347721,Mobile,+855016347721
Smart-016-347722,Mobile,+855016347722
Smart-016-347723,Mobile,+855016347723
Smart-016-347724,Mobile,+855016347724
Smart-016-347725,Mobile,+855016347725
Smart-016-347726,Mobile,+855016347726
Smart-016-347727,Mobile,+855016347727
Smart-016-347728,Mobile,+855016347728
Smart-016-347729,Mobile,+855016347729
Smart-016-347730,Mobile,+855016347730
Smart-016-347731,Mobile,+855016347731
Smart-016-347732,Mobile,+855016347732
Smart-016-347733,Mobile,+855016347733
Smart-016-347734,Mobile,+855016347734
Smart-016-347735,Mobile,+855016347735
Smart-016-347736,Mobile,+855016347736
Smart-016-347737,Mobile,+855016347737
Smart-016-347738,Mobile,+855016347738
Smart-016-347739,Mobile,+855016347739
Smart-016-347740,Mobile,+855016347740
Smart-016-347741,Mobile,+855016347741
Smart-016-347742,Mobile,+855016347742
Smart-016-347743,Mobile,+855016347743
Smart-016-347744,Mobile,+855016347744
Smart-016-347745,Mobile,+855016347745
Smart-016-347746,Mobile,+855016347746
Smart-016-347747,Mobile,+855016347747
Smart-016-347748,Mobile,+855016347748
Smart-016-347749,Mobile,+855016347749
Smart-016-347750,Mobile,+855016347750
Smart-016-347751,Mobile,+855016347751
Smart-016-347752,Mobile,+855016347752
Smart-016-347753,Mobile,+855016347753
Smart-016-347754,Mobile,+855016347754
Smart-016-347755,Mobile,+855016347755
Smart-016-347756,Mobile,+855016347756
Smart-016-347757,Mobile,+855016347757
Smart-016-347758,Mobile,+855016347758
Smart-016-347759,Mobile,+855016347759
Smart-016-347760,Mobile,+855016347760
Smart-016-347761,Mobile,+855016347761
Smart-016-347762,Mobile,+855016347762
Smart-016-347763,Mobile,+855016347763
Smart-016-347764,Mobile,+855016347764
Smart-016-347765,Mobile,+855016347765
Smart-016-347766,Mobile,+855016347766
Smart-016-347767,Mobile,+855016347767
Smart-016-347768,Mobile,+855016347768
Smart-016-347769,Mobile,+855016347769
Smart-016-347770,Mobile,+855016347770
Smart-016-347771,Mobile,+855016347771
Smart-016-347772,Mobile,+855016347772
Smart-016-347773,Mobile,+855016347773
Smart-016-347774,Mobile,+855016347774
Smart-016-347775,Mobile,+855016347775
Smart-016-347776,Mobile,+855016347776
Smart-016-347777,Mobile,+855016347777
Smart-016-347778,Mobile,+855016347778
Smart-016-347779,Mobile,+855016347779
Smart-016-347780,Mobile,+855016347780
Smart-016-347781,Mobile,+855016347781
Smart-016-347782,Mobile,+855016347782
Smart-016-347783,Mobile,+855016347783
Smart-016-347784,Mobile,+855016347784
Smart-016-347785,Mobile,+855016347785
Smart-016-347786,Mobile,+855016347786
Smart-016-347787,Mobile,+855016347787
Smart-016-347788,Mobile,+855016347788
Smart-016-347789,Mobile,+855016347789
Smart-016-347790,Mobile,+855016347790
Smart-016-347791,Mobile,+855016347791
Smart-016-347792,Mobile,+855016347792
Smart-016-347793,Mobile,+855016347793
Smart-016-347794,Mobile,+855016347794
Smart-016-347795,Mobile,+855016347795
Smart-016-347796,Mobile,+855016347796
Smart-016-347797,Mobile,+855016347797
Smart-016-347798,Mobile,+855016347798
Smart-016-347799,Mobile,+855016347799
Smart-016-347800,Mobile,+855016347800
Smart-016-347801,Mobile,+855016347801
Smart-016-347802,Mobile,+855016347802
Smart-016-347803,Mobile,+855016347803
Smart-016-347804,Mobile,+855016347804
Smart-016-347805,Mobile,+855016347805
Smart-016-347806,Mobile,+855016347806
Smart-016-347807,Mobile,+855016347807
Smart-016-347808,Mobile,+855016347808
Smart-016-347809,Mobile,+855016347809
Smart-016-347810,Mobile,+855016347810
Smart-016-347811,Mobile,+855016347811
Smart-016-347812,Mobile,+855016347812
Smart-016-347813,Mobile,+855016347813
Smart-016-347814,Mobile,+855016347814
Smart-016-347815,Mobile,+855016347815
Smart-016-347816,Mobile,+855016347816
Smart-016-347817,Mobile,+855016347817
Smart-016-347818,Mobile,+855016347818
Smart-016-347819,Mobile,+855016347819
Smart-016-347820,Mobile,+855016347820
Smart-016-347821,Mobile,+855016347821
Smart-016-347822,Mobile,+855016347822
Smart-016-347823,Mobile,+855016347823
Smart-016-347824,Mobile,+855016347824
Smart-016-347825,Mobile,+855016347825
Smart-016-347826,Mobile,+855016347826
Smart-016-347827,Mobile,+855016347827
Smart-016-347828,Mobile,+855016347828
Smart-016-347829,Mobile,+855016347829
Smart-016-347830,Mobile,+855016347830
Smart-016-347831,Mobile,+855016347831
Smart-016-347832,Mobile,+855016347832
Smart-016-347833,Mobile,+855016347833
Smart-016-347834,Mobile,+855016347834
Smart-016-347835,Mobile,+855016347835
Smart-016-347836,Mobile,+855016347836
Smart-016-347837,Mobile,+855016347837
Smart-016-347838,Mobile,+855016347838
Smart-016-347839,Mobile,+855016347839
Smart-016-347840,Mobile,+855016347840
Smart-016-347841,Mobile,+855016347841
Smart-016-347842,Mobile,+855016347842
Smart-016-347843,Mobile,+855016347843
Smart-016-347844,Mobile,+855016347844
Smart-016-347845,Mobile,+855016347845
Smart-016-347846,Mobile,+855016347846
Smart-016-347847,Mobile,+855016347847
Smart-016-347848,Mobile,+855016347848
Smart-016-347849,Mobile,+855016347849
Smart-016-347850,Mobile,+855016347850
Smart-016-347851,Mobile,+855016347851
Smart-016-347852,Mobile,+855016347852
Smart-016-347853,Mobile,+855016347853
Smart-016-347854,Mobile,+855016347854
Smart-016-347855,Mobile,+855016347855
Smart-016-347856,Mobile,+855016347856
Smart-016-347857,Mobile,+855016347857
Smart-016-347858,Mobile,+855016347858
Smart-016-347859,Mobile,+855016347859
Smart-016-347860,Mobile,+855016347860
Smart-016-347861,Mobile,+855016347861
Smart-016-347862,Mobile,+855016347862
Smart-016-347863,Mobile,+855016347863
Smart-016-347864,Mobile,+855016347864
Smart-016-347865,Mobile,+855016347865
Smart-016-347866,Mobile,+855016347866
Smart-016-347867,Mobile,+855016347867
Smart-016-347868,Mobile,+855016347868
Smart-016-347869,Mobile,+855016347869
Smart-016-347870,Mobile,+855016347870
Smart-016-347871,Mobile,+855016347871
Smart-016-347872,Mobile,+855016347872
Smart-016-347873,Mobile,+855016347873
Smart-016-347874,Mobile,+855016347874
Smart-016-347875,Mobile,+855016347875
Smart-016-347876,Mobile,+855016347876
Smart-016-347877,Mobile,+855016347877
Smart-016-347878,Mobile,+855016347878
Smart-016-347879,Mobile,+855016347879
Smart-016-347880,Mobile,+855016347880
Smart-016-347881,Mobile,+855016347881
Smart-016-347882,Mobile,+855016347882
Smart-016-347883,Mobile,+855016347883
Smart-016-347884,Mobile,+855016347884
Smart-016-347885,Mobile,+855016347885
Smart-016-347886,Mobile,+855016347886
Smart-016-347887,Mobile,+855016347887
Smart-016-347888,Mobile,+855016347888
Smart-016-347889,Mobile,+855016347889
Smart-016-347890,Mobile,+855016347890
Smart-016-347891,Mobile,+855016347891
Smart-016-347892,Mobile,+855016347892
Smart-016-347893,Mobile,+855016347893
Smart-016-347894,Mobile,+855016347894
Smart-016-347895,Mobile,+855016347895
Smart-016-347896,Mobile,+855016347896
Smart-016-347897,Mobile,+855016347897
Smart-016-347898,Mobile,+855016347898
Smart-016-347899,Mobile,+855016347899
Smart-016-347900,Mobile,+855016347900
Smart-016-347901,Mobile,+855016347901
Smart-016-347902,Mobile,+855016347902
Smart-016-347903,Mobile,+855016347903
Smart-016-347904,Mobile,+855016347904
Smart-016-347905,Mobile,+855016347905
Smart-016-347906,Mobile,+855016347906
Smart-016-347907,Mobile,+855016347907
Smart-016-347908,Mobile,+855016347908
Smart-016-347909,Mobile,+855016347909
Smart-016-347910,Mobile,+855016347910
Smart-016-347911,Mobile,+855016347911
Smart-016-347912,Mobile,+855016347912
Smart-016-347913,Mobile,+855016347913
Smart-016-347914,Mobile,+855016347914
Smart-016-347915,Mobile,+855016347915
Smart-016-347916,Mobile,+855016347916
Smart-016-347917,Mobile,+855016347917
Smart-016-347918,Mobile,+855016347918
Smart-016-347919,Mobile,+855016347919
Smart-016-347920,Mobile,+855016347920
Smart-016-347921,Mobile,+855016347921
Smart-016-347922,Mobile,+855016347922
Smart-016-347923,Mobile,+855016347923
Smart-016-347924,Mobile,+855016347924
Smart-016-347925,Mobile,+855016347925
Smart-016-347926,Mobile,+855016347926
Smart-016-347927,Mobile,+855016347927
Smart-016-347928,Mobile,+855016347928
Smart-016-347929,Mobile,+855016347929
Smart-016-347930,Mobile,+855016347930
Smart-016-347931,Mobile,+855016347931
Smart-016-347932,Mobile,+855016347932
Smart-016-347933,Mobile,+855016347933
Smart-016-347934,Mobile,+855016347934
Smart-016-347935,Mobile,+855016347935
Smart-016-347936,Mobile,+855016347936
Smart-016-347937,Mobile,+855016347937
Smart-016-347938,Mobile,+855016347938
Smart-016-347939,Mobile,+855016347939
Smart-016-347940,Mobile,+855016347940
Smart-016-347941,Mobile,+855016347941
Smart-016-347942,Mobile,+855016347942
Smart-016-347943,Mobile,+855016347943
Smart-016-347944,Mobile,+855016347944
Smart-016-347945,Mobile,+855016347945
Smart-016-347946,Mobile,+855016347946
Smart-016-347947,Mobile,+855016347947
Smart-016-347948,Mobile,+855016347948
Smart-016-347949,Mobile,+855016347949
Smart-016-347950,Mobile,+855016347950
Smart-016-347951,Mobile,+855016347951
Smart-016-347952,Mobile,+855016347952
Smart-016-347953,Mobile,+855016347953
Smart-016-347954,Mobile,+855016347954
Smart-016-347955,Mobile,+855016347955
Smart-016-347956,Mobile,+855016347956
Smart-016-347957,Mobile,+855016347957
Smart-016-347958,Mobile,+855016347958
Smart-016-347959,Mobile,+855016347959
Smart-016-347960,Mobile,+855016347960
Smart-016-347961,Mobile,+855016347961
Smart-016-347962,Mobile,+855016347962
Smart-016-347963,Mobile,+855016347963
Smart-016-347964,Mobile,+855016347964
Smart-016-347965,Mobile,+855016347965
Smart-016-347966,Mobile,+855016347966
Smart-016-347967,Mobile,+855016347967
Smart-016-347968,Mobile,+855016347968
Smart-016-347969,Mobile,+855016347969
Smart-016-347970,Mobile,+855016347970
Smart-016-347971,Mobile,+855016347971
Smart-016-347972,Mobile,+855016347972
Smart-016-347973,Mobile,+855016347973
Smart-016-347974,Mobile,+855016347974
Smart-016-347975,Mobile,+855016347975
Smart-016-347976,Mobile,+855016347976
Smart-016-347977,Mobile,+855016347977
Smart-016-347978,Mobile,+855016347978
Smart-016-347979,Mobile,+855016347979
Smart-016-347980,Mobile,+855016347980
Smart-016-347981,Mobile,+855016347981
Smart-016-347982,Mobile,+855016347982
Smart-016-347983,Mobile,+855016347983
Smart-016-347984,Mobile,+855016347984
Smart-016-347985,Mobile,+855016347985
Smart-016-347986,Mobile,+855016347986
Smart-016-347987,Mobile,+855016347987
Smart-016-347988,Mobile,+855016347988
Smart-016-347989,Mobile,+855016347989
Smart-016-347990,Mobile,+855016347990
Smart-016-347991,Mobile,+855016347991
Smart-016-347992,Mobile,+855016347992
Smart-016-347993,Mobile,+855016347993
Smart-016-347994,Mobile,+855016347994
Smart-016-347995,Mobile,+855016347995
Smart-016-347996,Mobile,+855016347996
Smart-016-347997,Mobile,+855016347997
Smart-016-347998,Mobile,+855016347998
Smart-016-347999,Mobile,+855016347999
Smart-016-348000,Mobile,+855016348000
Smart-016-348001,Mobile,+855016348001
Smart-016-348002,Mobile,+855016348002
Smart-016-348003,Mobile,+855016348003
Smart-016-348004,Mobile,+855016348004
Smart-016-348005,Mobile,+855016348005
Smart-016-348006,Mobile,+855016348006
Smart-016-348007,Mobile,+855016348007
Smart-016-348008,Mobile,+855016348008
Smart-016-348009,Mobile,+855016348009
Smart-016-348010,Mobile,+855016348010
Smart-016-348011,Mobile,+855016348011
Smart-016-348012,Mobile,+855016348012
Smart-016-348013,Mobile,+855016348013
Smart-016-348014,Mobile,+855016348014
Smart-016-348015,Mobile,+855016348015
Smart-016-348016,Mobile,+855016348016
Smart-016-348017,Mobile,+855016348017
Smart-016-348018,Mobile,+855016348018
Smart-016-348019,Mobile,+855016348019
Smart-016-348020,Mobile,+855016348020
Smart-016-348021,Mobile,+855016348021
Smart-016-348022,Mobile,+855016348022
Smart-016-348023,Mobile,+855016348023
Smart-016-348024,Mobile,+855016348024
Smart-016-348025,Mobile,+855016348025
Smart-016-348026,Mobile,+855016348026
Smart-016-348027,Mobile,+855016348027
Smart-016-348028,Mobile,+855016348028
Smart-016-348029,Mobile,+855016348029
Smart-016-348030,Mobile,+855016348030
Smart-016-348031,Mobile,+855016348031
Smart-016-348032,Mobile,+855016348032
Smart-016-348033,Mobile,+855016348033
Smart-016-348034,Mobile,+855016348034
Smart-016-348035,Mobile,+855016348035
Smart-016-348036,Mobile,+855016348036
Smart-016-348037,Mobile,+855016348037
Smart-016-348038,Mobile,+855016348038
Smart-016-348039,Mobile,+855016348039
Smart-016-348040,Mobile,+855016348040
Smart-016-348041,Mobile,+855016348041
Smart-016-348042,Mobile,+855016348042
Smart-016-348043,Mobile,+855016348043
Smart-016-348044,Mobile,+855016348044
Smart-016-348045,Mobile,+855016348045
Smart-016-348046,Mobile,+855016348046
Smart-016-348047,Mobile,+855016348047
Smart-016-348048,Mobile,+855016348048
Smart-016-348049,Mobile,+855016348049
Smart-016-348050,Mobile,+855016348050
Smart-016-348051,Mobile,+855016348051
Smart-016-348052,Mobile,+855016348052
Smart-016-348053,Mobile,+855016348053
Smart-016-348054,Mobile,+855016348054
Smart-016-348055,Mobile,+855016348055
Smart-016-348056,Mobile,+855016348056
Smart-016-348057,Mobile,+855016348057
Smart-016-348058,Mobile,+855016348058
Smart-016-348059,Mobile,+855016348059
Smart-016-348060,Mobile,+855016348060
Smart-016-348061,Mobile,+855016348061
Smart-016-348062,Mobile,+855016348062
Smart-016-348063,Mobile,+855016348063
Smart-016-348064,Mobile,+855016348064
Smart-016-348065,Mobile,+855016348065
Smart-016-348066,Mobile,+855016348066
Smart-016-348067,Mobile,+855016348067
Smart-016-348068,Mobile,+855016348068
Smart-016-348069,Mobile,+855016348069
Smart-016-348070,Mobile,+855016348070
Smart-016-348071,Mobile,+855016348071
Smart-016-348072,Mobile,+855016348072
Smart-016-348073,Mobile,+855016348073
Smart-016-348074,Mobile,+855016348074
Smart-016-348075,Mobile,+855016348075
Smart-016-348076,Mobile,+855016348076
Smart-016-348077,Mobile,+855016348077
Smart-016-348078,Mobile,+855016348078
Smart-016-348079,Mobile,+855016348079
Smart-016-348080,Mobile,+855016348080
Smart-016-348081,Mobile,+855016348081
Smart-016-348082,Mobile,+855016348082
Smart-016-348083,Mobile,+855016348083
Smart-016-348084,Mobile,+855016348084
Smart-016-348085,Mobile,+855016348085
Smart-016-348086,Mobile,+855016348086
Smart-016-348087,Mobile,+855016348087
Smart-016-348088,Mobile,+855016348088
Smart-016-348089,Mobile,+855016348089
Smart-016-348090,Mobile,+855016348090
Smart-016-348091,Mobile,+855016348091
Smart-016-348092,Mobile,+855016348092
Smart-016-348093,Mobile,+855016348093
Smart-016-348094,Mobile,+855016348094
Smart-016-348095,Mobile,+855016348095
Smart-016-348096,Mobile,+855016348096
Smart-016-348097,Mobile,+855016348097
Smart-016-348098,Mobile,+855016348098
Smart-016-348099,Mobile,+855016348099
Smart-016-348100,Mobile,+855016348100
Smart-016-348101,Mobile,+855016348101
Smart-016-348102,Mobile,+855016348102
Smart-016-348103,Mobile,+855016348103
Smart-016-348104,Mobile,+855016348104
Smart-016-348105,Mobile,+855016348105
Smart-016-348106,Mobile,+855016348106
Smart-016-348107,Mobile,+855016348107
Smart-016-348108,Mobile,+855016348108
Smart-016-348109,Mobile,+855016348109
Smart-016-348110,Mobile,+855016348110
Smart-016-348111,Mobile,+855016348111
Smart-016-348112,Mobile,+855016348112
Smart-016-348113,Mobile,+855016348113
Smart-016-348114,Mobile,+855016348114
Smart-016-348115,Mobile,+855016348115
Smart-016-348116,Mobile,+855016348116
Smart-016-348117,Mobile,+855016348117
Smart-016-348118,Mobile,+855016348118
Smart-016-348119,Mobile,+855016348119
Smart-016-348120,Mobile,+855016348120
Smart-016-348121,Mobile,+855016348121
Smart-016-348122,Mobile,+855016348122
Smart-016-348123,Mobile,+855016348123
Smart-016-348124,Mobile,+855016348124
Smart-016-348125,Mobile,+855016348125
Smart-016-348126,Mobile,+855016348126
Smart-016-348127,Mobile,+855016348127
Smart-016-348128,Mobile,+855016348128
Smart-016-348129,Mobile,+855016348129
Smart-016-348130,Mobile,+855016348130
Smart-016-348131,Mobile,+855016348131
Smart-016-348132,Mobile,+855016348132
Smart-016-348133,Mobile,+855016348133
Smart-016-348134,Mobile,+855016348134
Smart-016-348135,Mobile,+855016348135
Smart-016-348136,Mobile,+855016348136
Smart-016-348137,Mobile,+855016348137
Smart-016-348138,Mobile,+855016348138
Smart-016-348139,Mobile,+855016348139
Smart-016-348140,Mobile,+855016348140
Smart-016-348141,Mobile,+855016348141
Smart-016-348142,Mobile,+855016348142
Smart-016-348143,Mobile,+855016348143
Smart-016-348144,Mobile,+855016348144
Smart-016-348145,Mobile,+855016348145
Smart-016-348146,Mobile,+855016348146
Smart-016-348147,Mobile,+855016348147
Smart-016-348148,Mobile,+855016348148
Smart-016-348149,Mobile,+855016348149
Smart-016-348150,Mobile,+855016348150
Smart-016-348151,Mobile,+855016348151
Smart-016-348152,Mobile,+855016348152
Smart-016-348153,Mobile,+855016348153
Smart-016-348154,Mobile,+855016348154
Smart-016-348155,Mobile,+855016348155
Smart-016-348156,Mobile,+855016348156
Smart-016-348157,Mobile,+855016348157
Smart-016-348158,Mobile,+855016348158
Smart-016-348159,Mobile,+855016348159
Smart-016-348160,Mobile,+855016348160
Smart-016-348161,Mobile,+855016348161
Smart-016-348162,Mobile,+855016348162
Smart-016-348163,Mobile,+855016348163
Smart-016-348164,Mobile,+855016348164
Smart-016-348165,Mobile,+855016348165
Smart-016-348166,Mobile,+855016348166
Smart-016-348167,Mobile,+855016348167
Smart-016-348168,Mobile,+855016348168
Smart-016-348169,Mobile,+855016348169
Smart-016-348170,Mobile,+855016348170
Smart-016-348171,Mobile,+855016348171
Smart-016-348172,Mobile,+855016348172
Smart-016-348173,Mobile,+855016348173
Smart-016-348174,Mobile,+855016348174
Smart-016-348175,Mobile,+855016348175
Smart-016-348176,Mobile,+855016348176
Smart-016-348177,Mobile,+855016348177
Smart-016-348178,Mobile,+855016348178
Smart-016-348179,Mobile,+855016348179
Smart-016-348180,Mobile,+855016348180
Smart-016-348181,Mobile,+855016348181
Smart-016-348182,Mobile,+855016348182
Smart-016-348183,Mobile,+855016348183
Smart-016-348184,Mobile,+855016348184
Smart-016-348185,Mobile,+855016348185
Smart-016-348186,Mobile,+855016348186
Smart-016-348187,Mobile,+855016348187
Smart-016-348188,Mobile,+855016348188
Smart-016-348189,Mobile,+855016348189
Smart-016-348190,Mobile,+855016348190
Smart-016-348191,Mobile,+855016348191
Smart-016-348192,Mobile,+855016348192
Smart-016-348193,Mobile,+855016348193
Smart-016-348194,Mobile,+855016348194
Smart-016-348195,Mobile,+855016348195
Smart-016-348196,Mobile,+855016348196
Smart-016-348197,Mobile,+855016348197
Smart-016-348198,Mobile,+855016348198
Smart-016-348199,Mobile,+855016348199
Smart-016-348200,Mobile,+855016348200
Smart-016-348201,Mobile,+855016348201
Smart-016-348202,Mobile,+855016348202
Smart-016-348203,Mobile,+855016348203
Smart-016-348204,Mobile,+855016348204
Smart-016-348205,Mobile,+855016348205
Smart-016-348206,Mobile,+855016348206
Smart-016-348207,Mobile,+855016348207
Smart-016-348208,Mobile,+855016348208
Smart-016-348209,Mobile,+855016348209
Smart-016-348210,Mobile,+855016348210
Smart-016-348211,Mobile,+855016348211
Smart-016-348212,Mobile,+855016348212
Smart-016-348213,Mobile,+855016348213
Smart-016-348214,Mobile,+855016348214
Smart-016-348215,Mobile,+855016348215
Smart-016-348216,Mobile,+855016348216
Smart-016-348217,Mobile,+855016348217
Smart-016-348218,Mobile,+855016348218
Smart-016-348219,Mobile,+855016348219
Smart-016-348220,Mobile,+855016348220
Smart-016-348221,Mobile,+855016348221
Smart-016-348222,Mobile,+855016348222
Smart-016-348223,Mobile,+855016348223
Smart-016-348224,Mobile,+855016348224
Smart-016-348225,Mobile,+855016348225
Smart-016-348226,Mobile,+855016348226
Smart-016-348227,Mobile,+855016348227
Smart-016-348228,Mobile,+855016348228
Smart-016-348229,Mobile,+855016348229
Smart-016-348230,Mobile,+855016348230
Smart-016-348231,Mobile,+855016348231
Smart-016-348232,Mobile,+855016348232
Smart-016-348233,Mobile,+855016348233
Smart-016-348234,Mobile,+855016348234
Smart-016-348235,Mobile,+855016348235
Smart-016-348236,Mobile,+855016348236
Smart-016-348237,Mobile,+855016348237
Smart-016-348238,Mobile,+855016348238
Smart-016-348239,Mobile,+855016348239
Smart-016-348240,Mobile,+855016348240
Smart-016-348241,Mobile,+855016348241
Smart-016-348242,Mobile,+855016348242
Smart-016-348243,Mobile,+855016348243
Smart-016-348244,Mobile,+855016348244
Smart-016-348245,Mobile,+855016348245
Smart-016-348246,Mobile,+855016348246
Smart-016-348247,Mobile,+855016348247
Smart-016-348248,Mobile,+855016348248
Smart-016-348249,Mobile,+855016348249
Smart-016-348250,Mobile,+855016348250
Smart-016-348251,Mobile,+855016348251
Smart-016-348252,Mobile,+855016348252
Smart-016-348253,Mobile,+855016348253
Smart-016-348254,Mobile,+855016348254
Smart-016-348255,Mobile,+855016348255
Smart-016-348256,Mobile,+855016348256
Smart-016-348257,Mobile,+855016348257
Smart-016-348258,Mobile,+855016348258
Smart-016-348259,Mobile,+855016348259
Smart-016-348260,Mobile,+855016348260
Smart-016-348261,Mobile,+855016348261
Smart-016-348262,Mobile,+855016348262
Smart-016-348263,Mobile,+855016348263
Smart-016-348264,Mobile,+855016348264
Smart-016-348265,Mobile,+855016348265
Smart-016-348266,Mobile,+855016348266
Smart-016-348267,Mobile,+855016348267
Smart-016-348268,Mobile,+855016348268
Smart-016-348269,Mobile,+855016348269
Smart-016-348270,Mobile,+855016348270
Smart-016-348271,Mobile,+855016348271
Smart-016-348272,Mobile,+855016348272
Smart-016-348273,Mobile,+855016348273
Smart-016-348274,Mobile,+855016348274
Smart-016-348275,Mobile,+855016348275
Smart-016-348276,Mobile,+855016348276
Smart-016-348277,Mobile,+855016348277
Smart-016-348278,Mobile,+855016348278
Smart-016-348279,Mobile,+855016348279
Smart-016-348280,Mobile,+855016348280
Smart-016-348281,Mobile,+855016348281
Smart-016-348282,Mobile,+855016348282
Smart-016-348283,Mobile,+855016348283
Smart-016-348284,Mobile,+855016348284
Smart-016-348285,Mobile,+855016348285
Smart-016-348286,Mobile,+855016348286
Smart-016-348287,Mobile,+855016348287
Smart-016-348288,Mobile,+855016348288
Smart-016-348289,Mobile,+855016348289
Smart-016-348290,Mobile,+855016348290
Smart-016-348291,Mobile,+855016348291
Smart-016-348292,Mobile,+855016348292
Smart-016-348293,Mobile,+855016348293
Smart-016-348294,Mobile,+855016348294
Smart-016-348295,Mobile,+855016348295
Smart-016-348296,Mobile,+855016348296
Smart-016-348297,Mobile,+855016348297
Smart-016-348298,Mobile,+855016348298
Smart-016-348299,Mobile,+855016348299
Smart-016-348300,Mobile,+855016348300
Smart-016-348301,Mobile,+855016348301
Smart-016-348302,Mobile,+855016348302
Smart-016-348303,Mobile,+855016348303
Smart-016-348304,Mobile,+855016348304
Smart-016-348305,Mobile,+855016348305
Smart-016-348306,Mobile,+855016348306
Smart-016-348307,Mobile,+855016348307
Smart-016-348308,Mobile,+855016348308
Smart-016-348309,Mobile,+855016348309
Smart-016-348310,Mobile,+855016348310
Smart-016-348311,Mobile,+855016348311
Smart-016-348312,Mobile,+855016348312
Smart-016-348313,Mobile,+855016348313
Smart-016-348314,Mobile,+855016348314
Smart-016-348315,Mobile,+855016348315
Smart-016-348316,Mobile,+855016348316
Smart-016-348317,Mobile,+855016348317
Smart-016-348318,Mobile,+855016348318
Smart-016-348319,Mobile,+855016348319
Smart-016-348320,Mobile,+855016348320
Smart-016-348321,Mobile,+855016348321
Smart-016-348322,Mobile,+855016348322
Smart-016-348323,Mobile,+855016348323
Smart-016-348324,Mobile,+855016348324
Smart-016-348325,Mobile,+855016348325
Smart-016-348326,Mobile,+855016348326
Smart-016-348327,Mobile,+855016348327
Smart-016-348328,Mobile,+855016348328
Smart-016-348329,Mobile,+855016348329
Smart-016-348330,Mobile,+855016348330
Smart-016-348331,Mobile,+855016348331
Smart-016-348332,Mobile,+855016348332
Smart-016-348333,Mobile,+855016348333
Smart-016-348334,Mobile,+855016348334
Smart-016-348335,Mobile,+855016348335
Smart-016-348336,Mobile,+855016348336
Smart-016-348337,Mobile,+855016348337
Smart-016-348338,Mobile,+855016348338
Smart-016-348339,Mobile,+855016348339
Smart-016-348340,Mobile,+855016348340
Smart-016-348341,Mobile,+855016348341
Smart-016-348342,Mobile,+855016348342
Smart-016-348343,Mobile,+855016348343
Smart-016-348344,Mobile,+855016348344
Smart-016-348345,Mobile,+855016348345
Smart-016-348346,Mobile,+855016348346
Smart-016-348347,Mobile,+855016348347
Smart-016-348348,Mobile,+855016348348
Smart-016-348349,Mobile,+855016348349
Smart-016-348350,Mobile,+855016348350
Smart-016-348351,Mobile,+855016348351
Smart-016-348352,Mobile,+855016348352
Smart-016-348353,Mobile,+855016348353
Smart-016-348354,Mobile,+855016348354
Smart-016-348355,Mobile,+855016348355
Smart-016-348356,Mobile,+855016348356
Smart-016-348357,Mobile,+855016348357
Smart-016-348358,Mobile,+855016348358
Smart-016-348359,Mobile,+855016348359
Smart-016-348360,Mobile,+855016348360
Smart-016-348361,Mobile,+855016348361
Smart-016-348362,Mobile,+855016348362
Smart-016-348363,Mobile,+855016348363
Smart-016-348364,Mobile,+855016348364
Smart-016-348365,Mobile,+855016348365
Smart-016-348366,Mobile,+855016348366
Smart-016-348367,Mobile,+855016348367
Smart-016-348368,Mobile,+855016348368
Smart-016-348369,Mobile,+855016348369
Smart-016-348370,Mobile,+855016348370
Smart-016-348371,Mobile,+855016348371
Smart-016-348372,Mobile,+855016348372
Smart-016-348373,Mobile,+855016348373
Smart-016-348374,Mobile,+855016348374
Smart-016-348375,Mobile,+855016348375
Smart-016-348376,Mobile,+855016348376
Smart-016-348377,Mobile,+855016348377
Smart-016-348378,Mobile,+855016348378
Smart-016-348379,Mobile,+855016348379
Smart-016-348380,Mobile,+855016348380
Smart-016-348381,Mobile,+855016348381
Smart-016-348382,Mobile,+855016348382
Smart-016-348383,Mobile,+855016348383
Smart-016-348384,Mobile,+855016348384
Smart-016-348385,Mobile,+855016348385
Smart-016-348386,Mobile,+855016348386
Smart-016-348387,Mobile,+855016348387
Smart-016-348388,Mobile,+855016348388
Smart-016-348389,Mobile,+855016348389
Smart-016-348390,Mobile,+855016348390
Smart-016-348391,Mobile,+855016348391
Smart-016-348392,Mobile,+855016348392
Smart-016-348393,Mobile,+855016348393
Smart-016-348394,Mobile,+855016348394
Smart-016-348395,Mobile,+855016348395
Smart-016-348396,Mobile,+855016348396
Smart-016-348397,Mobile,+855016348397
Smart-016-348398,Mobile,+855016348398
Smart-016-348399,Mobile,+855016348399
Smart-016-348400,Mobile,+855016348400
Smart-016-348401,Mobile,+855016348401
Smart-016-348402,Mobile,+855016348402
Smart-016-348403,Mobile,+855016348403
Smart-016-348404,Mobile,+855016348404
Smart-016-348405,Mobile,+855016348405
Smart-016-348406,Mobile,+855016348406
Smart-016-348407,Mobile,+855016348407
Smart-016-348408,Mobile,+855016348408
Smart-016-348409,Mobile,+855016348409
Smart-016-348410,Mobile,+855016348410
Smart-016-348411,Mobile,+855016348411
Smart-016-348412,Mobile,+855016348412
Smart-016-348413,Mobile,+855016348413
Smart-016-348414,Mobile,+855016348414
Smart-016-348415,Mobile,+855016348415
Smart-016-348416,Mobile,+855016348416
Smart-016-348417,Mobile,+855016348417
Smart-016-348418,Mobile,+855016348418
Smart-016-348419,Mobile,+855016348419
Smart-016-348420,Mobile,+855016348420
Smart-016-348421,Mobile,+855016348421
Smart-016-348422,Mobile,+855016348422
Smart-016-348423,Mobile,+855016348423
Smart-016-348424,Mobile,+855016348424
Smart-016-348425,Mobile,+855016348425
Smart-016-348426,Mobile,+855016348426
Smart-016-348427,Mobile,+855016348427
Smart-016-348428,Mobile,+855016348428
Smart-016-348429,Mobile,+855016348429
Smart-016-348430,Mobile,+855016348430
Smart-016-348431,Mobile,+855016348431
Smart-016-348432,Mobile,+855016348432
Smart-016-348433,Mobile,+855016348433
Smart-016-348434,Mobile,+855016348434
Smart-016-348435,Mobile,+855016348435
Smart-016-348436,Mobile,+855016348436
Smart-016-348437,Mobile,+855016348437
Smart-016-348438,Mobile,+855016348438
Smart-016-348439,Mobile,+855016348439
Smart-016-348440,Mobile,+855016348440
Smart-016-348441,Mobile,+855016348441
Smart-016-348442,Mobile,+855016348442
Smart-016-348443,Mobile,+855016348443
Smart-016-348444,Mobile,+855016348444
Smart-016-348445,Mobile,+855016348445
Smart-016-348446,Mobile,+855016348446
Smart-016-348447,Mobile,+855016348447
Smart-016-348448,Mobile,+855016348448
Smart-016-348449,Mobile,+855016348449
Smart-016-348450,Mobile,+855016348450
Smart-016-348451,Mobile,+855016348451
Smart-016-348452,Mobile,+855016348452
Smart-016-348453,Mobile,+855016348453
Smart-016-348454,Mobile,+855016348454
Smart-016-348455,Mobile,+855016348455
Smart-016-348456,Mobile,+855016348456
Smart-016-348457,Mobile,+855016348457
Smart-016-348458,Mobile,+855016348458
Smart-016-348459,Mobile,+855016348459
Smart-016-348460,Mobile,+855016348460
Smart-016-348461,Mobile,+855016348461
Smart-016-348462,Mobile,+855016348462
Smart-016-348463,Mobile,+855016348463
Smart-016-348464,Mobile,+855016348464
Smart-016-348465,Mobile,+855016348465
Smart-016-348466,Mobile,+855016348466
Smart-016-348467,Mobile,+855016348467
Smart-016-348468,Mobile,+855016348468
Smart-016-348469,Mobile,+855016348469
Smart-016-348470,Mobile,+855016348470
Smart-016-348471,Mobile,+855016348471
Smart-016-348472,Mobile,+855016348472
Smart-016-348473,Mobile,+855016348473
Smart-016-348474,Mobile,+855016348474
Smart-016-348475,Mobile,+855016348475
Smart-016-348476,Mobile,+855016348476
Smart-016-348477,Mobile,+855016348477
Smart-016-348478,Mobile,+855016348478
Smart-016-348479,Mobile,+855016348479
Smart-016-348480,Mobile,+855016348480
Smart-016-348481,Mobile,+855016348481
Smart-016-348482,Mobile,+855016348482
Smart-016-348483,Mobile,+855016348483
Smart-016-348484,Mobile,+855016348484
Smart-016-348485,Mobile,+855016348485
Smart-016-348486,Mobile,+855016348486
Smart-016-348487,Mobile,+855016348487
Smart-016-348488,Mobile,+855016348488
Smart-016-348489,Mobile,+855016348489
Smart-016-348490,Mobile,+855016348490
Smart-016-348491,Mobile,+855016348491
Smart-016-348492,Mobile,+855016348492
Smart-016-348493,Mobile,+855016348493
Smart-016-348494,Mobile,+855016348494
Smart-016-348495,Mobile,+855016348495
Smart-016-348496,Mobile,+855016348496
Smart-016-348497,Mobile,+855016348497
Smart-016-348498,Mobile,+855016348498
Smart-016-348499,Mobile,+855016348499
Smart-016-348500,Mobile,+855016348500
Smart-016-348501,Mobile,+855016348501
Smart-016-348502,Mobile,+855016348502
Smart-016-348503,Mobile,+855016348503
Smart-016-348504,Mobile,+855016348504
Smart-016-348505,Mobile,+855016348505
Smart-016-348506,Mobile,+855016348506
Smart-016-348507,Mobile,+855016348507
Smart-016-348508,Mobile,+855016348508
Smart-016-348509,Mobile,+855016348509
Smart-016-348510,Mobile,+855016348510
Smart-016-348511,Mobile,+855016348511
Smart-016-348512,Mobile,+855016348512
Smart-016-348513,Mobile,+855016348513
Smart-016-348514,Mobile,+855016348514
Smart-016-348515,Mobile,+855016348515
Smart-016-348516,Mobile,+855016348516
Smart-016-348517,Mobile,+855016348517
Smart-016-348518,Mobile,+855016348518
Smart-016-348519,Mobile,+855016348519
Smart-016-348520,Mobile,+855016348520
Smart-016-348521,Mobile,+855016348521
Smart-016-348522,Mobile,+855016348522
Smart-016-348523,Mobile,+855016348523
Smart-016-348524,Mobile,+855016348524
Smart-016-348525,Mobile,+855016348525
Smart-016-348526,Mobile,+855016348526
Smart-016-348527,Mobile,+855016348527
Smart-016-348528,Mobile,+855016348528
Smart-016-348529,Mobile,+855016348529
Smart-016-348530,Mobile,+855016348530
Smart-016-348531,Mobile,+855016348531
Smart-016-348532,Mobile,+855016348532
Smart-016-348533,Mobile,+855016348533
Smart-016-348534,Mobile,+855016348534
Smart-016-348535,Mobile,+855016348535
Smart-016-348536,Mobile,+855016348536
Smart-016-348537,Mobile,+855016348537
Smart-016-348538,Mobile,+855016348538
Smart-016-348539,Mobile,+855016348539
Smart-016-348540,Mobile,+855016348540
Smart-016-348541,Mobile,+855016348541
Smart-016-348542,Mobile,+855016348542
Smart-016-348543,Mobile,+855016348543
Smart-016-348544,Mobile,+855016348544
Smart-016-348545,Mobile,+855016348545
Smart-016-348546,Mobile,+855016348546
Smart-016-348547,Mobile,+855016348547
Smart-016-348548,Mobile,+855016348548
Smart-016-348549,Mobile,+855016348549
Smart-016-348550,Mobile,+855016348550
Smart-016-348551,Mobile,+855016348551
Smart-016-348552,Mobile,+855016348552
Smart-016-348553,Mobile,+855016348553
Smart-016-348554,Mobile,+855016348554
Smart-016-348555,Mobile,+855016348555
Smart-016-348556,Mobile,+855016348556
Smart-016-348557,Mobile,+855016348557
Smart-016-348558,Mobile,+855016348558
Smart-016-348559,Mobile,+855016348559
Smart-016-348560,Mobile,+855016348560
Smart-016-348561,Mobile,+855016348561
Smart-016-348562,Mobile,+855016348562
Smart-016-348563,Mobile,+855016348563
Smart-016-348564,Mobile,+855016348564
Smart-016-348565,Mobile,+855016348565
Smart-016-348566,Mobile,+855016348566
Smart-016-348567,Mobile,+855016348567
Smart-016-348568,Mobile,+855016348568
Smart-016-348569,Mobile,+855016348569
Smart-016-348570,Mobile,+855016348570
Smart-016-348571,Mobile,+855016348571
Smart-016-348572,Mobile,+855016348572
Smart-016-348573,Mobile,+855016348573
Smart-016-348574,Mobile,+855016348574
Smart-016-348575,Mobile,+855016348575
Smart-016-348576,Mobile,+855016348576
Smart-016-348577,Mobile,+855016348577
Smart-016-348578,Mobile,+855016348578
Smart-016-348579,Mobile,+855016348579
Smart-016-348580,Mobile,+855016348580
Smart-016-348581,Mobile,+855016348581
Smart-016-348582,Mobile,+855016348582
Smart-016-348583,Mobile,+855016348583
Smart-016-348584,Mobile,+855016348584
Smart-016-348585,Mobile,+855016348585
Smart-016-348586,Mobile,+855016348586
Smart-016-348587,Mobile,+855016348587
Smart-016-348588,Mobile,+855016348588
Smart-016-348589,Mobile,+855016348589
Smart-016-348590,Mobile,+855016348590
Smart-016-348591,Mobile,+855016348591
Smart-016-348592,Mobile,+855016348592
Smart-016-348593,Mobile,+855016348593
Smart-016-348594,Mobile,+855016348594
Smart-016-348595,Mobile,+855016348595
Smart-016-348596,Mobile,+855016348596
Smart-016-348597,Mobile,+855016348597
Smart-016-348598,Mobile,+855016348598
Smart-016-348599,Mobile,+855016348599
Smart-016-348600,Mobile,+855016348600
Smart-016-348601,Mobile,+855016348601
Smart-016-348602,Mobile,+855016348602
Smart-016-348603,Mobile,+855016348603
Smart-016-348604,Mobile,+855016348604
Smart-016-348605,Mobile,+855016348605
Smart-016-348606,Mobile,+855016348606
Smart-016-348607,Mobile,+855016348607
Smart-016-348608,Mobile,+855016348608
Smart-016-348609,Mobile,+855016348609
Smart-016-348610,Mobile,+855016348610
Smart-016-348611,Mobile,+855016348611
Smart-016-348612,Mobile,+855016348612
Smart-016-348613,Mobile,+855016348613
Smart-016-348614,Mobile,+855016348614
Smart-016-348615,Mobile,+855016348615
Smart-016-348616,Mobile,+855016348616
Smart-016-348617,Mobile,+855016348617
Smart-016-348618,Mobile,+855016348618
Smart-016-348619,Mobile,+855016348619
Smart-016-348620,Mobile,+855016348620
Smart-016-348621,Mobile,+855016348621
Smart-016-348622,Mobile,+855016348622
Smart-016-348623,Mobile,+855016348623
Smart-016-348624,Mobile,+855016348624
Smart-016-348625,Mobile,+855016348625
Smart-016-348626,Mobile,+855016348626
Smart-016-348627,Mobile,+855016348627
Smart-016-348628,Mobile,+855016348628
Smart-016-348629,Mobile,+855016348629
Smart-016-348630,Mobile,+855016348630
Smart-016-348631,Mobile,+855016348631
Smart-016-348632,Mobile,+855016348632
Smart-016-348633,Mobile,+855016348633
Smart-016-348634,Mobile,+855016348634
Smart-016-348635,Mobile,+855016348635
Smart-016-348636,Mobile,+855016348636
Smart-016-348637,Mobile,+855016348637
Smart-016-348638,Mobile,+855016348638
Smart-016-348639,Mobile,+855016348639
Smart-016-348640,Mobile,+855016348640
Smart-016-348641,Mobile,+855016348641
Smart-016-348642,Mobile,+855016348642
Smart-016-348643,Mobile,+855016348643
Smart-016-348644,Mobile,+855016348644
Smart-016-348645,Mobile,+855016348645
Smart-016-348646,Mobile,+855016348646
Smart-016-348647,Mobile,+855016348647
Smart-016-348648,Mobile,+855016348648
Smart-016-348649,Mobile,+855016348649
Smart-016-348650,Mobile,+855016348650
Smart-016-348651,Mobile,+855016348651
Smart-016-348652,Mobile,+855016348652
Smart-016-348653,Mobile,+855016348653
Smart-016-348654,Mobile,+855016348654
Smart-016-348655,Mobile,+855016348655
Smart-016-348656,Mobile,+855016348656
Smart-016-348657,Mobile,+855016348657
Smart-016-348658,Mobile,+855016348658
Smart-016-348659,Mobile,+855016348659
Smart-016-348660,Mobile,+855016348660
Smart-016-348661,Mobile,+855016348661
Smart-016-348662,Mobile,+855016348662
Smart-016-348663,Mobile,+855016348663
Smart-016-348664,Mobile,+855016348664
Smart-016-348665,Mobile,+855016348665
Smart-016-348666,Mobile,+855016348666
Smart-016-348667,Mobile,+855016348667
Smart-016-348668,Mobile,+855016348668
Smart-016-348669,Mobile,+855016348669
Smart-016-348670,Mobile,+855016348670
Smart-016-348671,Mobile,+855016348671
Smart-016-348672,Mobile,+855016348672
Smart-016-348673,Mobile,+855016348673
Smart-016-348674,Mobile,+855016348674
Smart-016-348675,Mobile,+855016348675
Smart-016-348676,Mobile,+855016348676
Smart-016-348677,Mobile,+855016348677
Smart-016-348678,Mobile,+855016348678
Smart-016-348679,Mobile,+855016348679
Smart-016-348680,Mobile,+855016348680
Smart-016-348681,Mobile,+855016348681
Smart-016-348682,Mobile,+855016348682
Smart-016-348683,Mobile,+855016348683
Smart-016-348684,Mobile,+855016348684
Smart-016-348685,Mobile,+855016348685
Smart-016-348686,Mobile,+855016348686
Smart-016-348687,Mobile,+855016348687
Smart-016-348688,Mobile,+855016348688
Smart-016-348689,Mobile,+855016348689
Smart-016-348690,Mobile,+855016348690
Smart-016-348691,Mobile,+855016348691
Smart-016-348692,Mobile,+855016348692
Smart-016-348693,Mobile,+855016348693
Smart-016-348694,Mobile,+855016348694
Smart-016-348695,Mobile,+855016348695
Smart-016-348696,Mobile,+855016348696
Smart-016-348697,Mobile,+855016348697
Smart-016-348698,Mobile,+855016348698
Smart-016-348699,Mobile,+855016348699
Smart-016-348700,Mobile,+855016348700
Smart-016-348701,Mobile,+855016348701
Smart-016-348702,Mobile,+855016348702
Smart-016-348703,Mobile,+855016348703
Smart-016-348704,Mobile,+855016348704
Smart-016-348705,Mobile,+855016348705
Smart-016-348706,Mobile,+855016348706
Smart-016-348707,Mobile,+855016348707
Smart-016-348708,Mobile,+855016348708
Smart-016-348709,Mobile,+855016348709
Smart-016-348710,Mobile,+855016348710
Smart-016-348711,Mobile,+855016348711
Smart-016-348712,Mobile,+855016348712
Smart-016-348713,Mobile,+855016348713
Smart-016-348714,Mobile,+855016348714
Smart-016-348715,Mobile,+855016348715
Smart-016-348716,Mobile,+855016348716
Smart-016-348717,Mobile,+855016348717
Smart-016-348718,Mobile,+855016348718
Smart-016-348719,Mobile,+855016348719
Smart-016-348720,Mobile,+855016348720
Smart-016-348721,Mobile,+855016348721
Smart-016-348722,Mobile,+855016348722
Smart-016-348723,Mobile,+855016348723
Smart-016-348724,Mobile,+855016348724
Smart-016-348725,Mobile,+855016348725
Smart-016-348726,Mobile,+855016348726
Smart-016-348727,Mobile,+855016348727
Smart-016-348728,Mobile,+855016348728
Smart-016-348729,Mobile,+855016348729
Smart-016-348730,Mobile,+855016348730
Smart-016-348731,Mobile,+855016348731
Smart-016-348732,Mobile,+855016348732
Smart-016-348733,Mobile,+855016348733
Smart-016-348734,Mobile,+855016348734
Smart-016-348735,Mobile,+855016348735
Smart-016-348736,Mobile,+855016348736
Smart-016-348737,Mobile,+855016348737
Smart-016-348738,Mobile,+855016348738
Smart-016-348739,Mobile,+855016348739
Smart-016-348740,Mobile,+855016348740
Smart-016-348741,Mobile,+855016348741
Smart-016-348742,Mobile,+855016348742
Smart-016-348743,Mobile,+855016348743
Smart-016-348744,Mobile,+855016348744
Smart-016-348745,Mobile,+855016348745
Smart-016-348746,Mobile,+855016348746
Smart-016-348747,Mobile,+855016348747
Smart-016-348748,Mobile,+855016348748
Smart-016-348749,Mobile,+855016348749
Smart-016-348750,Mobile,+855016348750
Smart-016-348751,Mobile,+855016348751
Smart-016-348752,Mobile,+855016348752
Smart-016-348753,Mobile,+855016348753
Smart-016-348754,Mobile,+855016348754
Smart-016-348755,Mobile,+855016348755
Smart-016-348756,Mobile,+855016348756
Smart-016-348757,Mobile,+855016348757
Smart-016-348758,Mobile,+855016348758
Smart-016-348759,Mobile,+855016348759
Smart-016-348760,Mobile,+855016348760
Smart-016-348761,Mobile,+855016348761
Smart-016-348762,Mobile,+855016348762
Smart-016-348763,Mobile,+855016348763
Smart-016-348764,Mobile,+855016348764
Smart-016-348765,Mobile,+855016348765
Smart-016-348766,Mobile,+855016348766
Smart-016-348767,Mobile,+855016348767
Smart-016-348768,Mobile,+855016348768
Smart-016-348769,Mobile,+855016348769
Smart-016-348770,Mobile,+855016348770
Smart-016-348771,Mobile,+855016348771
Smart-016-348772,Mobile,+855016348772
Smart-016-348773,Mobile,+855016348773
Smart-016-348774,Mobile,+855016348774
Smart-016-348775,Mobile,+855016348775
Smart-016-348776,Mobile,+855016348776
Smart-016-348777,Mobile,+855016348777
Smart-016-348778,Mobile,+855016348778
Smart-016-348779,Mobile,+855016348779
Smart-016-348780,Mobile,+855016348780
Smart-016-348781,Mobile,+855016348781
Smart-016-348782,Mobile,+855016348782
Smart-016-348783,Mobile,+855016348783
Smart-016-348784,Mobile,+855016348784
Smart-016-348785,Mobile,+855016348785
Smart-016-348786,Mobile,+855016348786
Smart-016-348787,Mobile,+855016348787
Smart-016-348788,Mobile,+855016348788
Smart-016-348789,Mobile,+855016348789
Smart-016-348790,Mobile,+855016348790
Smart-016-348791,Mobile,+855016348791
Smart-016-348792,Mobile,+855016348792
Smart-016-348793,Mobile,+855016348793
Smart-016-348794,Mobile,+855016348794
Smart-016-348795,Mobile,+855016348795
Smart-016-348796,Mobile,+855016348796
Smart-016-348797,Mobile,+855016348797
Smart-016-348798,Mobile,+855016348798
Smart-016-348799,Mobile,+855016348799
Smart-016-348800,Mobile,+855016348800
Smart-016-348801,Mobile,+855016348801
Smart-016-348802,Mobile,+855016348802
Smart-016-348803,Mobile,+855016348803
Smart-016-348804,Mobile,+855016348804
Smart-016-348805,Mobile,+855016348805
Smart-016-348806,Mobile,+855016348806
Smart-016-348807,Mobile,+855016348807
Smart-016-348808,Mobile,+855016348808
Smart-016-348809,Mobile,+855016348809
Smart-016-348810,Mobile,+855016348810
Smart-016-348811,Mobile,+855016348811
Smart-016-348812,Mobile,+855016348812
Smart-016-348813,Mobile,+855016348813
Smart-016-348814,Mobile,+855016348814
Smart-016-348815,Mobile,+855016348815
Smart-016-348816,Mobile,+855016348816
Smart-016-348817,Mobile,+855016348817
Smart-016-348818,Mobile,+855016348818
Smart-016-348819,Mobile,+855016348819
Smart-016-348820,Mobile,+855016348820
Smart-016-348821,Mobile,+855016348821
Smart-016-348822,Mobile,+855016348822
Smart-016-348823,Mobile,+855016348823
Smart-016-348824,Mobile,+855016348824
Smart-016-348825,Mobile,+855016348825
Smart-016-348826,Mobile,+855016348826
Smart-016-348827,Mobile,+855016348827
Smart-016-348828,Mobile,+855016348828
Smart-016-348829,Mobile,+855016348829
Smart-016-348830,Mobile,+855016348830
Smart-016-348831,Mobile,+855016348831
Smart-016-348832,Mobile,+855016348832
Smart-016-348833,Mobile,+855016348833
Smart-016-348834,Mobile,+855016348834
Smart-016-348835,Mobile,+855016348835
Smart-016-348836,Mobile,+855016348836
Smart-016-348837,Mobile,+855016348837
Smart-016-348838,Mobile,+855016348838
Smart-016-348839,Mobile,+855016348839
Smart-016-348840,Mobile,+855016348840
Smart-016-348841,Mobile,+855016348841
Smart-016-348842,Mobile,+855016348842
Smart-016-348843,Mobile,+855016348843
Smart-016-348844,Mobile,+855016348844
Smart-016-348845,Mobile,+855016348845
Smart-016-348846,Mobile,+855016348846
Smart-016-348847,Mobile,+855016348847
Smart-016-348848,Mobile,+855016348848
Smart-016-348849,Mobile,+855016348849
Smart-016-348850,Mobile,+855016348850
Smart-016-348851,Mobile,+855016348851
Smart-016-348852,Mobile,+855016348852
Smart-016-348853,Mobile,+855016348853
Smart-016-348854,Mobile,+855016348854
Smart-016-348855,Mobile,+855016348855
Smart-016-348856,Mobile,+855016348856
Smart-016-348857,Mobile,+855016348857
Smart-016-348858,Mobile,+855016348858
Smart-016-348859,Mobile,+855016348859
Smart-016-348860,Mobile,+855016348860
Smart-016-348861,Mobile,+855016348861
Smart-016-348862,Mobile,+855016348862
Smart-016-348863,Mobile,+855016348863
Smart-016-348864,Mobile,+855016348864
Smart-016-348865,Mobile,+855016348865
Smart-016-348866,Mobile,+855016348866
Smart-016-348867,Mobile,+855016348867
Smart-016-348868,Mobile,+855016348868
Smart-016-348869,Mobile,+855016348869
Smart-016-348870,Mobile,+855016348870
Smart-016-348871,Mobile,+855016348871
Smart-016-348872,Mobile,+855016348872
Smart-016-348873,Mobile,+855016348873
Smart-016-348874,Mobile,+855016348874
Smart-016-348875,Mobile,+855016348875
Smart-016-348876,Mobile,+855016348876
Smart-016-348877,Mobile,+855016348877
Smart-016-348878,Mobile,+855016348878
Smart-016-348879,Mobile,+855016348879
Smart-016-348880,Mobile,+855016348880
Smart-016-348881,Mobile,+855016348881
Smart-016-348882,Mobile,+855016348882
Smart-016-348883,Mobile,+855016348883
Smart-016-348884,Mobile,+855016348884
Smart-016-348885,Mobile,+855016348885
Smart-016-348886,Mobile,+855016348886
Smart-016-348887,Mobile,+855016348887
Smart-016-348888,Mobile,+855016348888
Smart-016-348889,Mobile,+855016348889
Smart-016-348890,Mobile,+855016348890
Smart-016-348891,Mobile,+855016348891
Smart-016-348892,Mobile,+855016348892
Smart-016-348893,Mobile,+855016348893
Smart-016-348894,Mobile,+855016348894
Smart-016-348895,Mobile,+855016348895
Smart-016-348896,Mobile,+855016348896
Smart-016-348897,Mobile,+855016348897
Smart-016-348898,Mobile,+855016348898
Smart-016-348899,Mobile,+855016348899
Smart-016-348900,Mobile,+855016348900
Smart-016-348901,Mobile,+855016348901
Smart-016-348902,Mobile,+855016348902
Smart-016-348903,Mobile,+855016348903
Smart-016-348904,Mobile,+855016348904
Smart-016-348905,Mobile,+855016348905
Smart-016-348906,Mobile,+855016348906
Smart-016-348907,Mobile,+855016348907
Smart-016-348908,Mobile,+855016348908
Smart-016-348909,Mobile,+855016348909
Smart-016-348910,Mobile,+855016348910
Smart-016-348911,Mobile,+855016348911
Smart-016-348912,Mobile,+855016348912
Smart-016-348913,Mobile,+855016348913
Smart-016-348914,Mobile,+855016348914
Smart-016-348915,Mobile,+855016348915
Smart-016-348916,Mobile,+855016348916
Smart-016-348917,Mobile,+855016348917
Smart-016-348918,Mobile,+855016348918
Smart-016-348919,Mobile,+855016348919
Smart-016-348920,Mobile,+855016348920
Smart-016-348921,Mobile,+855016348921
Smart-016-348922,Mobile,+855016348922
Smart-016-348923,Mobile,+855016348923
Smart-016-348924,Mobile,+855016348924
Smart-016-348925,Mobile,+855016348925
Smart-016-348926,Mobile,+855016348926
Smart-016-348927,Mobile,+855016348927
Smart-016-348928,Mobile,+855016348928
Smart-016-348929,Mobile,+855016348929
Smart-016-348930,Mobile,+855016348930
Smart-016-348931,Mobile,+855016348931
Smart-016-348932,Mobile,+855016348932
Smart-016-348933,Mobile,+855016348933
Smart-016-348934,Mobile,+855016348934
Smart-016-348935,Mobile,+855016348935
Smart-016-348936,Mobile,+855016348936
Smart-016-348937,Mobile,+855016348937
Smart-016-348938,Mobile,+855016348938
Smart-016-348939,Mobile,+855016348939
Smart-016-348940,Mobile,+855016348940
Smart-016-348941,Mobile,+855016348941
Smart-016-348942,Mobile,+855016348942
Smart-016-348943,Mobile,+855016348943
Smart-016-348944,Mobile,+855016348944
Smart-016-348945,Mobile,+855016348945
Smart-016-348946,Mobile,+855016348946
Smart-016-348947,Mobile,+855016348947
Smart-016-348948,Mobile,+855016348948
Smart-016-348949,Mobile,+855016348949
Smart-016-348950,Mobile,+855016348950
Smart-016-348951,Mobile,+855016348951
Smart-016-348952,Mobile,+855016348952
Smart-016-348953,Mobile,+855016348953
Smart-016-348954,Mobile,+855016348954
Smart-016-348955,Mobile,+855016348955
Smart-016-348956,Mobile,+855016348956
Smart-016-348957,Mobile,+855016348957
Smart-016-348958,Mobile,+855016348958
Smart-016-348959,Mobile,+855016348959
Smart-016-348960,Mobile,+855016348960
Smart-016-348961,Mobile,+855016348961
Smart-016-348962,Mobile,+855016348962
Smart-016-348963,Mobile,+855016348963
Smart-016-348964,Mobile,+855016348964
Smart-016-348965,Mobile,+855016348965
Smart-016-348966,Mobile,+855016348966
Smart-016-348967,Mobile,+855016348967
Smart-016-348968,Mobile,+855016348968
Smart-016-348969,Mobile,+855016348969
Smart-016-348970,Mobile,+855016348970
Smart-016-348971,Mobile,+855016348971
Smart-016-348972,Mobile,+855016348972
Smart-016-348973,Mobile,+855016348973
Smart-016-348974,Mobile,+855016348974
Smart-016-348975,Mobile,+855016348975
Smart-016-348976,Mobile,+855016348976
Smart-016-348977,Mobile,+855016348977
Smart-016-348978,Mobile,+855016348978
Smart-016-348979,Mobile,+855016348979
Smart-016-348980,Mobile,+855016348980
Smart-016-348981,Mobile,+855016348981
Smart-016-348982,Mobile,+855016348982
Smart-016-348983,Mobile,+855016348983
Smart-016-348984,Mobile,+855016348984
Smart-016-348985,Mobile,+855016348985
Smart-016-348986,Mobile,+855016348986
Smart-016-348987,Mobile,+855016348987
Smart-016-348988,Mobile,+855016348988
Smart-016-348989,Mobile,+855016348989
Smart-016-348990,Mobile,+855016348990
Smart-016-348991,Mobile,+855016348991
Smart-016-348992,Mobile,+855016348992
Smart-016-348993,Mobile,+855016348993
Smart-016-348994,Mobile,+855016348994
Smart-016-348995,Mobile,+855016348995
Smart-016-348996,Mobile,+855016348996
Smart-016-348997,Mobile,+855016348997
Smart-016-348998,Mobile,+855016348998
Smart-016-348999,Mobile,+855016348999
Smart-016-349000,Mobile,+855016349000
Smart-016-349001,Mobile,+855016349001
Smart-016-349002,Mobile,+855016349002
Smart-016-349003,Mobile,+855016349003
Smart-016-349004,Mobile,+855016349004
Smart-016-349005,Mobile,+855016349005
Smart-016-349006,Mobile,+855016349006
Smart-016-349007,Mobile,+855016349007
Smart-016-349008,Mobile,+855016349008
Smart-016-349009,Mobile,+855016349009
Smart-016-349010,Mobile,+855016349010
Smart-016-349011,Mobile,+855016349011
Smart-016-349012,Mobile,+855016349012
Smart-016-349013,Mobile,+855016349013
Smart-016-349014,Mobile,+855016349014
Smart-016-349015,Mobile,+855016349015
Smart-016-349016,Mobile,+855016349016
Smart-016-349017,Mobile,+855016349017
Smart-016-349018,Mobile,+855016349018
Smart-016-349019,Mobile,+855016349019
Smart-016-349020,Mobile,+855016349020
Smart-016-349021,Mobile,+855016349021
Smart-016-349022,Mobile,+855016349022
Smart-016-349023,Mobile,+855016349023
Smart-016-349024,Mobile,+855016349024
Smart-016-349025,Mobile,+855016349025
Smart-016-349026,Mobile,+855016349026
Smart-016-349027,Mobile,+855016349027
Smart-016-349028,Mobile,+855016349028
Smart-016-349029,Mobile,+855016349029
Smart-016-349030,Mobile,+855016349030
Smart-016-349031,Mobile,+855016349031
Smart-016-349032,Mobile,+855016349032
Smart-016-349033,Mobile,+855016349033
Smart-016-349034,Mobile,+855016349034
Smart-016-349035,Mobile,+855016349035
Smart-016-349036,Mobile,+855016349036
Smart-016-349037,Mobile,+855016349037
Smart-016-349038,Mobile,+855016349038
Smart-016-349039,Mobile,+855016349039
Smart-016-349040,Mobile,+855016349040
Smart-016-349041,Mobile,+855016349041
Smart-016-349042,Mobile,+855016349042
Smart-016-349043,Mobile,+855016349043
Smart-016-349044,Mobile,+855016349044
Smart-016-349045,Mobile,+855016349045
Smart-016-349046,Mobile,+855016349046
Smart-016-349047,Mobile,+855016349047
Smart-016-349048,Mobile,+855016349048
Smart-016-349049,Mobile,+855016349049
Smart-016-349050,Mobile,+855016349050
Smart-016-349051,Mobile,+855016349051
Smart-016-349052,Mobile,+855016349052
Smart-016-349053,Mobile,+855016349053
Smart-016-349054,Mobile,+855016349054
Smart-016-349055,Mobile,+855016349055
Smart-016-349056,Mobile,+855016349056
Smart-016-349057,Mobile,+855016349057
Smart-016-349058,Mobile,+855016349058
Smart-016-349059,Mobile,+855016349059
Smart-016-349060,Mobile,+855016349060
Smart-016-349061,Mobile,+855016349061
Smart-016-349062,Mobile,+855016349062
Smart-016-349063,Mobile,+855016349063
Smart-016-349064,Mobile,+855016349064
Smart-016-349065,Mobile,+855016349065
Smart-016-349066,Mobile,+855016349066
Smart-016-349067,Mobile,+855016349067
Smart-016-349068,Mobile,+855016349068
Smart-016-349069,Mobile,+855016349069
Smart-016-349070,Mobile,+855016349070
Smart-016-349071,Mobile,+855016349071
Smart-016-349072,Mobile,+855016349072
Smart-016-349073,Mobile,+855016349073
Smart-016-349074,Mobile,+855016349074
Smart-016-349075,Mobile,+855016349075
Smart-016-349076,Mobile,+855016349076
Smart-016-349077,Mobile,+855016349077
Smart-016-349078,Mobile,+855016349078
Smart-016-349079,Mobile,+855016349079
Smart-016-349080,Mobile,+855016349080
Smart-016-349081,Mobile,+855016349081
Smart-016-349082,Mobile,+855016349082
Smart-016-349083,Mobile,+855016349083
Smart-016-349084,Mobile,+855016349084
Smart-016-349085,Mobile,+855016349085
Smart-016-349086,Mobile,+855016349086
Smart-016-349087,Mobile,+855016349087
Smart-016-349088,Mobile,+855016349088
Smart-016-349089,Mobile,+855016349089
Smart-016-349090,Mobile,+855016349090
Smart-016-349091,Mobile,+855016349091
Smart-016-349092,Mobile,+855016349092
Smart-016-349093,Mobile,+855016349093
Smart-016-349094,Mobile,+855016349094
Smart-016-349095,Mobile,+855016349095
Smart-016-349096,Mobile,+855016349096
Smart-016-349097,Mobile,+855016349097
Smart-016-349098,Mobile,+855016349098
Smart-016-349099,Mobile,+855016349099
Smart-016-349100,Mobile,+855016349100
Smart-016-349101,Mobile,+855016349101
Smart-016-349102,Mobile,+855016349102
Smart-016-349103,Mobile,+855016349103
Smart-016-349104,Mobile,+855016349104
Smart-016-349105,Mobile,+855016349105
Smart-016-349106,Mobile,+855016349106
Smart-016-349107,Mobile,+855016349107
Smart-016-349108,Mobile,+855016349108
Smart-016-349109,Mobile,+855016349109
Smart-016-349110,Mobile,+855016349110
Smart-016-349111,Mobile,+855016349111
Smart-016-349112,Mobile,+855016349112
Smart-016-349113,Mobile,+855016349113
Smart-016-349114,Mobile,+855016349114
Smart-016-349115,Mobile,+855016349115
Smart-016-349116,Mobile,+855016349116
Smart-016-349117,Mobile,+855016349117
Smart-016-349118,Mobile,+855016349118
Smart-016-349119,Mobile,+855016349119
Smart-016-349120,Mobile,+855016349120
Smart-016-349121,Mobile,+855016349121
Smart-016-349122,Mobile,+855016349122
Smart-016-349123,Mobile,+855016349123
Smart-016-349124,Mobile,+855016349124
Smart-016-349125,Mobile,+855016349125
Smart-016-349126,Mobile,+855016349126
Smart-016-349127,Mobile,+855016349127
Smart-016-349128,Mobile,+855016349128
Smart-016-349129,Mobile,+855016349129
Smart-016-349130,Mobile,+855016349130
Smart-016-349131,Mobile,+855016349131
Smart-016-349132,Mobile,+855016349132
Smart-016-349133,Mobile,+855016349133
Smart-016-349134,Mobile,+855016349134
Smart-016-349135,Mobile,+855016349135
Smart-016-349136,Mobile,+855016349136
Smart-016-349137,Mobile,+855016349137
Smart-016-349138,Mobile,+855016349138
Smart-016-349139,Mobile,+855016349139
Smart-016-349140,Mobile,+855016349140
Smart-016-349141,Mobile,+855016349141
Smart-016-349142,Mobile,+855016349142
Smart-016-349143,Mobile,+855016349143
Smart-016-349144,Mobile,+855016349144
Smart-016-349145,Mobile,+855016349145
Smart-016-349146,Mobile,+855016349146
Smart-016-349147,Mobile,+855016349147
Smart-016-349148,Mobile,+855016349148
Smart-016-349149,Mobile,+855016349149
Smart-016-349150,Mobile,+855016349150
Smart-016-349151,Mobile,+855016349151
Smart-016-349152,Mobile,+855016349152
Smart-016-349153,Mobile,+855016349153
Smart-016-349154,Mobile,+855016349154
Smart-016-349155,Mobile,+855016349155
Smart-016-349156,Mobile,+855016349156
Smart-016-349157,Mobile,+855016349157
Smart-016-349158,Mobile,+855016349158
Smart-016-349159,Mobile,+855016349159
Smart-016-349160,Mobile,+855016349160
Smart-016-349161,Mobile,+855016349161
Smart-016-349162,Mobile,+855016349162
Smart-016-349163,Mobile,+855016349163
Smart-016-349164,Mobile,+855016349164
Smart-016-349165,Mobile,+855016349165
Smart-016-349166,Mobile,+855016349166
Smart-016-349167,Mobile,+855016349167
Smart-016-349168,Mobile,+855016349168
Smart-016-349169,Mobile,+855016349169
Smart-016-349170,Mobile,+855016349170
Smart-016-349171,Mobile,+855016349171
Smart-016-349172,Mobile,+855016349172
Smart-016-349173,Mobile,+855016349173
Smart-016-349174,Mobile,+855016349174
Smart-016-349175,Mobile,+855016349175
Smart-016-349176,Mobile,+855016349176
Smart-016-349177,Mobile,+855016349177
Smart-016-349178,Mobile,+855016349178
Smart-016-349179,Mobile,+855016349179
Smart-016-349180,Mobile,+855016349180
Smart-016-349181,Mobile,+855016349181
Smart-016-349182,Mobile,+855016349182
Smart-016-349183,Mobile,+855016349183
Smart-016-349184,Mobile,+855016349184
Smart-016-349185,Mobile,+855016349185
Smart-016-349186,Mobile,+855016349186
Smart-016-349187,Mobile,+855016349187
Smart-016-349188,Mobile,+855016349188
Smart-016-349189,Mobile,+855016349189
Smart-016-349190,Mobile,+855016349190
Smart-016-349191,Mobile,+855016349191
Smart-016-349192,Mobile,+855016349192
Smart-016-349193,Mobile,+855016349193
Smart-016-349194,Mobile,+855016349194
Smart-016-349195,Mobile,+855016349195
Smart-016-349196,Mobile,+855016349196
Smart-016-349197,Mobile,+855016349197
Smart-016-349198,Mobile,+855016349198
Smart-016-349199,Mobile,+855016349199
Smart-016-349200,Mobile,+855016349200
Smart-016-349201,Mobile,+855016349201
Smart-016-349202,Mobile,+855016349202
Smart-016-349203,Mobile,+855016349203
Smart-016-349204,Mobile,+855016349204
Smart-016-349205,Mobile,+855016349205
Smart-016-349206,Mobile,+855016349206
Smart-016-349207,Mobile,+855016349207
Smart-016-349208,Mobile,+855016349208
Smart-016-349209,Mobile,+855016349209
Smart-016-349210,Mobile,+855016349210
Smart-016-349211,Mobile,+855016349211
Smart-016-349212,Mobile,+855016349212
Smart-016-349213,Mobile,+855016349213
Smart-016-349214,Mobile,+855016349214
Smart-016-349215,Mobile,+855016349215
Smart-016-349216,Mobile,+855016349216
Smart-016-349217,Mobile,+855016349217
Smart-016-349218,Mobile,+855016349218
Smart-016-349219,Mobile,+855016349219
Smart-016-349220,Mobile,+855016349220
Smart-016-349221,Mobile,+855016349221
Smart-016-349222,Mobile,+855016349222
Smart-016-349223,Mobile,+855016349223
Smart-016-349224,Mobile,+855016349224
Smart-016-349225,Mobile,+855016349225
Smart-016-349226,Mobile,+855016349226
Smart-016-349227,Mobile,+855016349227
Smart-016-349228,Mobile,+855016349228
Smart-016-349229,Mobile,+855016349229
Smart-016-349230,Mobile,+855016349230
Smart-016-349231,Mobile,+855016349231
Smart-016-349232,Mobile,+855016349232
Smart-016-349233,Mobile,+855016349233
Smart-016-349234,Mobile,+855016349234
Smart-016-349235,Mobile,+855016349235
Smart-016-349236,Mobile,+855016349236
Smart-016-349237,Mobile,+855016349237
Smart-016-349238,Mobile,+855016349238
Smart-016-349239,Mobile,+855016349239
Smart-016-349240,Mobile,+855016349240
Smart-016-349241,Mobile,+855016349241
Smart-016-349242,Mobile,+855016349242
Smart-016-349243,Mobile,+855016349243
Smart-016-349244,Mobile,+855016349244
Smart-016-349245,Mobile,+855016349245
Smart-016-349246,Mobile,+855016349246
Smart-016-349247,Mobile,+855016349247
Smart-016-349248,Mobile,+855016349248
Smart-016-349249,Mobile,+855016349249
Smart-016-349250,Mobile,+855016349250
Smart-016-349251,Mobile,+855016349251
Smart-016-349252,Mobile,+855016349252
Smart-016-349253,Mobile,+855016349253
Smart-016-349254,Mobile,+855016349254
Smart-016-349255,Mobile,+855016349255
Smart-016-349256,Mobile,+855016349256
Smart-016-349257,Mobile,+855016349257
Smart-016-349258,Mobile,+855016349258
Smart-016-349259,Mobile,+855016349259
Smart-016-349260,Mobile,+855016349260
Smart-016-349261,Mobile,+855016349261
Smart-016-349262,Mobile,+855016349262
Smart-016-349263,Mobile,+855016349263
Smart-016-349264,Mobile,+855016349264
Smart-016-349265,Mobile,+855016349265
Smart-016-349266,Mobile,+855016349266
Smart-016-349267,Mobile,+855016349267
Smart-016-349268,Mobile,+855016349268
Smart-016-349269,Mobile,+855016349269
Smart-016-349270,Mobile,+855016349270
Smart-016-349271,Mobile,+855016349271
Smart-016-349272,Mobile,+855016349272
Smart-016-349273,Mobile,+855016349273
Smart-016-349274,Mobile,+855016349274
Smart-016-349275,Mobile,+855016349275
Smart-016-349276,Mobile,+855016349276
Smart-016-349277,Mobile,+855016349277
Smart-016-349278,Mobile,+855016349278
Smart-016-349279,Mobile,+855016349279
Smart-016-349280,Mobile,+855016349280
Smart-016-349281,Mobile,+855016349281
Smart-016-349282,Mobile,+855016349282
Smart-016-349283,Mobile,+855016349283
Smart-016-349284,Mobile,+855016349284
Smart-016-349285,Mobile,+855016349285
Smart-016-349286,Mobile,+855016349286
Smart-016-349287,Mobile,+855016349287
Smart-016-349288,Mobile,+855016349288
Smart-016-349289,Mobile,+855016349289
Smart-016-349290,Mobile,+855016349290
Smart-016-349291,Mobile,+855016349291
Smart-016-349292,Mobile,+855016349292
Smart-016-349293,Mobile,+855016349293
Smart-016-349294,Mobile,+855016349294
Smart-016-349295,Mobile,+855016349295
Smart-016-349296,Mobile,+855016349296
Smart-016-349297,Mobile,+855016349297
Smart-016-349298,Mobile,+855016349298
Smart-016-349299,Mobile,+855016349299
Smart-016-349300,Mobile,+855016349300
Smart-016-349301,Mobile,+855016349301
Smart-016-349302,Mobile,+855016349302
Smart-016-349303,Mobile,+855016349303
Smart-016-349304,Mobile,+855016349304
Smart-016-349305,Mobile,+855016349305
Smart-016-349306,Mobile,+855016349306
Smart-016-349307,Mobile,+855016349307
Smart-016-349308,Mobile,+855016349308
Smart-016-349309,Mobile,+855016349309
Smart-016-349310,Mobile,+855016349310
Smart-016-349311,Mobile,+855016349311
Smart-016-349312,Mobile,+855016349312
Smart-016-349313,Mobile,+855016349313
Smart-016-349314,Mobile,+855016349314
Smart-016-349315,Mobile,+855016349315
Smart-016-349316,Mobile,+855016349316
Smart-016-349317,Mobile,+855016349317
Smart-016-349318,Mobile,+855016349318
Smart-016-349319,Mobile,+855016349319
Smart-016-349320,Mobile,+855016349320
Smart-016-349321,Mobile,+855016349321
Smart-016-349322,Mobile,+855016349322
Smart-016-349323,Mobile,+855016349323
Smart-016-349324,Mobile,+855016349324
Smart-016-349325,Mobile,+855016349325
Smart-016-349326,Mobile,+855016349326
Smart-016-349327,Mobile,+855016349327
Smart-016-349328,Mobile,+855016349328
Smart-016-349329,Mobile,+855016349329
Smart-016-349330,Mobile,+855016349330
Smart-016-349331,Mobile,+855016349331
Smart-016-349332,Mobile,+855016349332
Smart-016-349333,Mobile,+855016349333
Smart-016-349334,Mobile,+855016349334
Smart-016-349335,Mobile,+855016349335
Smart-016-349336,Mobile,+855016349336
Smart-016-349337,Mobile,+855016349337
Smart-016-349338,Mobile,+855016349338
Smart-016-349339,Mobile,+855016349339
Smart-016-349340,Mobile,+855016349340
Smart-016-349341,Mobile,+855016349341
Smart-016-349342,Mobile,+855016349342
Smart-016-349343,Mobile,+855016349343
Smart-016-349344,Mobile,+855016349344
Smart-016-349345,Mobile,+855016349345
Smart-016-349346,Mobile,+855016349346
Smart-016-349347,Mobile,+855016349347
Smart-016-349348,Mobile,+855016349348
Smart-016-349349,Mobile,+855016349349
Smart-016-349350,Mobile,+855016349350
Smart-016-349351,Mobile,+855016349351
Smart-016-349352,Mobile,+855016349352
Smart-016-349353,Mobile,+855016349353
Smart-016-349354,Mobile,+855016349354
Smart-016-349355,Mobile,+855016349355
Smart-016-349356,Mobile,+855016349356
Smart-016-349357,Mobile,+855016349357
Smart-016-349358,Mobile,+855016349358
Smart-016-349359,Mobile,+855016349359
Smart-016-349360,Mobile,+855016349360
Smart-016-349361,Mobile,+855016349361
Smart-016-349362,Mobile,+855016349362
Smart-016-349363,Mobile,+855016349363
Smart-016-349364,Mobile,+855016349364
Smart-016-349365,Mobile,+855016349365
Smart-016-349366,Mobile,+855016349366
Smart-016-349367,Mobile,+855016349367
Smart-016-349368,Mobile,+855016349368
Smart-016-349369,Mobile,+855016349369
Smart-016-349370,Mobile,+855016349370
Smart-016-349371,Mobile,+855016349371
Smart-016-349372,Mobile,+855016349372
Smart-016-349373,Mobile,+855016349373
Smart-016-349374,Mobile,+855016349374
Smart-016-349375,Mobile,+855016349375
Smart-016-349376,Mobile,+855016349376
Smart-016-349377,Mobile,+855016349377
Smart-016-349378,Mobile,+855016349378
Smart-016-349379,Mobile,+855016349379
Smart-016-349380,Mobile,+855016349380
Smart-016-349381,Mobile,+855016349381
Smart-016-349382,Mobile,+855016349382
Smart-016-349383,Mobile,+855016349383
Smart-016-349384,Mobile,+855016349384
Smart-016-349385,Mobile,+855016349385
Smart-016-349386,Mobile,+855016349386
Smart-016-349387,Mobile,+855016349387
Smart-016-349388,Mobile,+855016349388
Smart-016-349389,Mobile,+855016349389
Smart-016-349390,Mobile,+855016349390
Smart-016-349391,Mobile,+855016349391
Smart-016-349392,Mobile,+855016349392
Smart-016-349393,Mobile,+855016349393
Smart-016-349394,Mobile,+855016349394
Smart-016-349395,Mobile,+855016349395
Smart-016-349396,Mobile,+855016349396
Smart-016-349397,Mobile,+855016349397
Smart-016-349398,Mobile,+855016349398
Smart-016-349399,Mobile,+855016349399
Smart-016-349400,Mobile,+855016349400
Smart-016-349401,Mobile,+855016349401
Smart-016-349402,Mobile,+855016349402
Smart-016-349403,Mobile,+855016349403
Smart-016-349404,Mobile,+855016349404
Smart-016-349405,Mobile,+855016349405
Smart-016-349406,Mobile,+855016349406
Smart-016-349407,Mobile,+855016349407
Smart-016-349408,Mobile,+855016349408
Smart-016-349409,Mobile,+855016349409
Smart-016-349410,Mobile,+855016349410
Smart-016-349411,Mobile,+855016349411
Smart-016-349412,Mobile,+855016349412
Smart-016-349413,Mobile,+855016349413
Smart-016-349414,Mobile,+855016349414
Smart-016-349415,Mobile,+855016349415
Smart-016-349416,Mobile,+855016349416
Smart-016-349417,Mobile,+855016349417
Smart-016-349418,Mobile,+855016349418
Smart-016-349419,Mobile,+855016349419
Smart-016-349420,Mobile,+855016349420
Smart-016-349421,Mobile,+855016349421
Smart-016-349422,Mobile,+855016349422
Smart-016-349423,Mobile,+855016349423
Smart-016-349424,Mobile,+855016349424
Smart-016-349425,Mobile,+855016349425
Smart-016-349426,Mobile,+855016349426
Smart-016-349427,Mobile,+855016349427
Smart-016-349428,Mobile,+855016349428
Smart-016-349429,Mobile,+855016349429
Smart-016-349430,Mobile,+855016349430
Smart-016-349431,Mobile,+855016349431
Smart-016-349432,Mobile,+855016349432
Smart-016-349433,Mobile,+855016349433
Smart-016-349434,Mobile,+855016349434
Smart-016-349435,Mobile,+855016349435
Smart-016-349436,Mobile,+855016349436
Smart-016-349437,Mobile,+855016349437
Smart-016-349438,Mobile,+855016349438
Smart-016-349439,Mobile,+855016349439
Smart-016-349440,Mobile,+855016349440
Smart-016-349441,Mobile,+855016349441
Smart-016-349442,Mobile,+855016349442
Smart-016-349443,Mobile,+855016349443
Smart-016-349444,Mobile,+855016349444
Smart-016-349445,Mobile,+855016349445
Smart-016-349446,Mobile,+855016349446
Smart-016-349447,Mobile,+855016349447
Smart-016-349448,Mobile,+855016349448
Smart-016-349449,Mobile,+855016349449
Smart-016-349450,Mobile,+855016349450
Smart-016-349451,Mobile,+855016349451
Smart-016-349452,Mobile,+855016349452
Smart-016-349453,Mobile,+855016349453
Smart-016-349454,Mobile,+855016349454
Smart-016-349455,Mobile,+855016349455
Smart-016-349456,Mobile,+855016349456
Smart-016-349457,Mobile,+855016349457
Smart-016-349458,Mobile,+855016349458
Smart-016-349459,Mobile,+855016349459
Smart-016-349460,Mobile,+855016349460
Smart-016-349461,Mobile,+855016349461
Smart-016-349462,Mobile,+855016349462
Smart-016-349463,Mobile,+855016349463
Smart-016-349464,Mobile,+855016349464
Smart-016-349465,Mobile,+855016349465
Smart-016-349466,Mobile,+855016349466
Smart-016-349467,Mobile,+855016349467
Smart-016-349468,Mobile,+855016349468
Smart-016-349469,Mobile,+855016349469
Smart-016-349470,Mobile,+855016349470
Smart-016-349471,Mobile,+855016349471
Smart-016-349472,Mobile,+855016349472
Smart-016-349473,Mobile,+855016349473
Smart-016-349474,Mobile,+855016349474
Smart-016-349475,Mobile,+855016349475
Smart-016-349476,Mobile,+855016349476
Smart-016-349477,Mobile,+855016349477
Smart-016-349478,Mobile,+855016349478
Smart-016-349479,Mobile,+855016349479
Smart-016-349480,Mobile,+855016349480
Smart-016-349481,Mobile,+855016349481
Smart-016-349482,Mobile,+855016349482
Smart-016-349483,Mobile,+855016349483
Smart-016-349484,Mobile,+855016349484
Smart-016-349485,Mobile,+855016349485
Smart-016-349486,Mobile,+855016349486
Smart-016-349487,Mobile,+855016349487
Smart-016-349488,Mobile,+855016349488
Smart-016-349489,Mobile,+855016349489
Smart-016-349490,Mobile,+855016349490
Smart-016-349491,Mobile,+855016349491
Smart-016-349492,Mobile,+855016349492
Smart-016-349493,Mobile,+855016349493
Smart-016-349494,Mobile,+855016349494
Smart-016-349495,Mobile,+855016349495
Smart-016-349496,Mobile,+855016349496
Smart-016-349497,Mobile,+855016349497
Smart-016-349498,Mobile,+855016349498
Smart-016-349499,Mobile,+855016349499
Smart-016-349500,Mobile,+855016349500
Smart-016-349501,Mobile,+855016349501
Smart-016-349502,Mobile,+855016349502
Smart-016-349503,Mobile,+855016349503
Smart-016-349504,Mobile,+855016349504
Smart-016-349505,Mobile,+855016349505
Smart-016-349506,Mobile,+855016349506
Smart-016-349507,Mobile,+855016349507
Smart-016-349508,Mobile,+855016349508
Smart-016-349509,Mobile,+855016349509
Smart-016-349510,Mobile,+855016349510
Smart-016-349511,Mobile,+855016349511
Smart-016-349512,Mobile,+855016349512
Smart-016-349513,Mobile,+855016349513
Smart-016-349514,Mobile,+855016349514
Smart-016-349515,Mobile,+855016349515
Smart-016-349516,Mobile,+855016349516
Smart-016-349517,Mobile,+855016349517
Smart-016-349518,Mobile,+855016349518
Smart-016-349519,Mobile,+855016349519
Smart-016-349520,Mobile,+855016349520
Smart-016-349521,Mobile,+855016349521
Smart-016-349522,Mobile,+855016349522
Smart-016-349523,Mobile,+855016349523
Smart-016-349524,Mobile,+855016349524
Smart-016-349525,Mobile,+855016349525
Smart-016-349526,Mobile,+855016349526
Smart-016-349527,Mobile,+855016349527
Smart-016-349528,Mobile,+855016349528
Smart-016-349529,Mobile,+855016349529
Smart-016-349530,Mobile,+855016349530
Smart-016-349531,Mobile,+855016349531
Smart-016-349532,Mobile,+855016349532
Smart-016-349533,Mobile,+855016349533
Smart-016-349534,Mobile,+855016349534
Smart-016-349535,Mobile,+855016349535
Smart-016-349536,Mobile,+855016349536
Smart-016-349537,Mobile,+855016349537
Smart-016-349538,Mobile,+855016349538
Smart-016-349539,Mobile,+855016349539
Smart-016-349540,Mobile,+855016349540
Smart-016-349541,Mobile,+855016349541
Smart-016-349542,Mobile,+855016349542
Smart-016-349543,Mobile,+855016349543
Smart-016-349544,Mobile,+855016349544
Smart-016-349545,Mobile,+855016349545
Smart-016-349546,Mobile,+855016349546
Smart-016-349547,Mobile,+855016349547
Smart-016-349548,Mobile,+855016349548
Smart-016-349549,Mobile,+855016349549
Smart-016-349550,Mobile,+855016349550
Smart-016-349551,Mobile,+855016349551
Smart-016-349552,Mobile,+855016349552
Smart-016-349553,Mobile,+855016349553
Smart-016-349554,Mobile,+855016349554
Smart-016-349555,Mobile,+855016349555
Smart-016-349556,Mobile,+855016349556
Smart-016-349557,Mobile,+855016349557
Smart-016-349558,Mobile,+855016349558
Smart-016-349559,Mobile,+855016349559
Smart-016-349560,Mobile,+855016349560
Smart-016-349561,Mobile,+855016349561
Smart-016-349562,Mobile,+855016349562
Smart-016-349563,Mobile,+855016349563
Smart-016-349564,Mobile,+855016349564
Smart-016-349565,Mobile,+855016349565
Smart-016-349566,Mobile,+855016349566
Smart-016-349567,Mobile,+855016349567
Smart-016-349568,Mobile,+855016349568
Smart-016-349569,Mobile,+855016349569
Smart-016-349570,Mobile,+855016349570
Smart-016-349571,Mobile,+855016349571
Smart-016-349572,Mobile,+855016349572
Smart-016-349573,Mobile,+855016349573
Smart-016-349574,Mobile,+855016349574
Smart-016-349575,Mobile,+855016349575
Smart-016-349576,Mobile,+855016349576
Smart-016-349577,Mobile,+855016349577
Smart-016-349578,Mobile,+855016349578
Smart-016-349579,Mobile,+855016349579
Smart-016-349580,Mobile,+855016349580
Smart-016-349581,Mobile,+855016349581
Smart-016-349582,Mobile,+855016349582
Smart-016-349583,Mobile,+855016349583
Smart-016-349584,Mobile,+855016349584
Smart-016-349585,Mobile,+855016349585
Smart-016-349586,Mobile,+855016349586
Smart-016-349587,Mobile,+855016349587
Smart-016-349588,Mobile,+855016349588
Smart-016-349589,Mobile,+855016349589
Smart-016-349590,Mobile,+855016349590
Smart-016-349591,Mobile,+855016349591
Smart-016-349592,Mobile,+855016349592
Smart-016-349593,Mobile,+855016349593
Smart-016-349594,Mobile,+855016349594
Smart-016-349595,Mobile,+855016349595
Smart-016-349596,Mobile,+855016349596
Smart-016-349597,Mobile,+855016349597
Smart-016-349598,Mobile,+855016349598
Smart-016-349599,Mobile,+855016349599
Smart-016-349600,Mobile,+855016349600
Smart-016-349601,Mobile,+855016349601
Smart-016-349602,Mobile,+855016349602
Smart-016-349603,Mobile,+855016349603
Smart-016-349604,Mobile,+855016349604
Smart-016-349605,Mobile,+855016349605
Smart-016-349606,Mobile,+855016349606
Smart-016-349607,Mobile,+855016349607
Smart-016-349608,Mobile,+855016349608
Smart-016-349609,Mobile,+855016349609
Smart-016-349610,Mobile,+855016349610
Smart-016-349611,Mobile,+855016349611
Smart-016-349612,Mobile,+855016349612
Smart-016-349613,Mobile,+855016349613
Smart-016-349614,Mobile,+855016349614
Smart-016-349615,Mobile,+855016349615
Smart-016-349616,Mobile,+855016349616
Smart-016-349617,Mobile,+855016349617
Smart-016-349618,Mobile,+855016349618
Smart-016-349619,Mobile,+855016349619
Smart-016-349620,Mobile,+855016349620
Smart-016-349621,Mobile,+855016349621
Smart-016-349622,Mobile,+855016349622
Smart-016-349623,Mobile,+855016349623
Smart-016-349624,Mobile,+855016349624
Smart-016-349625,Mobile,+855016349625
Smart-016-349626,Mobile,+855016349626
Smart-016-349627,Mobile,+855016349627
Smart-016-349628,Mobile,+855016349628
Smart-016-349629,Mobile,+855016349629
Smart-016-349630,Mobile,+855016349630
Smart-016-349631,Mobile,+855016349631
Smart-016-349632,Mobile,+855016349632
Smart-016-349633,Mobile,+855016349633
Smart-016-349634,Mobile,+855016349634
Smart-016-349635,Mobile,+855016349635
Smart-016-349636,Mobile,+855016349636
Smart-016-349637,Mobile,+855016349637
Smart-016-349638,Mobile,+855016349638
Smart-016-349639,Mobile,+855016349639
Smart-016-349640,Mobile,+855016349640
Smart-016-349641,Mobile,+855016349641
Smart-016-349642,Mobile,+855016349642
Smart-016-349643,Mobile,+855016349643
Smart-016-349644,Mobile,+855016349644
Smart-016-349645,Mobile,+855016349645
Smart-016-349646,Mobile,+855016349646
Smart-016-349647,Mobile,+855016349647
Smart-016-349648,Mobile,+855016349648
Smart-016-349649,Mobile,+855016349649
Smart-016-349650,Mobile,+855016349650
Smart-016-349651,Mobile,+855016349651
Smart-016-349652,Mobile,+855016349652
Smart-016-349653,Mobile,+855016349653
Smart-016-349654,Mobile,+855016349654
Smart-016-349655,Mobile,+855016349655
Smart-016-349656,Mobile,+855016349656
Smart-016-349657,Mobile,+855016349657
Smart-016-349658,Mobile,+855016349658
Smart-016-349659,Mobile,+855016349659
Smart-016-349660,Mobile,+855016349660
Smart-016-349661,Mobile,+855016349661
Smart-016-349662,Mobile,+855016349662
Smart-016-349663,Mobile,+855016349663
Smart-016-349664,Mobile,+855016349664
Smart-016-349665,Mobile,+855016349665
Smart-016-349666,Mobile,+855016349666
Smart-016-349667,Mobile,+855016349667
Smart-016-349668,Mobile,+855016349668
Smart-016-349669,Mobile,+855016349669
Smart-016-349670,Mobile,+855016349670
Smart-016-349671,Mobile,+855016349671
Smart-016-349672,Mobile,+855016349672
Smart-016-349673,Mobile,+855016349673
Smart-016-349674,Mobile,+855016349674
Smart-016-349675,Mobile,+855016349675
Smart-016-349676,Mobile,+855016349676
Smart-016-349677,Mobile,+855016349677
Smart-016-349678,Mobile,+855016349678
Smart-016-349679,Mobile,+855016349679
Smart-016-349680,Mobile,+855016349680
Smart-016-349681,Mobile,+855016349681
Smart-016-349682,Mobile,+855016349682
Smart-016-349683,Mobile,+855016349683
Smart-016-349684,Mobile,+855016349684
Smart-016-349685,Mobile,+855016349685
Smart-016-349686,Mobile,+855016349686
Smart-016-349687,Mobile,+855016349687
Smart-016-349688,Mobile,+855016349688
Smart-016-349689,Mobile,+855016349689
Smart-016-349690,Mobile,+855016349690
Smart-016-349691,Mobile,+855016349691
Smart-016-349692,Mobile,+855016349692
Smart-016-349693,Mobile,+855016349693
Smart-016-349694,Mobile,+855016349694
Smart-016-349695,Mobile,+855016349695
Smart-016-349696,Mobile,+855016349696
Smart-016-349697,Mobile,+855016349697
Smart-016-349698,Mobile,+855016349698
Smart-016-349699,Mobile,+855016349699
Smart-016-349700,Mobile,+855016349700
Smart-016-349701,Mobile,+855016349701
Smart-016-349702,Mobile,+855016349702
Smart-016-349703,Mobile,+855016349703
Smart-016-349704,Mobile,+855016349704
Smart-016-349705,Mobile,+855016349705
Smart-016-349706,Mobile,+855016349706
Smart-016-349707,Mobile,+855016349707
Smart-016-349708,Mobile,+855016349708
Smart-016-349709,Mobile,+855016349709
Smart-016-349710,Mobile,+855016349710
Smart-016-349711,Mobile,+855016349711
Smart-016-349712,Mobile,+855016349712
Smart-016-349713,Mobile,+855016349713
Smart-016-349714,Mobile,+855016349714
Smart-016-349715,Mobile,+855016349715
Smart-016-349716,Mobile,+855016349716
Smart-016-349717,Mobile,+855016349717
Smart-016-349718,Mobile,+855016349718
Smart-016-349719,Mobile,+855016349719
Smart-016-349720,Mobile,+855016349720
Smart-016-349721,Mobile,+855016349721
Smart-016-349722,Mobile,+855016349722
Smart-016-349723,Mobile,+855016349723
Smart-016-349724,Mobile,+855016349724
Smart-016-349725,Mobile,+855016349725
Smart-016-349726,Mobile,+855016349726
Smart-016-349727,Mobile,+855016349727
Smart-016-349728,Mobile,+855016349728
Smart-016-349729,Mobile,+855016349729
Smart-016-349730,Mobile,+855016349730
Smart-016-349731,Mobile,+855016349731
Smart-016-349732,Mobile,+855016349732
Smart-016-349733,Mobile,+855016349733
Smart-016-349734,Mobile,+855016349734
Smart-016-349735,Mobile,+855016349735
Smart-016-349736,Mobile,+855016349736
Smart-016-349737,Mobile,+855016349737
Smart-016-349738,Mobile,+855016349738
Smart-016-349739,Mobile,+855016349739
Smart-016-349740,Mobile,+855016349740
Smart-016-349741,Mobile,+855016349741
Smart-016-349742,Mobile,+855016349742
Smart-016-349743,Mobile,+855016349743
Smart-016-349744,Mobile,+855016349744
Smart-016-349745,Mobile,+855016349745
Smart-016-349746,Mobile,+855016349746
Smart-016-349747,Mobile,+855016349747
Smart-016-349748,Mobile,+855016349748
Smart-016-349749,Mobile,+855016349749
Smart-016-349750,Mobile,+855016349750
Smart-016-349751,Mobile,+855016349751
Smart-016-349752,Mobile,+855016349752
Smart-016-349753,Mobile,+855016349753
Smart-016-349754,Mobile,+855016349754
Smart-016-349755,Mobile,+855016349755
Smart-016-349756,Mobile,+855016349756
Smart-016-349757,Mobile,+855016349757
Smart-016-349758,Mobile,+855016349758
Smart-016-349759,Mobile,+855016349759
Smart-016-349760,Mobile,+855016349760
Smart-016-349761,Mobile,+855016349761
Smart-016-349762,Mobile,+855016349762
Smart-016-349763,Mobile,+855016349763
Smart-016-349764,Mobile,+855016349764
Smart-016-349765,Mobile,+855016349765
Smart-016-349766,Mobile,+855016349766
Smart-016-349767,Mobile,+855016349767
Smart-016-349768,Mobile,+855016349768
Smart-016-349769,Mobile,+855016349769
Smart-016-349770,Mobile,+855016349770
Smart-016-349771,Mobile,+855016349771
Smart-016-349772,Mobile,+855016349772
Smart-016-349773,Mobile,+855016349773
Smart-016-349774,Mobile,+855016349774
Smart-016-349775,Mobile,+855016349775
Smart-016-349776,Mobile,+855016349776
Smart-016-349777,Mobile,+855016349777
Smart-016-349778,Mobile,+855016349778
Smart-016-349779,Mobile,+855016349779
Smart-016-349780,Mobile,+855016349780
Smart-016-349781,Mobile,+855016349781
Smart-016-349782,Mobile,+855016349782
Smart-016-349783,Mobile,+855016349783
Smart-016-349784,Mobile,+855016349784
Smart-016-349785,Mobile,+855016349785
Smart-016-349786,Mobile,+855016349786
Smart-016-349787,Mobile,+855016349787
Smart-016-349788,Mobile,+855016349788
Smart-016-349789,Mobile,+855016349789
Smart-016-349790,Mobile,+855016349790
Smart-016-349791,Mobile,+855016349791
Smart-016-349792,Mobile,+855016349792
Smart-016-349793,Mobile,+855016349793
Smart-016-349794,Mobile,+855016349794
Smart-016-349795,Mobile,+855016349795
Smart-016-349796,Mobile,+855016349796
Smart-016-349797,Mobile,+855016349797
Smart-016-349798,Mobile,+855016349798
Smart-016-349799,Mobile,+855016349799
Smart-016-349800,Mobile,+855016349800
Smart-016-349801,Mobile,+855016349801
Smart-016-349802,Mobile,+855016349802
Smart-016-349803,Mobile,+855016349803
Smart-016-349804,Mobile,+855016349804
Smart-016-349805,Mobile,+855016349805
Smart-016-349806,Mobile,+855016349806
Smart-016-349807,Mobile,+855016349807
Smart-016-349808,Mobile,+855016349808
Smart-016-349809,Mobile,+855016349809
Smart-016-349810,Mobile,+855016349810
Smart-016-349811,Mobile,+855016349811
Smart-016-349812,Mobile,+855016349812
Smart-016-349813,Mobile,+855016349813
Smart-016-349814,Mobile,+855016349814
Smart-016-349815,Mobile,+855016349815
Smart-016-349816,Mobile,+855016349816
Smart-016-349817,Mobile,+855016349817
Smart-016-349818,Mobile,+855016349818
Smart-016-349819,Mobile,+855016349819
Smart-016-349820,Mobile,+855016349820
Smart-016-349821,Mobile,+855016349821
Smart-016-349822,Mobile,+855016349822
Smart-016-349823,Mobile,+855016349823
Smart-016-349824,Mobile,+855016349824
Smart-016-349825,Mobile,+855016349825
Smart-016-349826,Mobile,+855016349826
Smart-016-349827,Mobile,+855016349827
Smart-016-349828,Mobile,+855016349828
Smart-016-349829,Mobile,+855016349829
Smart-016-349830,Mobile,+855016349830
Smart-016-349831,Mobile,+855016349831
Smart-016-349832,Mobile,+855016349832
Smart-016-349833,Mobile,+855016349833
Smart-016-349834,Mobile,+855016349834
Smart-016-349835,Mobile,+855016349835
Smart-016-349836,Mobile,+855016349836
Smart-016-349837,Mobile,+855016349837
Smart-016-349838,Mobile,+855016349838
Smart-016-349839,Mobile,+855016349839
Smart-016-349840,Mobile,+855016349840
Smart-016-349841,Mobile,+855016349841
Smart-016-349842,Mobile,+855016349842
Smart-016-349843,Mobile,+855016349843
Smart-016-349844,Mobile,+855016349844
Smart-016-349845,Mobile,+855016349845
Smart-016-349846,Mobile,+855016349846
Smart-016-349847,Mobile,+855016349847
Smart-016-349848,Mobile,+855016349848
Smart-016-349849,Mobile,+855016349849
Smart-016-349850,Mobile,+855016349850
Smart-016-349851,Mobile,+855016349851
Smart-016-349852,Mobile,+855016349852
Smart-016-349853,Mobile,+855016349853
Smart-016-349854,Mobile,+855016349854
Smart-016-349855,Mobile,+855016349855
Smart-016-349856,Mobile,+855016349856
Smart-016-349857,Mobile,+855016349857
Smart-016-349858,Mobile,+855016349858
Smart-016-349859,Mobile,+855016349859
Smart-016-349860,Mobile,+855016349860
Smart-016-349861,Mobile,+855016349861
Smart-016-349862,Mobile,+855016349862
Smart-016-349863,Mobile,+855016349863
Smart-016-349864,Mobile,+855016349864
Smart-016-349865,Mobile,+855016349865
Smart-016-349866,Mobile,+855016349866
Smart-016-349867,Mobile,+855016349867
Smart-016-349868,Mobile,+855016349868
Smart-016-349869,Mobile,+855016349869
Smart-016-349870,Mobile,+855016349870
Smart-016-349871,Mobile,+855016349871
Smart-016-349872,Mobile,+855016349872
Smart-016-349873,Mobile,+855016349873
Smart-016-349874,Mobile,+855016349874
Smart-016-349875,Mobile,+855016349875
Smart-016-349876,Mobile,+855016349876
Smart-016-349877,Mobile,+855016349877
Smart-016-349878,Mobile,+855016349878
Smart-016-349879,Mobile,+855016349879
Smart-016-349880,Mobile,+855016349880
Smart-016-349881,Mobile,+855016349881
Smart-016-349882,Mobile,+855016349882
Smart-016-349883,Mobile,+855016349883
Smart-016-349884,Mobile,+855016349884
Smart-016-349885,Mobile,+855016349885
Smart-016-349886,Mobile,+855016349886
Smart-016-349887,Mobile,+855016349887
Smart-016-349888,Mobile,+855016349888
Smart-016-349889,Mobile,+855016349889
Smart-016-349890,Mobile,+855016349890
Smart-016-349891,Mobile,+855016349891
Smart-016-349892,Mobile,+855016349892
Smart-016-349893,Mobile,+855016349893
Smart-016-349894,Mobile,+855016349894
Smart-016-349895,Mobile,+855016349895
Smart-016-349896,Mobile,+855016349896
Smart-016-349897,Mobile,+855016349897
Smart-016-349898,Mobile,+855016349898
Smart-016-349899,Mobile,+855016349899
Smart-016-349900,Mobile,+855016349900
Smart-016-349901,Mobile,+855016349901
Smart-016-349902,Mobile,+855016349902
Smart-016-349903,Mobile,+855016349903
Smart-016-349904,Mobile,+855016349904
Smart-016-349905,Mobile,+855016349905
Smart-016-349906,Mobile,+855016349906
Smart-016-349907,Mobile,+855016349907
Smart-016-349908,Mobile,+855016349908
Smart-016-349909,Mobile,+855016349909
Smart-016-349910,Mobile,+855016349910
Smart-016-349911,Mobile,+855016349911
Smart-016-349912,Mobile,+855016349912
Smart-016-349913,Mobile,+855016349913
Smart-016-349914,Mobile,+855016349914
Smart-016-349915,Mobile,+855016349915
Smart-016-349916,Mobile,+855016349916
Smart-016-349917,Mobile,+855016349917
Smart-016-349918,Mobile,+855016349918
Smart-016-349919,Mobile,+855016349919
Smart-016-349920,Mobile,+855016349920
Smart-016-349921,Mobile,+855016349921
Smart-016-349922,Mobile,+855016349922
Smart-016-349923,Mobile,+855016349923
Smart-016-349924,Mobile,+855016349924
Smart-016-349925,Mobile,+855016349925
Smart-016-349926,Mobile,+855016349926
Smart-016-349927,Mobile,+855016349927
Smart-016-349928,Mobile,+855016349928
Smart-016-349929,Mobile,+855016349929
Smart-016-349930,Mobile,+855016349930
Smart-016-349931,Mobile,+855016349931
Smart-016-349932,Mobile,+855016349932
Smart-016-349933,Mobile,+855016349933
Smart-016-349934,Mobile,+855016349934
Smart-016-349935,Mobile,+855016349935
Smart-016-349936,Mobile,+855016349936
Smart-016-349937,Mobile,+855016349937
Smart-016-349938,Mobile,+855016349938
Smart-016-349939,Mobile,+855016349939
Smart-016-349940,Mobile,+855016349940
Smart-016-349941,Mobile,+855016349941
Smart-016-349942,Mobile,+855016349942
Smart-016-349943,Mobile,+855016349943
Smart-016-349944,Mobile,+855016349944
Smart-016-349945,Mobile,+855016349945
Smart-016-349946,Mobile,+855016349946
Smart-016-349947,Mobile,+855016349947
Smart-016-349948,Mobile,+855016349948
Smart-016-349949,Mobile,+855016349949
Smart-016-349950,Mobile,+855016349950
Smart-016-349951,Mobile,+855016349951
Smart-016-349952,Mobile,+855016349952
Smart-016-349953,Mobile,+855016349953
Smart-016-349954,Mobile,+855016349954
Smart-016-349955,Mobile,+855016349955
Smart-016-349956,Mobile,+855016349956
Smart-016-349957,Mobile,+855016349957
Smart-016-349958,Mobile,+855016349958
Smart-016-349959,Mobile,+855016349959
Smart-016-349960,Mobile,+855016349960
Smart-016-349961,Mobile,+855016349961
Smart-016-349962,Mobile,+855016349962
Smart-016-349963,Mobile,+855016349963
Smart-016-349964,Mobile,+855016349964
Smart-016-349965,Mobile,+855016349965
Smart-016-349966,Mobile,+855016349966
Smart-016-349967,Mobile,+855016349967
Smart-016-349968,Mobile,+855016349968
Smart-016-349969,Mobile,+855016349969
Smart-016-349970,Mobile,+855016349970
Smart-016-349971,Mobile,+855016349971
Smart-016-349972,Mobile,+855016349972
Smart-016-349973,Mobile,+855016349973
Smart-016-349974,Mobile,+855016349974
Smart-016-349975,Mobile,+855016349975
Smart-016-349976,Mobile,+855016349976
Smart-016-349977,Mobile,+855016349977
Smart-016-349978,Mobile,+855016349978
Smart-016-349979,Mobile,+855016349979
Smart-016-349980,Mobile,+855016349980
Smart-016-349981,Mobile,+855016349981
Smart-016-349982,Mobile,+855016349982
Smart-016-349983,Mobile,+855016349983
Smart-016-349984,Mobile,+855016349984
Smart-016-349985,Mobile,+855016349985
Smart-016-349986,Mobile,+855016349986
Smart-016-349987,Mobile,+855016349987
Smart-016-349988,Mobile,+855016349988
Smart-016-349989,Mobile,+855016349989
Smart-016-349990,Mobile,+855016349990
Smart-016-349991,Mobile,+855016349991
Smart-016-349992,Mobile,+855016349992
Smart-016-349993,Mobile,+855016349993
Smart-016-349994,Mobile,+855016349994
Smart-016-349995,Mobile,+855016349995
Smart-016-349996,Mobile,+855016349996
Smart-016-349997,Mobile,+855016349997
Smart-016-349998,Mobile,+855016349998
Smart-016-349999,Mobile,+855016349999
Smart-016-350000,Mobile,+855016350000
Smart-016-350001,Mobile,+855016350001
Smart-016-350002,Mobile,+855016350002
Smart-016-350003,Mobile,+855016350003
Smart-016-350004,Mobile,+855016350004
Smart-016-350005,Mobile,+855016350005
Smart-016-350006,Mobile,+855016350006
Smart-016-350007,Mobile,+855016350007
Smart-016-350008,Mobile,+855016350008
Smart-016-350009,Mobile,+855016350009
Smart-016-350010,Mobile,+855016350010
Smart-016-350011,Mobile,+855016350011
Smart-016-350012,Mobile,+855016350012
Smart-016-350013,Mobile,+855016350013
Smart-016-350014,Mobile,+855016350014
Smart-016-350015,Mobile,+855016350015
Smart-016-350016,Mobile,+855016350016
Smart-016-350017,Mobile,+855016350017
Smart-016-350018,Mobile,+855016350018
Smart-016-350019,Mobile,+855016350019
Smart-016-350020,Mobile,+855016350020
Smart-016-350021,Mobile,+855016350021
Smart-016-350022,Mobile,+855016350022
Smart-016-350023,Mobile,+855016350023
Smart-016-350024,Mobile,+855016350024
Smart-016-350025,Mobile,+855016350025
Smart-016-350026,Mobile,+855016350026
Smart-016-350027,Mobile,+855016350027
Smart-016-350028,Mobile,+855016350028
Smart-016-350029,Mobile,+855016350029
Smart-016-350030,Mobile,+855016350030
Smart-016-350031,Mobile,+855016350031
Smart-016-350032,Mobile,+855016350032
Smart-016-350033,Mobile,+855016350033
Smart-016-350034,Mobile,+855016350034
Smart-016-350035,Mobile,+855016350035
Smart-016-350036,Mobile,+855016350036
Smart-016-350037,Mobile,+855016350037
Smart-016-350038,Mobile,+855016350038
Smart-016-350039,Mobile,+855016350039
Smart-016-350040,Mobile,+855016350040
Smart-016-350041,Mobile,+855016350041
Smart-016-350042,Mobile,+855016350042
Smart-016-350043,Mobile,+855016350043
Smart-016-350044,Mobile,+855016350044
Smart-016-350045,Mobile,+855016350045
Smart-016-350046,Mobile,+855016350046
Smart-016-350047,Mobile,+855016350047
Smart-016-350048,Mobile,+855016350048
Smart-016-350049,Mobile,+855016350049
Smart-016-350050,Mobile,+855016350050
Smart-016-350051,Mobile,+855016350051
Smart-016-350052,Mobile,+855016350052
Smart-016-350053,Mobile,+855016350053
Smart-016-350054,Mobile,+855016350054
Smart-016-350055,Mobile,+855016350055
Smart-016-350056,Mobile,+855016350056
Smart-016-350057,Mobile,+855016350057
Smart-016-350058,Mobile,+855016350058
Smart-016-350059,Mobile,+855016350059
Smart-016-350060,Mobile,+855016350060
Smart-016-350061,Mobile,+855016350061
Smart-016-350062,Mobile,+855016350062
Smart-016-350063,Mobile,+855016350063
Smart-016-350064,Mobile,+855016350064
Smart-016-350065,Mobile,+855016350065
Smart-016-350066,Mobile,+855016350066
Smart-016-350067,Mobile,+855016350067
Smart-016-350068,Mobile,+855016350068
Smart-016-350069,Mobile,+855016350069
Smart-016-350070,Mobile,+855016350070
Smart-016-350071,Mobile,+855016350071
Smart-016-350072,Mobile,+855016350072
Smart-016-350073,Mobile,+855016350073
Smart-016-350074,Mobile,+855016350074
Smart-016-350075,Mobile,+855016350075
Smart-016-350076,Mobile,+855016350076
Smart-016-350077,Mobile,+855016350077
Smart-016-350078,Mobile,+855016350078
Smart-016-350079,Mobile,+855016350079
Smart-016-350080,Mobile,+855016350080
Smart-016-350081,Mobile,+855016350081
Smart-016-350082,Mobile,+855016350082
Smart-016-350083,Mobile,+855016350083
Smart-016-350084,Mobile,+855016350084
Smart-016-350085,Mobile,+855016350085
Smart-016-350086,Mobile,+855016350086
Smart-016-350087,Mobile,+855016350087
Smart-016-350088,Mobile,+855016350088
Smart-016-350089,Mobile,+855016350089
Smart-016-350090,Mobile,+855016350090
Smart-016-350091,Mobile,+855016350091
Smart-016-350092,Mobile,+855016350092
Smart-016-350093,Mobile,+855016350093
Smart-016-350094,Mobile,+855016350094
Smart-016-350095,Mobile,+855016350095
Smart-016-350096,Mobile,+855016350096
Smart-016-350097,Mobile,+855016350097
Smart-016-350098,Mobile,+855016350098
Smart-016-350099,Mobile,+855016350099
Smart-016-350100,Mobile,+855016350100
Smart-016-350101,Mobile,+855016350101
Smart-016-350102,Mobile,+855016350102
Smart-016-350103,Mobile,+855016350103
Smart-016-350104,Mobile,+855016350104
Smart-016-350105,Mobile,+855016350105
Smart-016-350106,Mobile,+855016350106
Smart-016-350107,Mobile,+855016350107
Smart-016-350108,Mobile,+855016350108
Smart-016-350109,Mobile,+855016350109
Smart-016-350110,Mobile,+855016350110
Smart-016-350111,Mobile,+855016350111
Smart-016-350112,Mobile,+855016350112
Smart-016-350113,Mobile,+855016350113
Smart-016-350114,Mobile,+855016350114
Smart-016-350115,Mobile,+855016350115
Smart-016-350116,Mobile,+855016350116
Smart-016-350117,Mobile,+855016350117
Smart-016-350118,Mobile,+855016350118
Smart-016-350119,Mobile,+855016350119
Smart-016-350120,Mobile,+855016350120
Smart-016-350121,Mobile,+855016350121
Smart-016-350122,Mobile,+855016350122
Smart-016-350123,Mobile,+855016350123
Smart-016-350124,Mobile,+855016350124
Smart-016-350125,Mobile,+855016350125
Smart-016-350126,Mobile,+855016350126
Smart-016-350127,Mobile,+855016350127
Smart-016-350128,Mobile,+855016350128
Smart-016-350129,Mobile,+855016350129
Smart-016-350130,Mobile,+855016350130
Smart-016-350131,Mobile,+855016350131
Smart-016-350132,Mobile,+855016350132
Smart-016-350133,Mobile,+855016350133
Smart-016-350134,Mobile,+855016350134
Smart-016-350135,Mobile,+855016350135
Smart-016-350136,Mobile,+855016350136
Smart-016-350137,Mobile,+855016350137
Smart-016-350138,Mobile,+855016350138
Smart-016-350139,Mobile,+855016350139
Smart-016-350140,Mobile,+855016350140
Smart-016-350141,Mobile,+855016350141
Smart-016-350142,Mobile,+855016350142
Smart-016-350143,Mobile,+855016350143
Smart-016-350144,Mobile,+855016350144
Smart-016-350145,Mobile,+855016350145
Smart-016-350146,Mobile,+855016350146
Smart-016-350147,Mobile,+855016350147
Smart-016-350148,Mobile,+855016350148
Smart-016-350149,Mobile,+855016350149
Smart-016-350150,Mobile,+855016350150
Smart-016-350151,Mobile,+855016350151
Smart-016-350152,Mobile,+855016350152
Smart-016-350153,Mobile,+855016350153
Smart-016-350154,Mobile,+855016350154
Smart-016-350155,Mobile,+855016350155
Smart-016-350156,Mobile,+855016350156
Smart-016-350157,Mobile,+855016350157
Smart-016-350158,Mobile,+855016350158
Smart-016-350159,Mobile,+855016350159
Smart-016-350160,Mobile,+855016350160
Smart-016-350161,Mobile,+855016350161
Smart-016-350162,Mobile,+855016350162
Smart-016-350163,Mobile,+855016350163
Smart-016-350164,Mobile,+855016350164
Smart-016-350165,Mobile,+855016350165
Smart-016-350166,Mobile,+855016350166
Smart-016-350167,Mobile,+855016350167
Smart-016-350168,Mobile,+855016350168
Smart-016-350169,Mobile,+855016350169
Smart-016-350170,Mobile,+855016350170
Smart-016-350171,Mobile,+855016350171
Smart-016-350172,Mobile,+855016350172
Smart-016-350173,Mobile,+855016350173
Smart-016-350174,Mobile,+855016350174
Smart-016-350175,Mobile,+855016350175
Smart-016-350176,Mobile,+855016350176
Smart-016-350177,Mobile,+855016350177
Smart-016-350178,Mobile,+855016350178
Smart-016-350179,Mobile,+855016350179
Smart-016-350180,Mobile,+855016350180
Smart-016-350181,Mobile,+855016350181
Smart-016-350182,Mobile,+855016350182
Smart-016-350183,Mobile,+855016350183
Smart-016-350184,Mobile,+855016350184
Smart-016-350185,Mobile,+855016350185
Smart-016-350186,Mobile,+855016350186
Smart-016-350187,Mobile,+855016350187
Smart-016-350188,Mobile,+855016350188
Smart-016-350189,Mobile,+855016350189
Smart-016-350190,Mobile,+855016350190
Smart-016-350191,Mobile,+855016350191
Smart-016-350192,Mobile,+855016350192
Smart-016-350193,Mobile,+855016350193
Smart-016-350194,Mobile,+855016350194
Smart-016-350195,Mobile,+855016350195
Smart-016-350196,Mobile,+855016350196
Smart-016-350197,Mobile,+855016350197
Smart-016-350198,Mobile,+855016350198
Smart-016-350199,Mobile,+855016350199
Smart-016-350200,Mobile,+855016350200
Smart-016-350201,Mobile,+855016350201
Smart-016-350202,Mobile,+855016350202
Smart-016-350203,Mobile,+855016350203
Smart-016-350204,Mobile,+855016350204
Smart-016-350205,Mobile,+855016350205
Smart-016-350206,Mobile,+855016350206
Smart-016-350207,Mobile,+855016350207
Smart-016-350208,Mobile,+855016350208
Smart-016-350209,Mobile,+855016350209
Smart-016-350210,Mobile,+855016350210
Smart-016-350211,Mobile,+855016350211
Smart-016-350212,Mobile,+855016350212
Smart-016-350213,Mobile,+855016350213
Smart-016-350214,Mobile,+855016350214
Smart-016-350215,Mobile,+855016350215
Smart-016-350216,Mobile,+855016350216
Smart-016-350217,Mobile,+855016350217
Smart-016-350218,Mobile,+855016350218
Smart-016-350219,Mobile,+855016350219
Smart-016-350220,Mobile,+855016350220
Smart-016-350221,Mobile,+855016350221
Smart-016-350222,Mobile,+855016350222
Smart-016-350223,Mobile,+855016350223
Smart-016-350224,Mobile,+855016350224
Smart-016-350225,Mobile,+855016350225
Smart-016-350226,Mobile,+855016350226
Smart-016-350227,Mobile,+855016350227
Smart-016-350228,Mobile,+855016350228
Smart-016-350229,Mobile,+855016350229
Smart-016-350230,Mobile,+855016350230
Smart-016-350231,Mobile,+855016350231
Smart-016-350232,Mobile,+855016350232
Smart-016-350233,Mobile,+855016350233
Smart-016-350234,Mobile,+855016350234
Smart-016-350235,Mobile,+855016350235
Smart-016-350236,Mobile,+855016350236
Smart-016-350237,Mobile,+855016350237
Smart-016-350238,Mobile,+855016350238
Smart-016-350239,Mobile,+855016350239
Smart-016-350240,Mobile,+855016350240
Smart-016-350241,Mobile,+855016350241
Smart-016-350242,Mobile,+855016350242
Smart-016-350243,Mobile,+855016350243
Smart-016-350244,Mobile,+855016350244
Smart-016-350245,Mobile,+855016350245
Smart-016-350246,Mobile,+855016350246
Smart-016-350247,Mobile,+855016350247
Smart-016-350248,Mobile,+855016350248
Smart-016-350249,Mobile,+855016350249
Smart-016-350250,Mobile,+855016350250
Smart-016-350251,Mobile,+855016350251
Smart-016-350252,Mobile,+855016350252
Smart-016-350253,Mobile,+855016350253
Smart-016-350254,Mobile,+855016350254
Smart-016-350255,Mobile,+855016350255
Smart-016-350256,Mobile,+855016350256
Smart-016-350257,Mobile,+855016350257
Smart-016-350258,Mobile,+855016350258
Smart-016-350259,Mobile,+855016350259
Smart-016-350260,Mobile,+855016350260
Smart-016-350261,Mobile,+855016350261
Smart-016-350262,Mobile,+855016350262
Smart-016-350263,Mobile,+855016350263
Smart-016-350264,Mobile,+855016350264
Smart-016-350265,Mobile,+855016350265
Smart-016-350266,Mobile,+855016350266
Smart-016-350267,Mobile,+855016350267
Smart-016-350268,Mobile,+855016350268
Smart-016-350269,Mobile,+855016350269
Smart-016-350270,Mobile,+855016350270
Smart-016-350271,Mobile,+855016350271
Smart-016-350272,Mobile,+855016350272
Smart-016-350273,Mobile,+855016350273
Smart-016-350274,Mobile,+855016350274
Smart-016-350275,Mobile,+855016350275
Smart-016-350276,Mobile,+855016350276
Smart-016-350277,Mobile,+855016350277
Smart-016-350278,Mobile,+855016350278
Smart-016-350279,Mobile,+855016350279
Smart-016-350280,Mobile,+855016350280
Smart-016-350281,Mobile,+855016350281
Smart-016-350282,Mobile,+855016350282
Smart-016-350283,Mobile,+855016350283
Smart-016-350284,Mobile,+855016350284
Smart-016-350285,Mobile,+855016350285
Smart-016-350286,Mobile,+855016350286
Smart-016-350287,Mobile,+855016350287
Smart-016-350288,Mobile,+855016350288
Smart-016-350289,Mobile,+855016350289
Smart-016-350290,Mobile,+855016350290
Smart-016-350291,Mobile,+855016350291
Smart-016-350292,Mobile,+855016350292
Smart-016-350293,Mobile,+855016350293
Smart-016-350294,Mobile,+855016350294
Smart-016-350295,Mobile,+855016350295
Smart-016-350296,Mobile,+855016350296
Smart-016-350297,Mobile,+855016350297
Smart-016-350298,Mobile,+855016350298
Smart-016-350299,Mobile,+855016350299
Smart-016-350300,Mobile,+855016350300
Smart-016-350301,Mobile,+855016350301
Smart-016-350302,Mobile,+855016350302
Smart-016-350303,Mobile,+855016350303
Smart-016-350304,Mobile,+855016350304
Smart-016-350305,Mobile,+855016350305
Smart-016-350306,Mobile,+855016350306
Smart-016-350307,Mobile,+855016350307
Smart-016-350308,Mobile,+855016350308
Smart-016-350309,Mobile,+855016350309
Smart-016-350310,Mobile,+855016350310
Smart-016-350311,Mobile,+855016350311
Smart-016-350312,Mobile,+855016350312
Smart-016-350313,Mobile,+855016350313
Smart-016-350314,Mobile,+855016350314
Smart-016-350315,Mobile,+855016350315
Smart-016-350316,Mobile,+855016350316
Smart-016-350317,Mobile,+855016350317
Smart-016-350318,Mobile,+855016350318
Smart-016-350319,Mobile,+855016350319
Smart-016-350320,Mobile,+855016350320
Smart-016-350321,Mobile,+855016350321
Smart-016-350322,Mobile,+855016350322
Smart-016-350323,Mobile,+855016350323
Smart-016-350324,Mobile,+855016350324
Smart-016-350325,Mobile,+855016350325
Smart-016-350326,Mobile,+855016350326
Smart-016-350327,Mobile,+855016350327
Smart-016-350328,Mobile,+855016350328
Smart-016-350329,Mobile,+855016350329
Smart-016-350330,Mobile,+855016350330
Smart-016-350331,Mobile,+855016350331
Smart-016-350332,Mobile,+855016350332
Smart-016-350333,Mobile,+855016350333
Smart-016-350334,Mobile,+855016350334
Smart-016-350335,Mobile,+855016350335
Smart-016-350336,Mobile,+855016350336
Smart-016-350337,Mobile,+855016350337
Smart-016-350338,Mobile,+855016350338
Smart-016-350339,Mobile,+855016350339
Smart-016-350340,Mobile,+855016350340
Smart-016-350341,Mobile,+855016350341
Smart-016-350342,Mobile,+855016350342
Smart-016-350343,Mobile,+855016350343
Smart-016-350344,Mobile,+855016350344
Smart-016-350345,Mobile,+855016350345
Smart-016-350346,Mobile,+855016350346
Smart-016-350347,Mobile,+855016350347
Smart-016-350348,Mobile,+855016350348
Smart-016-350349,Mobile,+855016350349
Smart-016-350350,Mobile,+855016350350
Smart-016-350351,Mobile,+855016350351
Smart-016-350352,Mobile,+855016350352
Smart-016-350353,Mobile,+855016350353
Smart-016-350354,Mobile,+855016350354
Smart-016-350355,Mobile,+855016350355
Smart-016-350356,Mobile,+855016350356
Smart-016-350357,Mobile,+855016350357
Smart-016-350358,Mobile,+855016350358
Smart-016-350359,Mobile,+855016350359
Smart-016-350360,Mobile,+855016350360
Smart-016-350361,Mobile,+855016350361
Smart-016-350362,Mobile,+855016350362
Smart-016-350363,Mobile,+855016350363
Smart-016-350364,Mobile,+855016350364
Smart-016-350365,Mobile,+855016350365
Smart-016-350366,Mobile,+855016350366
Smart-016-350367,Mobile,+855016350367
Smart-016-350368,Mobile,+855016350368
Smart-016-350369,Mobile,+855016350369
Smart-016-350370,Mobile,+855016350370
Smart-016-350371,Mobile,+855016350371
Smart-016-350372,Mobile,+855016350372
Smart-016-350373,Mobile,+855016350373
Smart-016-350374,Mobile,+855016350374
Smart-016-350375,Mobile,+855016350375
Smart-016-350376,Mobile,+855016350376
Smart-016-350377,Mobile,+855016350377
Smart-016-350378,Mobile,+855016350378
Smart-016-350379,Mobile,+855016350379
Smart-016-350380,Mobile,+855016350380
Smart-016-350381,Mobile,+855016350381
Smart-016-350382,Mobile,+855016350382
Smart-016-350383,Mobile,+855016350383
Smart-016-350384,Mobile,+855016350384
Smart-016-350385,Mobile,+855016350385
Smart-016-350386,Mobile,+855016350386
Smart-016-350387,Mobile,+855016350387
Smart-016-350388,Mobile,+855016350388
Smart-016-350389,Mobile,+855016350389
Smart-016-350390,Mobile,+855016350390
Smart-016-350391,Mobile,+855016350391
Smart-016-350392,Mobile,+855016350392
Smart-016-350393,Mobile,+855016350393
Smart-016-350394,Mobile,+855016350394
Smart-016-350395,Mobile,+855016350395
Smart-016-350396,Mobile,+855016350396
Smart-016-350397,Mobile,+855016350397
Smart-016-350398,Mobile,+855016350398
Smart-016-350399,Mobile,+855016350399
Smart-016-350400,Mobile,+855016350400
Smart-016-350401,Mobile,+855016350401
Smart-016-350402,Mobile,+855016350402
Smart-016-350403,Mobile,+855016350403
Smart-016-350404,Mobile,+855016350404
Smart-016-350405,Mobile,+855016350405
Smart-016-350406,Mobile,+855016350406
Smart-016-350407,Mobile,+855016350407
Smart-016-350408,Mobile,+855016350408
Smart-016-350409,Mobile,+855016350409
Smart-016-350410,Mobile,+855016350410
Smart-016-350411,Mobile,+855016350411
Smart-016-350412,Mobile,+855016350412
Smart-016-350413,Mobile,+855016350413
Smart-016-350414,Mobile,+855016350414
Smart-016-350415,Mobile,+855016350415
Smart-016-350416,Mobile,+855016350416
Smart-016-350417,Mobile,+855016350417
Smart-016-350418,Mobile,+855016350418
Smart-016-350419,Mobile,+855016350419
Smart-016-350420,Mobile,+855016350420
Smart-016-350421,Mobile,+855016350421
Smart-016-350422,Mobile,+855016350422
Smart-016-350423,Mobile,+855016350423
Smart-016-350424,Mobile,+855016350424
Smart-016-350425,Mobile,+855016350425
Smart-016-350426,Mobile,+855016350426
Smart-016-350427,Mobile,+855016350427
Smart-016-350428,Mobile,+855016350428
Smart-016-350429,Mobile,+855016350429
Smart-016-350430,Mobile,+855016350430
Smart-016-350431,Mobile,+855016350431
Smart-016-350432,Mobile,+855016350432
Smart-016-350433,Mobile,+855016350433
Smart-016-350434,Mobile,+855016350434
Smart-016-350435,Mobile,+855016350435
Smart-016-350436,Mobile,+855016350436
Smart-016-350437,Mobile,+855016350437
Smart-016-350438,Mobile,+855016350438
Smart-016-350439,Mobile,+855016350439
Smart-016-350440,Mobile,+855016350440
Smart-016-350441,Mobile,+855016350441
Smart-016-350442,Mobile,+855016350442
Smart-016-350443,Mobile,+855016350443
Smart-016-350444,Mobile,+855016350444
Smart-016-350445,Mobile,+855016350445
Smart-016-350446,Mobile,+855016350446
Smart-016-350447,Mobile,+855016350447
Smart-016-350448,Mobile,+855016350448
Smart-016-350449,Mobile,+855016350449
Smart-016-350450,Mobile,+855016350450
Smart-016-350451,Mobile,+855016350451
Smart-016-350452,Mobile,+855016350452
Smart-016-350453,Mobile,+855016350453
Smart-016-350454,Mobile,+855016350454
Smart-016-350455,Mobile,+855016350455
Smart-016-350456,Mobile,+855016350456
Smart-016-350457,Mobile,+855016350457
Smart-016-350458,Mobile,+855016350458
Smart-016-350459,Mobile,+855016350459
Smart-016-350460,Mobile,+855016350460
Smart-016-350461,Mobile,+855016350461
Smart-016-350462,Mobile,+855016350462
Smart-016-350463,Mobile,+855016350463
Smart-016-350464,Mobile,+855016350464
Smart-016-350465,Mobile,+855016350465
Smart-016-350466,Mobile,+855016350466
Smart-016-350467,Mobile,+855016350467
Smart-016-350468,Mobile,+855016350468
Smart-016-350469,Mobile,+855016350469
Smart-016-350470,Mobile,+855016350470
Smart-016-350471,Mobile,+855016350471
Smart-016-350472,Mobile,+855016350472
Smart-016-350473,Mobile,+855016350473
Smart-016-350474,Mobile,+855016350474
Smart-016-350475,Mobile,+855016350475
Smart-016-350476,Mobile,+855016350476
Smart-016-350477,Mobile,+855016350477
Smart-016-350478,Mobile,+855016350478
Smart-016-350479,Mobile,+855016350479
Smart-016-350480,Mobile,+855016350480
Smart-016-350481,Mobile,+855016350481
Smart-016-350482,Mobile,+855016350482
Smart-016-350483,Mobile,+855016350483
Smart-016-350484,Mobile,+855016350484
Smart-016-350485,Mobile,+855016350485
Smart-016-350486,Mobile,+855016350486
Smart-016-350487,Mobile,+855016350487
Smart-016-350488,Mobile,+855016350488
Smart-016-350489,Mobile,+855016350489
Smart-016-350490,Mobile,+855016350490
Smart-016-350491,Mobile,+855016350491
Smart-016-350492,Mobile,+855016350492
Smart-016-350493,Mobile,+855016350493
Smart-016-350494,Mobile,+855016350494
Smart-016-350495,Mobile,+855016350495
Smart-016-350496,Mobile,+855016350496
Smart-016-350497,Mobile,+855016350497
Smart-016-350498,Mobile,+855016350498
Smart-016-350499,Mobile,+855016350499
Smart-016-350500,Mobile,+855016350500
Smart-016-350501,Mobile,+855016350501
Smart-016-350502,Mobile,+855016350502
Smart-016-350503,Mobile,+855016350503
Smart-016-350504,Mobile,+855016350504
Smart-016-350505,Mobile,+855016350505
Smart-016-350506,Mobile,+855016350506
Smart-016-350507,Mobile,+855016350507
Smart-016-350508,Mobile,+855016350508
Smart-016-350509,Mobile,+855016350509
Smart-016-350510,Mobile,+855016350510
Smart-016-350511,Mobile,+855016350511
Smart-016-350512,Mobile,+855016350512
Smart-016-350513,Mobile,+855016350513
Smart-016-350514,Mobile,+855016350514
Smart-016-350515,Mobile,+855016350515
Smart-016-350516,Mobile,+855016350516
Smart-016-350517,Mobile,+855016350517
Smart-016-350518,Mobile,+855016350518
Smart-016-350519,Mobile,+855016350519
Smart-016-350520,Mobile,+855016350520
Smart-016-350521,Mobile,+855016350521
Smart-016-350522,Mobile,+855016350522
Smart-016-350523,Mobile,+855016350523
Smart-016-350524,Mobile,+855016350524
Smart-016-350525,Mobile,+855016350525
Smart-016-350526,Mobile,+855016350526
Smart-016-350527,Mobile,+855016350527
Smart-016-350528,Mobile,+855016350528
Smart-016-350529,Mobile,+855016350529
Smart-016-350530,Mobile,+855016350530
Smart-016-350531,Mobile,+855016350531
Smart-016-350532,Mobile,+855016350532
Smart-016-350533,Mobile,+855016350533
Smart-016-350534,Mobile,+855016350534
Smart-016-350535,Mobile,+855016350535
Smart-016-350536,Mobile,+855016350536
Smart-016-350537,Mobile,+855016350537
Smart-016-350538,Mobile,+855016350538
Smart-016-350539,Mobile,+855016350539
Smart-016-350540,Mobile,+855016350540
Smart-016-350541,Mobile,+855016350541
Smart-016-350542,Mobile,+855016350542
Smart-016-350543,Mobile,+855016350543
Smart-016-350544,Mobile,+855016350544
Smart-016-350545,Mobile,+855016350545
Smart-016-350546,Mobile,+855016350546
Smart-016-350547,Mobile,+855016350547
Smart-016-350548,Mobile,+855016350548
Smart-016-350549,Mobile,+855016350549
Smart-016-350550,Mobile,+855016350550
Smart-016-350551,Mobile,+855016350551
Smart-016-350552,Mobile,+855016350552
Smart-016-350553,Mobile,+855016350553
Smart-016-350554,Mobile,+855016350554
Smart-016-350555,Mobile,+855016350555
Smart-016-350556,Mobile,+855016350556
Smart-016-350557,Mobile,+855016350557
Smart-016-350558,Mobile,+855016350558
Smart-016-350559,Mobile,+855016350559
Smart-016-350560,Mobile,+855016350560
Smart-016-350561,Mobile,+855016350561
Smart-016-350562,Mobile,+855016350562
Smart-016-350563,Mobile,+855016350563
Smart-016-350564,Mobile,+855016350564
Smart-016-350565,Mobile,+855016350565
Smart-016-350566,Mobile,+855016350566
Smart-016-350567,Mobile,+855016350567
Smart-016-350568,Mobile,+855016350568
Smart-016-350569,Mobile,+855016350569
Smart-016-350570,Mobile,+855016350570
Smart-016-350571,Mobile,+855016350571
Smart-016-350572,Mobile,+855016350572
Smart-016-350573,Mobile,+855016350573
Smart-016-350574,Mobile,+855016350574
Smart-016-350575,Mobile,+855016350575
Smart-016-350576,Mobile,+855016350576
Smart-016-350577,Mobile,+855016350577
Smart-016-350578,Mobile,+855016350578
Smart-016-350579,Mobile,+855016350579
Smart-016-350580,Mobile,+855016350580
Smart-016-350581,Mobile,+855016350581
Smart-016-350582,Mobile,+855016350582
Smart-016-350583,Mobile,+855016350583
Smart-016-350584,Mobile,+855016350584
Smart-016-350585,Mobile,+855016350585
Smart-016-350586,Mobile,+855016350586
Smart-016-350587,Mobile,+855016350587
Smart-016-350588,Mobile,+855016350588
Smart-016-350589,Mobile,+855016350589
Smart-016-350590,Mobile,+855016350590
Smart-016-350591,Mobile,+855016350591
Smart-016-350592,Mobile,+855016350592
Smart-016-350593,Mobile,+855016350593
Smart-016-350594,Mobile,+855016350594
Smart-016-350595,Mobile,+855016350595
Smart-016-350596,Mobile,+855016350596
Smart-016-350597,Mobile,+855016350597
Smart-016-350598,Mobile,+855016350598
Smart-016-350599,Mobile,+855016350599
Smart-016-350600,Mobile,+855016350600
Smart-016-350601,Mobile,+855016350601
Smart-016-350602,Mobile,+855016350602
Smart-016-350603,Mobile,+855016350603
Smart-016-350604,Mobile,+855016350604
Smart-016-350605,Mobile,+855016350605
Smart-016-350606,Mobile,+855016350606
Smart-016-350607,Mobile,+855016350607
Smart-016-350608,Mobile,+855016350608
Smart-016-350609,Mobile,+855016350609
Smart-016-350610,Mobile,+855016350610
Smart-016-350611,Mobile,+855016350611
Smart-016-350612,Mobile,+855016350612
Smart-016-350613,Mobile,+855016350613
Smart-016-350614,Mobile,+855016350614
Smart-016-350615,Mobile,+855016350615
Smart-016-350616,Mobile,+855016350616
Smart-016-350617,Mobile,+855016350617
Smart-016-350618,Mobile,+855016350618
Smart-016-350619,Mobile,+855016350619
Smart-016-350620,Mobile,+855016350620
Smart-016-350621,Mobile,+855016350621
Smart-016-350622,Mobile,+855016350622
Smart-016-350623,Mobile,+855016350623
Smart-016-350624,Mobile,+855016350624
Smart-016-350625,Mobile,+855016350625
Smart-016-350626,Mobile,+855016350626
Smart-016-350627,Mobile,+855016350627
Smart-016-350628,Mobile,+855016350628
Smart-016-350629,Mobile,+855016350629
Smart-016-350630,Mobile,+855016350630
Smart-016-350631,Mobile,+855016350631
Smart-016-350632,Mobile,+855016350632
Smart-016-350633,Mobile,+855016350633
Smart-016-350634,Mobile,+855016350634
Smart-016-350635,Mobile,+855016350635
Smart-016-350636,Mobile,+855016350636
Smart-016-350637,Mobile,+855016350637
Smart-016-350638,Mobile,+855016350638
Smart-016-350639,Mobile,+855016350639
Smart-016-350640,Mobile,+855016350640
Smart-016-350641,Mobile,+855016350641
Smart-016-350642,Mobile,+855016350642
Smart-016-350643,Mobile,+855016350643
Smart-016-350644,Mobile,+855016350644
Smart-016-350645,Mobile,+855016350645
Smart-016-350646,Mobile,+855016350646
Smart-016-350647,Mobile,+855016350647
Smart-016-350648,Mobile,+855016350648
Smart-016-350649,Mobile,+855016350649
Smart-016-350650,Mobile,+855016350650
Smart-016-350651,Mobile,+855016350651
Smart-016-350652,Mobile,+855016350652
Smart-016-350653,Mobile,+855016350653
Smart-016-350654,Mobile,+855016350654
Smart-016-350655,Mobile,+855016350655
Smart-016-350656,Mobile,+855016350656
Smart-016-350657,Mobile,+855016350657
Smart-016-350658,Mobile,+855016350658
Smart-016-350659,Mobile,+855016350659
Smart-016-350660,Mobile,+855016350660
Smart-016-350661,Mobile,+855016350661
Smart-016-350662,Mobile,+855016350662
Smart-016-350663,Mobile,+855016350663
Smart-016-350664,Mobile,+855016350664
Smart-016-350665,Mobile,+855016350665
Smart-016-350666,Mobile,+855016350666
Smart-016-350667,Mobile,+855016350667
Smart-016-350668,Mobile,+855016350668
Smart-016-350669,Mobile,+855016350669
Smart-016-350670,Mobile,+855016350670
Smart-016-350671,Mobile,+855016350671
Smart-016-350672,Mobile,+855016350672
Smart-016-350673,Mobile,+855016350673
Smart-016-350674,Mobile,+855016350674
Smart-016-350675,Mobile,+855016350675
Smart-016-350676,Mobile,+855016350676
Smart-016-350677,Mobile,+855016350677
Smart-016-350678,Mobile,+855016350678
Smart-016-350679,Mobile,+855016350679
Smart-016-350680,Mobile,+855016350680
Smart-016-350681,Mobile,+855016350681
Smart-016-350682,Mobile,+855016350682
Smart-016-350683,Mobile,+855016350683
Smart-016-350684,Mobile,+855016350684
Smart-016-350685,Mobile,+855016350685
Smart-016-350686,Mobile,+855016350686
Smart-016-350687,Mobile,+855016350687
Smart-016-350688,Mobile,+855016350688
Smart-016-350689,Mobile,+855016350689
Smart-016-350690,Mobile,+855016350690
Smart-016-350691,Mobile,+855016350691
Smart-016-350692,Mobile,+855016350692
Smart-016-350693,Mobile,+855016350693
Smart-016-350694,Mobile,+855016350694
Smart-016-350695,Mobile,+855016350695
Smart-016-350696,Mobile,+855016350696
Smart-016-350697,Mobile,+855016350697
Smart-016-350698,Mobile,+855016350698
Smart-016-350699,Mobile,+855016350699
Smart-016-350700,Mobile,+855016350700
Smart-016-350701,Mobile,+855016350701
Smart-016-350702,Mobile,+855016350702
Smart-016-350703,Mobile,+855016350703
Smart-016-350704,Mobile,+855016350704
Smart-016-350705,Mobile,+855016350705
Smart-016-350706,Mobile,+855016350706
Smart-016-350707,Mobile,+855016350707
Smart-016-350708,Mobile,+855016350708
Smart-016-350709,Mobile,+855016350709
Smart-016-350710,Mobile,+855016350710
Smart-016-350711,Mobile,+855016350711
Smart-016-350712,Mobile,+855016350712
Smart-016-350713,Mobile,+855016350713
Smart-016-350714,Mobile,+855016350714
Smart-016-350715,Mobile,+855016350715
Smart-016-350716,Mobile,+855016350716
Smart-016-350717,Mobile,+855016350717
Smart-016-350718,Mobile,+855016350718
Smart-016-350719,Mobile,+855016350719
Smart-016-350720,Mobile,+855016350720
Smart-016-350721,Mobile,+855016350721
Smart-016-350722,Mobile,+855016350722
Smart-016-350723,Mobile,+855016350723
Smart-016-350724,Mobile,+855016350724
Smart-016-350725,Mobile,+855016350725
Smart-016-350726,Mobile,+855016350726
Smart-016-350727,Mobile,+855016350727
Smart-016-350728,Mobile,+855016350728
Smart-016-350729,Mobile,+855016350729
Smart-016-350730,Mobile,+855016350730
Smart-016-350731,Mobile,+855016350731
Smart-016-350732,Mobile,+855016350732
Smart-016-350733,Mobile,+855016350733
Smart-016-350734,Mobile,+855016350734
Smart-016-350735,Mobile,+855016350735
Smart-016-350736,Mobile,+855016350736
Smart-016-350737,Mobile,+855016350737
Smart-016-350738,Mobile,+855016350738
Smart-016-350739,Mobile,+855016350739
Smart-016-350740,Mobile,+855016350740
Smart-016-350741,Mobile,+855016350741
Smart-016-350742,Mobile,+855016350742
Smart-016-350743,Mobile,+855016350743
Smart-016-350744,Mobile,+855016350744
Smart-016-350745,Mobile,+855016350745
Smart-016-350746,Mobile,+855016350746
Smart-016-350747,Mobile,+855016350747
Smart-016-350748,Mobile,+855016350748
Smart-016-350749,Mobile,+855016350749
Smart-016-350750,Mobile,+855016350750
Smart-016-350751,Mobile,+855016350751
Smart-016-350752,Mobile,+855016350752
Smart-016-350753,Mobile,+855016350753
Smart-016-350754,Mobile,+855016350754
Smart-016-350755,Mobile,+855016350755
Smart-016-350756,Mobile,+855016350756
Smart-016-350757,Mobile,+855016350757
Smart-016-350758,Mobile,+855016350758
Smart-016-350759,Mobile,+855016350759
Smart-016-350760,Mobile,+855016350760
Smart-016-350761,Mobile,+855016350761
Smart-016-350762,Mobile,+855016350762
Smart-016-350763,Mobile,+855016350763
Smart-016-350764,Mobile,+855016350764
Smart-016-350765,Mobile,+855016350765
Smart-016-350766,Mobile,+855016350766
Smart-016-350767,Mobile,+855016350767
Smart-016-350768,Mobile,+855016350768
Smart-016-350769,Mobile,+855016350769
Smart-016-350770,Mobile,+855016350770
Smart-016-350771,Mobile,+855016350771
Smart-016-350772,Mobile,+855016350772
Smart-016-350773,Mobile,+855016350773
Smart-016-350774,Mobile,+855016350774
Smart-016-350775,Mobile,+855016350775
Smart-016-350776,Mobile,+855016350776
Smart-016-350777,Mobile,+855016350777
Smart-016-350778,Mobile,+855016350778
Smart-016-350779,Mobile,+855016350779
Smart-016-350780,Mobile,+855016350780
Smart-016-350781,Mobile,+855016350781
Smart-016-350782,Mobile,+855016350782
Smart-016-350783,Mobile,+855016350783
Smart-016-350784,Mobile,+855016350784
Smart-016-350785,Mobile,+855016350785
Smart-016-350786,Mobile,+855016350786
Smart-016-350787,Mobile,+855016350787
Smart-016-350788,Mobile,+855016350788
Smart-016-350789,Mobile,+855016350789
Smart-016-350790,Mobile,+855016350790
Smart-016-350791,Mobile,+855016350791
Smart-016-350792,Mobile,+855016350792
Smart-016-350793,Mobile,+855016350793
Smart-016-350794,Mobile,+855016350794
Smart-016-350795,Mobile,+855016350795
Smart-016-350796,Mobile,+855016350796
Smart-016-350797,Mobile,+855016350797
Smart-016-350798,Mobile,+855016350798
Smart-016-350799,Mobile,+855016350799
Smart-016-350800,Mobile,+855016350800
Smart-016-350801,Mobile,+855016350801
Smart-016-350802,Mobile,+855016350802
Smart-016-350803,Mobile,+855016350803
Smart-016-350804,Mobile,+855016350804
Smart-016-350805,Mobile,+855016350805
Smart-016-350806,Mobile,+855016350806
Smart-016-350807,Mobile,+855016350807
Smart-016-350808,Mobile,+855016350808
Smart-016-350809,Mobile,+855016350809
Smart-016-350810,Mobile,+855016350810
Smart-016-350811,Mobile,+855016350811
Smart-016-350812,Mobile,+855016350812
Smart-016-350813,Mobile,+855016350813
Smart-016-350814,Mobile,+855016350814
Smart-016-350815,Mobile,+855016350815
Smart-016-350816,Mobile,+855016350816
Smart-016-350817,Mobile,+855016350817
Smart-016-350818,Mobile,+855016350818
Smart-016-350819,Mobile,+855016350819
Smart-016-350820,Mobile,+855016350820
Smart-016-350821,Mobile,+855016350821
Smart-016-350822,Mobile,+855016350822
Smart-016-350823,Mobile,+855016350823
Smart-016-350824,Mobile,+855016350824
Smart-016-350825,Mobile,+855016350825
Smart-016-350826,Mobile,+855016350826
Smart-016-350827,Mobile,+855016350827
Smart-016-350828,Mobile,+855016350828
Smart-016-350829,Mobile,+855016350829
Smart-016-350830,Mobile,+855016350830
Smart-016-350831,Mobile,+855016350831
Smart-016-350832,Mobile,+855016350832
Smart-016-350833,Mobile,+855016350833
Smart-016-350834,Mobile,+855016350834
Smart-016-350835,Mobile,+855016350835
Smart-016-350836,Mobile,+855016350836
Smart-016-350837,Mobile,+855016350837
Smart-016-350838,Mobile,+855016350838
Smart-016-350839,Mobile,+855016350839
Smart-016-350840,Mobile,+855016350840
Smart-016-350841,Mobile,+855016350841
Smart-016-350842,Mobile,+855016350842
Smart-016-350843,Mobile,+855016350843
Smart-016-350844,Mobile,+855016350844
Smart-016-350845,Mobile,+855016350845
Smart-016-350846,Mobile,+855016350846
Smart-016-350847,Mobile,+855016350847
Smart-016-350848,Mobile,+855016350848
Smart-016-350849,Mobile,+855016350849
Smart-016-350850,Mobile,+855016350850
Smart-016-350851,Mobile,+855016350851
Smart-016-350852,Mobile,+855016350852
Smart-016-350853,Mobile,+855016350853
Smart-016-350854,Mobile,+855016350854
Smart-016-350855,Mobile,+855016350855
Smart-016-350856,Mobile,+855016350856
Smart-016-350857,Mobile,+855016350857
Smart-016-350858,Mobile,+855016350858
Smart-016-350859,Mobile,+855016350859
Smart-016-350860,Mobile,+855016350860
Smart-016-350861,Mobile,+855016350861
Smart-016-350862,Mobile,+855016350862
Smart-016-350863,Mobile,+855016350863
Smart-016-350864,Mobile,+855016350864
Smart-016-350865,Mobile,+855016350865
Smart-016-350866,Mobile,+855016350866
Smart-016-350867,Mobile,+855016350867
Smart-016-350868,Mobile,+855016350868
Smart-016-350869,Mobile,+855016350869
Smart-016-350870,Mobile,+855016350870
Smart-016-350871,Mobile,+855016350871
Smart-016-350872,Mobile,+855016350872
Smart-016-350873,Mobile,+855016350873
Smart-016-350874,Mobile,+855016350874
Smart-016-350875,Mobile,+855016350875
Smart-016-350876,Mobile,+855016350876
Smart-016-350877,Mobile,+855016350877
Smart-016-350878,Mobile,+855016350878
Smart-016-350879,Mobile,+855016350879
Smart-016-350880,Mobile,+855016350880
Smart-016-350881,Mobile,+855016350881
Smart-016-350882,Mobile,+855016350882
Smart-016-350883,Mobile,+855016350883
Smart-016-350884,Mobile,+855016350884
Smart-016-350885,Mobile,+855016350885
Smart-016-350886,Mobile,+855016350886
Smart-016-350887,Mobile,+855016350887
Smart-016-350888,Mobile,+855016350888
Smart-016-350889,Mobile,+855016350889
Smart-016-350890,Mobile,+855016350890
Smart-016-350891,Mobile,+855016350891
Smart-016-350892,Mobile,+855016350892
Smart-016-350893,Mobile,+855016350893
Smart-016-350894,Mobile,+855016350894
Smart-016-350895,Mobile,+855016350895
Smart-016-350896,Mobile,+855016350896
Smart-016-350897,Mobile,+855016350897
Smart-016-350898,Mobile,+855016350898
Smart-016-350899,Mobile,+855016350899
Smart-016-350900,Mobile,+855016350900
Smart-016-350901,Mobile,+855016350901
Smart-016-350902,Mobile,+855016350902
Smart-016-350903,Mobile,+855016350903
Smart-016-350904,Mobile,+855016350904
Smart-016-350905,Mobile,+855016350905
Smart-016-350906,Mobile,+855016350906
Smart-016-350907,Mobile,+855016350907
Smart-016-350908,Mobile,+855016350908
Smart-016-350909,Mobile,+855016350909
Smart-016-350910,Mobile,+855016350910
Smart-016-350911,Mobile,+855016350911
Smart-016-350912,Mobile,+855016350912
Smart-016-350913,Mobile,+855016350913
Smart-016-350914,Mobile,+855016350914
Smart-016-350915,Mobile,+855016350915
Smart-016-350916,Mobile,+855016350916
Smart-016-350917,Mobile,+855016350917
Smart-016-350918,Mobile,+855016350918
Smart-016-350919,Mobile,+855016350919
Smart-016-350920,Mobile,+855016350920
Smart-016-350921,Mobile,+855016350921
Smart-016-350922,Mobile,+855016350922
Smart-016-350923,Mobile,+855016350923
Smart-016-350924,Mobile,+855016350924
Smart-016-350925,Mobile,+855016350925
Smart-016-350926,Mobile,+855016350926
Smart-016-350927,Mobile,+855016350927
Smart-016-350928,Mobile,+855016350928
Smart-016-350929,Mobile,+855016350929
Smart-016-350930,Mobile,+855016350930
Smart-016-350931,Mobile,+855016350931
Smart-016-350932,Mobile,+855016350932
Smart-016-350933,Mobile,+855016350933
Smart-016-350934,Mobile,+855016350934
Smart-016-350935,Mobile,+855016350935
Smart-016-350936,Mobile,+855016350936
Smart-016-350937,Mobile,+855016350937
Smart-016-350938,Mobile,+855016350938
Smart-016-350939,Mobile,+855016350939
Smart-016-350940,Mobile,+855016350940
Smart-016-350941,Mobile,+855016350941
Smart-016-350942,Mobile,+855016350942
Smart-016-350943,Mobile,+855016350943
Smart-016-350944,Mobile,+855016350944
Smart-016-350945,Mobile,+855016350945
Smart-016-350946,Mobile,+855016350946
Smart-016-350947,Mobile,+855016350947
Smart-016-350948,Mobile,+855016350948
Smart-016-350949,Mobile,+855016350949
Smart-016-350950,Mobile,+855016350950
Smart-016-350951,Mobile,+855016350951
Smart-016-350952,Mobile,+855016350952
Smart-016-350953,Mobile,+855016350953
Smart-016-350954,Mobile,+855016350954
Smart-016-350955,Mobile,+855016350955
Smart-016-350956,Mobile,+855016350956
Smart-016-350957,Mobile,+855016350957
Smart-016-350958,Mobile,+855016350958
Smart-016-350959,Mobile,+855016350959
Smart-016-350960,Mobile,+855016350960
Smart-016-350961,Mobile,+855016350961
Smart-016-350962,Mobile,+855016350962
Smart-016-350963,Mobile,+855016350963
Smart-016-350964,Mobile,+855016350964
Smart-016-350965,Mobile,+855016350965
Smart-016-350966,Mobile,+855016350966
Smart-016-350967,Mobile,+855016350967
Smart-016-350968,Mobile,+855016350968
Smart-016-350969,Mobile,+855016350969
Smart-016-350970,Mobile,+855016350970
Smart-016-350971,Mobile,+855016350971
Smart-016-350972,Mobile,+855016350972
Smart-016-350973,Mobile,+855016350973
Smart-016-350974,Mobile,+855016350974
Smart-016-350975,Mobile,+855016350975
Smart-016-350976,Mobile,+855016350976
Smart-016-350977,Mobile,+855016350977
Smart-016-350978,Mobile,+855016350978
Smart-016-350979,Mobile,+855016350979
Smart-016-350980,Mobile,+855016350980
Smart-016-350981,Mobile,+855016350981
Smart-016-350982,Mobile,+855016350982
Smart-016-350983,Mobile,+855016350983
Smart-016-350984,Mobile,+855016350984
Smart-016-350985,Mobile,+855016350985
Smart-016-350986,Mobile,+855016350986
Smart-016-350987,Mobile,+855016350987
Smart-016-350988,Mobile,+855016350988
Smart-016-350989,Mobile,+855016350989
Smart-016-350990,Mobile,+855016350990
Smart-016-350991,Mobile,+855016350991
Smart-016-350992,Mobile,+855016350992
Smart-016-350993,Mobile,+855016350993
Smart-016-350994,Mobile,+855016350994
Smart-016-350995,Mobile,+855016350995
Smart-016-350996,Mobile,+855016350996
Smart-016-350997,Mobile,+855016350997
Smart-016-350998,Mobile,+855016350998
Smart-016-350999,Mobile,+855016350999
Smart-016-351000,Mobile,+855016351000
Smart-016-351001,Mobile,+855016351001
Smart-016-351002,Mobile,+855016351002
Smart-016-351003,Mobile,+855016351003
Smart-016-351004,Mobile,+855016351004
Smart-016-351005,Mobile,+855016351005
Smart-016-351006,Mobile,+855016351006
Smart-016-351007,Mobile,+855016351007
Smart-016-351008,Mobile,+855016351008
Smart-016-351009,Mobile,+855016351009
Smart-016-351010,Mobile,+855016351010
Smart-016-351011,Mobile,+855016351011
Smart-016-351012,Mobile,+855016351012
Smart-016-351013,Mobile,+855016351013
Smart-016-351014,Mobile,+855016351014
Smart-016-351015,Mobile,+855016351015
Smart-016-351016,Mobile,+855016351016
Smart-016-351017,Mobile,+855016351017
Smart-016-351018,Mobile,+855016351018
Smart-016-351019,Mobile,+855016351019
Smart-016-351020,Mobile,+855016351020
Smart-016-351021,Mobile,+855016351021
Smart-016-351022,Mobile,+855016351022
Smart-016-351023,Mobile,+855016351023
Smart-016-351024,Mobile,+855016351024
Smart-016-351025,Mobile,+855016351025
Smart-016-351026,Mobile,+855016351026
Smart-016-351027,Mobile,+855016351027
Smart-016-351028,Mobile,+855016351028
Smart-016-351029,Mobile,+855016351029
Smart-016-351030,Mobile,+855016351030
Smart-016-351031,Mobile,+855016351031
Smart-016-351032,Mobile,+855016351032
Smart-016-351033,Mobile,+855016351033
Smart-016-351034,Mobile,+855016351034
Smart-016-351035,Mobile,+855016351035
Smart-016-351036,Mobile,+855016351036
Smart-016-351037,Mobile,+855016351037
Smart-016-351038,Mobile,+855016351038
Smart-016-351039,Mobile,+855016351039
Smart-016-351040,Mobile,+855016351040
Smart-016-351041,Mobile,+855016351041
Smart-016-351042,Mobile,+855016351042
Smart-016-351043,Mobile,+855016351043
Smart-016-351044,Mobile,+855016351044
Smart-016-351045,Mobile,+855016351045
Smart-016-351046,Mobile,+855016351046
Smart-016-351047,Mobile,+855016351047
Smart-016-351048,Mobile,+855016351048
Smart-016-351049,Mobile,+855016351049
Smart-016-351050,Mobile,+855016351050
Smart-016-351051,Mobile,+855016351051
Smart-016-351052,Mobile,+855016351052
Smart-016-351053,Mobile,+855016351053
Smart-016-351054,Mobile,+855016351054
Smart-016-351055,Mobile,+855016351055
Smart-016-351056,Mobile,+855016351056
Smart-016-351057,Mobile,+855016351057
Smart-016-351058,Mobile,+855016351058
Smart-016-351059,Mobile,+855016351059
Smart-016-351060,Mobile,+855016351060
Smart-016-351061,Mobile,+855016351061
Smart-016-351062,Mobile,+855016351062
Smart-016-351063,Mobile,+855016351063
Smart-016-351064,Mobile,+855016351064
Smart-016-351065,Mobile,+855016351065
Smart-016-351066,Mobile,+855016351066
Smart-016-351067,Mobile,+855016351067
Smart-016-351068,Mobile,+855016351068
Smart-016-351069,Mobile,+855016351069
Smart-016-351070,Mobile,+855016351070
Smart-016-351071,Mobile,+855016351071
Smart-016-351072,Mobile,+855016351072
Smart-016-351073,Mobile,+855016351073
Smart-016-351074,Mobile,+855016351074
Smart-016-351075,Mobile,+855016351075
Smart-016-351076,Mobile,+855016351076
Smart-016-351077,Mobile,+855016351077
Smart-016-351078,Mobile,+855016351078
Smart-016-351079,Mobile,+855016351079
Smart-016-351080,Mobile,+855016351080
Smart-016-351081,Mobile,+855016351081
Smart-016-351082,Mobile,+855016351082
Smart-016-351083,Mobile,+855016351083
Smart-016-351084,Mobile,+855016351084
Smart-016-351085,Mobile,+855016351085
Smart-016-351086,Mobile,+855016351086
Smart-016-351087,Mobile,+855016351087
Smart-016-351088,Mobile,+855016351088
Smart-016-351089,Mobile,+855016351089
Smart-016-351090,Mobile,+855016351090
Smart-016-351091,Mobile,+855016351091
Smart-016-351092,Mobile,+855016351092
Smart-016-351093,Mobile,+855016351093
Smart-016-351094,Mobile,+855016351094
Smart-016-351095,Mobile,+855016351095
Smart-016-351096,Mobile,+855016351096
Smart-016-351097,Mobile,+855016351097
Smart-016-351098,Mobile,+855016351098
Smart-016-351099,Mobile,+855016351099
Smart-016-351100,Mobile,+855016351100
Smart-016-351101,Mobile,+855016351101
Smart-016-351102,Mobile,+855016351102
Smart-016-351103,Mobile,+855016351103
Smart-016-351104,Mobile,+855016351104
Smart-016-351105,Mobile,+855016351105
Smart-016-351106,Mobile,+855016351106
Smart-016-351107,Mobile,+855016351107
Smart-016-351108,Mobile,+855016351108
Smart-016-351109,Mobile,+855016351109
Smart-016-351110,Mobile,+855016351110
Smart-016-351111,Mobile,+855016351111
Smart-016-351112,Mobile,+855016351112
Smart-016-351113,Mobile,+855016351113
Smart-016-351114,Mobile,+855016351114
Smart-016-351115,Mobile,+855016351115
Smart-016-351116,Mobile,+855016351116
Smart-016-351117,Mobile,+855016351117
Smart-016-351118,Mobile,+855016351118
Smart-016-351119,Mobile,+855016351119
Smart-016-351120,Mobile,+855016351120
Smart-016-351121,Mobile,+855016351121
Smart-016-351122,Mobile,+855016351122
Smart-016-351123,Mobile,+855016351123
Smart-016-351124,Mobile,+855016351124
Smart-016-351125,Mobile,+855016351125
Smart-016-351126,Mobile,+855016351126
Smart-016-351127,Mobile,+855016351127
Smart-016-351128,Mobile,+855016351128
Smart-016-351129,Mobile,+855016351129
Smart-016-351130,Mobile,+855016351130
Smart-016-351131,Mobile,+855016351131
Smart-016-351132,Mobile,+855016351132
Smart-016-351133,Mobile,+855016351133
Smart-016-351134,Mobile,+855016351134
Smart-016-351135,Mobile,+855016351135
Smart-016-351136,Mobile,+855016351136
Smart-016-351137,Mobile,+855016351137
Smart-016-351138,Mobile,+855016351138
Smart-016-351139,Mobile,+855016351139
Smart-016-351140,Mobile,+855016351140
Smart-016-351141,Mobile,+855016351141
Smart-016-351142,Mobile,+855016351142
Smart-016-351143,Mobile,+855016351143
Smart-016-351144,Mobile,+855016351144
Smart-016-351145,Mobile,+855016351145
Smart-016-351146,Mobile,+855016351146
Smart-016-351147,Mobile,+855016351147
Smart-016-351148,Mobile,+855016351148
Smart-016-351149,Mobile,+855016351149
Smart-016-351150,Mobile,+855016351150
Smart-016-351151,Mobile,+855016351151
Smart-016-351152,Mobile,+855016351152
Smart-016-351153,Mobile,+855016351153
Smart-016-351154,Mobile,+855016351154
Smart-016-351155,Mobile,+855016351155
Smart-016-351156,Mobile,+855016351156
Smart-016-351157,Mobile,+855016351157
Smart-016-351158,Mobile,+855016351158
Smart-016-351159,Mobile,+855016351159
Smart-016-351160,Mobile,+855016351160
Smart-016-351161,Mobile,+855016351161
Smart-016-351162,Mobile,+855016351162
Smart-016-351163,Mobile,+855016351163
Smart-016-351164,Mobile,+855016351164
Smart-016-351165,Mobile,+855016351165
Smart-016-351166,Mobile,+855016351166
Smart-016-351167,Mobile,+855016351167
Smart-016-351168,Mobile,+855016351168
Smart-016-351169,Mobile,+855016351169
Smart-016-351170,Mobile,+855016351170
Smart-016-351171,Mobile,+855016351171
Smart-016-351172,Mobile,+855016351172
Smart-016-351173,Mobile,+855016351173
Smart-016-351174,Mobile,+855016351174
Smart-016-351175,Mobile,+855016351175
Smart-016-351176,Mobile,+855016351176
Smart-016-351177,Mobile,+855016351177
Smart-016-351178,Mobile,+855016351178
Smart-016-351179,Mobile,+855016351179
Smart-016-351180,Mobile,+855016351180
Smart-016-351181,Mobile,+855016351181
Smart-016-351182,Mobile,+855016351182
Smart-016-351183,Mobile,+855016351183
Smart-016-351184,Mobile,+855016351184
Smart-016-351185,Mobile,+855016351185
Smart-016-351186,Mobile,+855016351186
Smart-016-351187,Mobile,+855016351187
Smart-016-351188,Mobile,+855016351188
Smart-016-351189,Mobile,+855016351189
Smart-016-351190,Mobile,+855016351190
Smart-016-351191,Mobile,+855016351191
Smart-016-351192,Mobile,+855016351192
Smart-016-351193,Mobile,+855016351193
Smart-016-351194,Mobile,+855016351194
Smart-016-351195,Mobile,+855016351195
Smart-016-351196,Mobile,+855016351196
Smart-016-351197,Mobile,+855016351197
Smart-016-351198,Mobile,+855016351198
Smart-016-351199,Mobile,+855016351199
Smart-016-351200,Mobile,+855016351200
Smart-016-351201,Mobile,+855016351201
Smart-016-351202,Mobile,+855016351202
Smart-016-351203,Mobile,+855016351203
Smart-016-351204,Mobile,+855016351204
Smart-016-351205,Mobile,+855016351205
Smart-016-351206,Mobile,+855016351206
Smart-016-351207,Mobile,+855016351207
Smart-016-351208,Mobile,+855016351208
Smart-016-351209,Mobile,+855016351209
Smart-016-351210,Mobile,+855016351210
Smart-016-351211,Mobile,+855016351211
Smart-016-351212,Mobile,+855016351212
Smart-016-351213,Mobile,+855016351213
Smart-016-351214,Mobile,+855016351214
Smart-016-351215,Mobile,+855016351215
Smart-016-351216,Mobile,+855016351216
Smart-016-351217,Mobile,+855016351217
Smart-016-351218,Mobile,+855016351218
Smart-016-351219,Mobile,+855016351219
Smart-016-351220,Mobile,+855016351220
Smart-016-351221,Mobile,+855016351221
Smart-016-351222,Mobile,+855016351222
Smart-016-351223,Mobile,+855016351223
Smart-016-351224,Mobile,+855016351224
Smart-016-351225,Mobile,+855016351225
Smart-016-351226,Mobile,+855016351226
Smart-016-351227,Mobile,+855016351227
Smart-016-351228,Mobile,+855016351228
Smart-016-351229,Mobile,+855016351229
Smart-016-351230,Mobile,+855016351230
Smart-016-351231,Mobile,+855016351231
Smart-016-351232,Mobile,+855016351232
Smart-016-351233,Mobile,+855016351233
Smart-016-351234,Mobile,+855016351234
Smart-016-351235,Mobile,+855016351235
Smart-016-351236,Mobile,+855016351236
Smart-016-351237,Mobile,+855016351237
Smart-016-351238,Mobile,+855016351238
Smart-016-351239,Mobile,+855016351239
Smart-016-351240,Mobile,+855016351240
Smart-016-351241,Mobile,+855016351241
Smart-016-351242,Mobile,+855016351242
Smart-016-351243,Mobile,+855016351243
Smart-016-351244,Mobile,+855016351244
Smart-016-351245,Mobile,+855016351245
Smart-016-351246,Mobile,+855016351246
Smart-016-351247,Mobile,+855016351247
Smart-016-351248,Mobile,+855016351248
Smart-016-351249,Mobile,+855016351249
Smart-016-351250,Mobile,+855016351250
Smart-016-351251,Mobile,+855016351251
Smart-016-351252,Mobile,+855016351252
Smart-016-351253,Mobile,+855016351253
Smart-016-351254,Mobile,+855016351254
Smart-016-351255,Mobile,+855016351255
Smart-016-351256,Mobile,+855016351256
Smart-016-351257,Mobile,+855016351257
Smart-016-351258,Mobile,+855016351258
Smart-016-351259,Mobile,+855016351259
Smart-016-351260,Mobile,+855016351260
Smart-016-351261,Mobile,+855016351261
Smart-016-351262,Mobile,+855016351262
Smart-016-351263,Mobile,+855016351263
Smart-016-351264,Mobile,+855016351264
Smart-016-351265,Mobile,+855016351265
Smart-016-351266,Mobile,+855016351266
Smart-016-351267,Mobile,+855016351267
Smart-016-351268,Mobile,+855016351268
Smart-016-351269,Mobile,+855016351269
Smart-016-351270,Mobile,+855016351270
Smart-016-351271,Mobile,+855016351271
Smart-016-351272,Mobile,+855016351272
Smart-016-351273,Mobile,+855016351273
Smart-016-351274,Mobile,+855016351274
Smart-016-351275,Mobile,+855016351275
Smart-016-351276,Mobile,+855016351276
Smart-016-351277,Mobile,+855016351277
Smart-016-351278,Mobile,+855016351278
Smart-016-351279,Mobile,+855016351279
Smart-016-351280,Mobile,+855016351280
Smart-016-351281,Mobile,+855016351281
Smart-016-351282,Mobile,+855016351282
Smart-016-351283,Mobile,+855016351283
Smart-016-351284,Mobile,+855016351284
Smart-016-351285,Mobile,+855016351285
Smart-016-351286,Mobile,+855016351286
Smart-016-351287,Mobile,+855016351287
Smart-016-351288,Mobile,+855016351288
Smart-016-351289,Mobile,+855016351289
Smart-016-351290,Mobile,+855016351290
Smart-016-351291,Mobile,+855016351291
Smart-016-351292,Mobile,+855016351292
Smart-016-351293,Mobile,+855016351293
Smart-016-351294,Mobile,+855016351294
Smart-016-351295,Mobile,+855016351295
Smart-016-351296,Mobile,+855016351296
Smart-016-351297,Mobile,+855016351297
Smart-016-351298,Mobile,+855016351298
Smart-016-351299,Mobile,+855016351299
Smart-016-351300,Mobile,+855016351300
Smart-016-351301,Mobile,+855016351301
Smart-016-351302,Mobile,+855016351302
Smart-016-351303,Mobile,+855016351303
Smart-016-351304,Mobile,+855016351304
Smart-016-351305,Mobile,+855016351305
Smart-016-351306,Mobile,+855016351306
Smart-016-351307,Mobile,+855016351307
Smart-016-351308,Mobile,+855016351308
Smart-016-351309,Mobile,+855016351309
Smart-016-351310,Mobile,+855016351310
Smart-016-351311,Mobile,+855016351311
Smart-016-351312,Mobile,+855016351312
Smart-016-351313,Mobile,+855016351313
Smart-016-351314,Mobile,+855016351314
Smart-016-351315,Mobile,+855016351315
Smart-016-351316,Mobile,+855016351316
Smart-016-351317,Mobile,+855016351317
Smart-016-351318,Mobile,+855016351318
Smart-016-351319,Mobile,+855016351319
Smart-016-351320,Mobile,+855016351320
Smart-016-351321,Mobile,+855016351321
Smart-016-351322,Mobile,+855016351322
Smart-016-351323,Mobile,+855016351323
Smart-016-351324,Mobile,+855016351324
Smart-016-351325,Mobile,+855016351325
Smart-016-351326,Mobile,+855016351326
Smart-016-351327,Mobile,+855016351327
Smart-016-351328,Mobile,+855016351328
Smart-016-351329,Mobile,+855016351329
Smart-016-351330,Mobile,+855016351330
Smart-016-351331,Mobile,+855016351331
Smart-016-351332,Mobile,+855016351332
Smart-016-351333,Mobile,+855016351333
Smart-016-351334,Mobile,+855016351334
Smart-016-351335,Mobile,+855016351335
Smart-016-351336,Mobile,+855016351336
Smart-016-351337,Mobile,+855016351337
Smart-016-351338,Mobile,+855016351338
Smart-016-351339,Mobile,+855016351339
Smart-016-351340,Mobile,+855016351340
Smart-016-351341,Mobile,+855016351341
Smart-016-351342,Mobile,+855016351342
Smart-016-351343,Mobile,+855016351343
Smart-016-351344,Mobile,+855016351344
Smart-016-351345,Mobile,+855016351345
Smart-016-351346,Mobile,+855016351346
Smart-016-351347,Mobile,+855016351347
Smart-016-351348,Mobile,+855016351348
Smart-016-351349,Mobile,+855016351349
Smart-016-351350,Mobile,+855016351350
Smart-016-351351,Mobile,+855016351351
Smart-016-351352,Mobile,+855016351352
Smart-016-351353,Mobile,+855016351353
Smart-016-351354,Mobile,+855016351354
Smart-016-351355,Mobile,+855016351355
Smart-016-351356,Mobile,+855016351356
Smart-016-351357,Mobile,+855016351357
Smart-016-351358,Mobile,+855016351358
Smart-016-351359,Mobile,+855016351359
Smart-016-351360,Mobile,+855016351360
Smart-016-351361,Mobile,+855016351361
Smart-016-351362,Mobile,+855016351362
Smart-016-351363,Mobile,+855016351363
Smart-016-351364,Mobile,+855016351364
Smart-016-351365,Mobile,+855016351365
Smart-016-351366,Mobile,+855016351366
Smart-016-351367,Mobile,+855016351367
Smart-016-351368,Mobile,+855016351368
Smart-016-351369,Mobile,+855016351369
Smart-016-351370,Mobile,+855016351370
Smart-016-351371,Mobile,+855016351371
Smart-016-351372,Mobile,+855016351372
Smart-016-351373,Mobile,+855016351373
Smart-016-351374,Mobile,+855016351374
Smart-016-351375,Mobile,+855016351375
Smart-016-351376,Mobile,+855016351376
Smart-016-351377,Mobile,+855016351377
Smart-016-351378,Mobile,+855016351378
Smart-016-351379,Mobile,+855016351379
Smart-016-351380,Mobile,+855016351380
Smart-016-351381,Mobile,+855016351381
Smart-016-351382,Mobile,+855016351382
Smart-016-351383,Mobile,+855016351383
Smart-016-351384,Mobile,+855016351384
Smart-016-351385,Mobile,+855016351385
Smart-016-351386,Mobile,+855016351386
Smart-016-351387,Mobile,+855016351387
Smart-016-351388,Mobile,+855016351388
Smart-016-351389,Mobile,+855016351389
Smart-016-351390,Mobile,+855016351390
Smart-016-351391,Mobile,+855016351391
Smart-016-351392,Mobile,+855016351392
Smart-016-351393,Mobile,+855016351393
Smart-016-351394,Mobile,+855016351394
Smart-016-351395,Mobile,+855016351395
Smart-016-351396,Mobile,+855016351396
Smart-016-351397,Mobile,+855016351397
Smart-016-351398,Mobile,+855016351398
Smart-016-351399,Mobile,+855016351399
Smart-016-351400,Mobile,+855016351400
Smart-016-351401,Mobile,+855016351401
Smart-016-351402,Mobile,+855016351402
Smart-016-351403,Mobile,+855016351403
Smart-016-351404,Mobile,+855016351404
Smart-016-351405,Mobile,+855016351405
Smart-016-351406,Mobile,+855016351406
Smart-016-351407,Mobile,+855016351407
Smart-016-351408,Mobile,+855016351408
Smart-016-351409,Mobile,+855016351409
Smart-016-351410,Mobile,+855016351410
Smart-016-351411,Mobile,+855016351411
Smart-016-351412,Mobile,+855016351412
Smart-016-351413,Mobile,+855016351413
Smart-016-351414,Mobile,+855016351414
Smart-016-351415,Mobile,+855016351415
Smart-016-351416,Mobile,+855016351416
Smart-016-351417,Mobile,+855016351417
Smart-016-351418,Mobile,+855016351418
Smart-016-351419,Mobile,+855016351419
Smart-016-351420,Mobile,+855016351420
Smart-016-351421,Mobile,+855016351421
Smart-016-351422,Mobile,+855016351422
Smart-016-351423,Mobile,+855016351423
Smart-016-351424,Mobile,+855016351424
Smart-016-351425,Mobile,+855016351425
Smart-016-351426,Mobile,+855016351426
Smart-016-351427,Mobile,+855016351427
Smart-016-351428,Mobile,+855016351428
Smart-016-351429,Mobile,+855016351429
Smart-016-351430,Mobile,+855016351430
Smart-016-351431,Mobile,+855016351431
Smart-016-351432,Mobile,+855016351432
Smart-016-351433,Mobile,+855016351433
Smart-016-351434,Mobile,+855016351434
Smart-016-351435,Mobile,+855016351435
Smart-016-351436,Mobile,+855016351436
Smart-016-351437,Mobile,+855016351437
Smart-016-351438,Mobile,+855016351438
Smart-016-351439,Mobile,+855016351439
Smart-016-351440,Mobile,+855016351440
Smart-016-351441,Mobile,+855016351441
Smart-016-351442,Mobile,+855016351442
Smart-016-351443,Mobile,+855016351443
Smart-016-351444,Mobile,+855016351444
Smart-016-351445,Mobile,+855016351445
Smart-016-351446,Mobile,+855016351446
Smart-016-351447,Mobile,+855016351447
Smart-016-351448,Mobile,+855016351448
Smart-016-351449,Mobile,+855016351449
Smart-016-351450,Mobile,+855016351450
Smart-016-351451,Mobile,+855016351451
Smart-016-351452,Mobile,+855016351452
Smart-016-351453,Mobile,+855016351453
Smart-016-351454,Mobile,+855016351454
Smart-016-351455,Mobile,+855016351455
Smart-016-351456,Mobile,+855016351456
Smart-016-351457,Mobile,+855016351457
Smart-016-351458,Mobile,+855016351458
Smart-016-351459,Mobile,+855016351459
Smart-016-351460,Mobile,+855016351460
Smart-016-351461,Mobile,+855016351461
Smart-016-351462,Mobile,+855016351462
Smart-016-351463,Mobile,+855016351463
Smart-016-351464,Mobile,+855016351464
Smart-016-351465,Mobile,+855016351465
Smart-016-351466,Mobile,+855016351466
Smart-016-351467,Mobile,+855016351467
Smart-016-351468,Mobile,+855016351468
Smart-016-351469,Mobile,+855016351469
Smart-016-351470,Mobile,+855016351470
Smart-016-351471,Mobile,+855016351471
Smart-016-351472,Mobile,+855016351472
Smart-016-351473,Mobile,+855016351473
Smart-016-351474,Mobile,+855016351474
Smart-016-351475,Mobile,+855016351475
Smart-016-351476,Mobile,+855016351476
Smart-016-351477,Mobile,+855016351477
Smart-016-351478,Mobile,+855016351478
Smart-016-351479,Mobile,+855016351479
Smart-016-351480,Mobile,+855016351480
Smart-016-351481,Mobile,+855016351481
Smart-016-351482,Mobile,+855016351482
Smart-016-351483,Mobile,+855016351483
Smart-016-351484,Mobile,+855016351484
Smart-016-351485,Mobile,+855016351485
Smart-016-351486,Mobile,+855016351486
Smart-016-351487,Mobile,+855016351487
Smart-016-351488,Mobile,+855016351488
Smart-016-351489,Mobile,+855016351489
Smart-016-351490,Mobile,+855016351490
Smart-016-351491,Mobile,+855016351491
Smart-016-351492,Mobile,+855016351492
Smart-016-351493,Mobile,+855016351493
Smart-016-351494,Mobile,+855016351494
Smart-016-351495,Mobile,+855016351495
Smart-016-351496,Mobile,+855016351496
Smart-016-351497,Mobile,+855016351497
Smart-016-351498,Mobile,+855016351498
Smart-016-351499,Mobile,+855016351499
Smart-016-351500,Mobile,+855016351500
Smart-016-351501,Mobile,+855016351501
Smart-016-351502,Mobile,+855016351502
Smart-016-351503,Mobile,+855016351503
Smart-016-351504,Mobile,+855016351504
Smart-016-351505,Mobile,+855016351505
Smart-016-351506,Mobile,+855016351506
Smart-016-351507,Mobile,+855016351507
Smart-016-351508,Mobile,+855016351508
Smart-016-351509,Mobile,+855016351509
Smart-016-351510,Mobile,+855016351510
Smart-016-351511,Mobile,+855016351511
Smart-016-351512,Mobile,+855016351512
Smart-016-351513,Mobile,+855016351513
Smart-016-351514,Mobile,+855016351514
Smart-016-351515,Mobile,+855016351515
Smart-016-351516,Mobile,+855016351516
Smart-016-351517,Mobile,+855016351517
Smart-016-351518,Mobile,+855016351518
Smart-016-351519,Mobile,+855016351519
Smart-016-351520,Mobile,+855016351520
Smart-016-351521,Mobile,+855016351521
Smart-016-351522,Mobile,+855016351522
Smart-016-351523,Mobile,+855016351523
Smart-016-351524,Mobile,+855016351524
Smart-016-351525,Mobile,+855016351525
Smart-016-351526,Mobile,+855016351526
Smart-016-351527,Mobile,+855016351527
Smart-016-351528,Mobile,+855016351528
Smart-016-351529,Mobile,+855016351529
Smart-016-351530,Mobile,+855016351530
Smart-016-351531,Mobile,+855016351531
Smart-016-351532,Mobile,+855016351532
Smart-016-351533,Mobile,+855016351533
Smart-016-351534,Mobile,+855016351534
Smart-016-351535,Mobile,+855016351535
Smart-016-351536,Mobile,+855016351536
Smart-016-351537,Mobile,+855016351537
Smart-016-351538,Mobile,+855016351538
Smart-016-351539,Mobile,+855016351539
Smart-016-351540,Mobile,+855016351540
Smart-016-351541,Mobile,+855016351541
Smart-016-351542,Mobile,+855016351542
Smart-016-351543,Mobile,+855016351543
Smart-016-351544,Mobile,+855016351544
Smart-016-351545,Mobile,+855016351545
Smart-016-351546,Mobile,+855016351546
Smart-016-351547,Mobile,+855016351547
Smart-016-351548,Mobile,+855016351548
Smart-016-351549,Mobile,+855016351549
Smart-016-351550,Mobile,+855016351550
Smart-016-351551,Mobile,+855016351551
Smart-016-351552,Mobile,+855016351552
Smart-016-351553,Mobile,+855016351553
Smart-016-351554,Mobile,+855016351554
Smart-016-351555,Mobile,+855016351555
Smart-016-351556,Mobile,+855016351556
Smart-016-351557,Mobile,+855016351557
Smart-016-351558,Mobile,+855016351558
Smart-016-351559,Mobile,+855016351559
Smart-016-351560,Mobile,+855016351560
Smart-016-351561,Mobile,+855016351561
Smart-016-351562,Mobile,+855016351562
Smart-016-351563,Mobile,+855016351563
Smart-016-351564,Mobile,+855016351564
Smart-016-351565,Mobile,+855016351565
Smart-016-351566,Mobile,+855016351566
Smart-016-351567,Mobile,+855016351567
Smart-016-351568,Mobile,+855016351568
Smart-016-351569,Mobile,+855016351569
Smart-016-351570,Mobile,+855016351570
Smart-016-351571,Mobile,+855016351571
Smart-016-351572,Mobile,+855016351572
Smart-016-351573,Mobile,+855016351573
Smart-016-351574,Mobile,+855016351574
Smart-016-351575,Mobile,+855016351575
Smart-016-351576,Mobile,+855016351576
Smart-016-351577,Mobile,+855016351577
Smart-016-351578,Mobile,+855016351578
Smart-016-351579,Mobile,+855016351579
Smart-016-351580,Mobile,+855016351580
Smart-016-351581,Mobile,+855016351581
Smart-016-351582,Mobile,+855016351582
Smart-016-351583,Mobile,+855016351583
Smart-016-351584,Mobile,+855016351584
Smart-016-351585,Mobile,+855016351585
Smart-016-351586,Mobile,+855016351586
Smart-016-351587,Mobile,+855016351587
Smart-016-351588,Mobile,+855016351588
Smart-016-351589,Mobile,+855016351589
Smart-016-351590,Mobile,+855016351590
Smart-016-351591,Mobile,+855016351591
Smart-016-351592,Mobile,+855016351592
Smart-016-351593,Mobile,+855016351593
Smart-016-351594,Mobile,+855016351594
Smart-016-351595,Mobile,+855016351595
Smart-016-351596,Mobile,+855016351596
Smart-016-351597,Mobile,+855016351597
Smart-016-351598,Mobile,+855016351598
Smart-016-351599,Mobile,+855016351599
Smart-016-351600,Mobile,+855016351600
Smart-016-351601,Mobile,+855016351601
Smart-016-351602,Mobile,+855016351602
Smart-016-351603,Mobile,+855016351603
Smart-016-351604,Mobile,+855016351604
Smart-016-351605,Mobile,+855016351605
Smart-016-351606,Mobile,+855016351606
Smart-016-351607,Mobile,+855016351607
Smart-016-351608,Mobile,+855016351608
Smart-016-351609,Mobile,+855016351609
Smart-016-351610,Mobile,+855016351610
Smart-016-351611,Mobile,+855016351611
Smart-016-351612,Mobile,+855016351612
Smart-016-351613,Mobile,+855016351613
Smart-016-351614,Mobile,+855016351614
Smart-016-351615,Mobile,+855016351615
Smart-016-351616,Mobile,+855016351616
Smart-016-351617,Mobile,+855016351617
Smart-016-351618,Mobile,+855016351618
Smart-016-351619,Mobile,+855016351619
Smart-016-351620,Mobile,+855016351620
Smart-016-351621,Mobile,+855016351621
Smart-016-351622,Mobile,+855016351622
Smart-016-351623,Mobile,+855016351623
Smart-016-351624,Mobile,+855016351624
Smart-016-351625,Mobile,+855016351625
Smart-016-351626,Mobile,+855016351626
Smart-016-351627,Mobile,+855016351627
Smart-016-351628,Mobile,+855016351628
Smart-016-351629,Mobile,+855016351629
Smart-016-351630,Mobile,+855016351630
Smart-016-351631,Mobile,+855016351631
Smart-016-351632,Mobile,+855016351632
Smart-016-351633,Mobile,+855016351633
Smart-016-351634,Mobile,+855016351634
Smart-016-351635,Mobile,+855016351635
Smart-016-351636,Mobile,+855016351636
Smart-016-351637,Mobile,+855016351637
Smart-016-351638,Mobile,+855016351638
Smart-016-351639,Mobile,+855016351639
Smart-016-351640,Mobile,+855016351640
Smart-016-351641,Mobile,+855016351641
Smart-016-351642,Mobile,+855016351642
Smart-016-351643,Mobile,+855016351643
Smart-016-351644,Mobile,+855016351644
Smart-016-351645,Mobile,+855016351645
Smart-016-351646,Mobile,+855016351646
Smart-016-351647,Mobile,+855016351647
Smart-016-351648,Mobile,+855016351648
Smart-016-351649,Mobile,+855016351649
Smart-016-351650,Mobile,+855016351650
Smart-016-351651,Mobile,+855016351651
Smart-016-351652,Mobile,+855016351652
Smart-016-351653,Mobile,+855016351653
Smart-016-351654,Mobile,+855016351654
Smart-016-351655,Mobile,+855016351655
Smart-016-351656,Mobile,+855016351656
Smart-016-351657,Mobile,+855016351657
Smart-016-351658,Mobile,+855016351658
Smart-016-351659,Mobile,+855016351659
Smart-016-351660,Mobile,+855016351660
Smart-016-351661,Mobile,+855016351661
Smart-016-351662,Mobile,+855016351662
Smart-016-351663,Mobile,+855016351663
Smart-016-351664,Mobile,+855016351664
Smart-016-351665,Mobile,+855016351665
Smart-016-351666,Mobile,+855016351666
Smart-016-351667,Mobile,+855016351667
Smart-016-351668,Mobile,+855016351668
Smart-016-351669,Mobile,+855016351669
Smart-016-351670,Mobile,+855016351670
Smart-016-351671,Mobile,+855016351671
Smart-016-351672,Mobile,+855016351672
Smart-016-351673,Mobile,+855016351673
Smart-016-351674,Mobile,+855016351674
Smart-016-351675,Mobile,+855016351675
Smart-016-351676,Mobile,+855016351676
Smart-016-351677,Mobile,+855016351677
Smart-016-351678,Mobile,+855016351678
Smart-016-351679,Mobile,+855016351679
Smart-016-351680,Mobile,+855016351680
Smart-016-351681,Mobile,+855016351681
Smart-016-351682,Mobile,+855016351682
Smart-016-351683,Mobile,+855016351683
Smart-016-351684,Mobile,+855016351684
Smart-016-351685,Mobile,+855016351685
Smart-016-351686,Mobile,+855016351686
Smart-016-351687,Mobile,+855016351687
Smart-016-351688,Mobile,+855016351688
Smart-016-351689,Mobile,+855016351689
Smart-016-351690,Mobile,+855016351690
Smart-016-351691,Mobile,+855016351691
Smart-016-351692,Mobile,+855016351692
Smart-016-351693,Mobile,+855016351693
Smart-016-351694,Mobile,+855016351694
Smart-016-351695,Mobile,+855016351695
Smart-016-351696,Mobile,+855016351696
Smart-016-351697,Mobile,+855016351697
Smart-016-351698,Mobile,+855016351698
Smart-016-351699,Mobile,+855016351699
Smart-016-351700,Mobile,+855016351700
Smart-016-351701,Mobile,+855016351701
Smart-016-351702,Mobile,+855016351702
Smart-016-351703,Mobile,+855016351703
Smart-016-351704,Mobile,+855016351704
Smart-016-351705,Mobile,+855016351705
Smart-016-351706,Mobile,+855016351706
Smart-016-351707,Mobile,+855016351707
Smart-016-351708,Mobile,+855016351708
Smart-016-351709,Mobile,+855016351709
Smart-016-351710,Mobile,+855016351710
Smart-016-351711,Mobile,+855016351711
Smart-016-351712,Mobile,+855016351712
Smart-016-351713,Mobile,+855016351713
Smart-016-351714,Mobile,+855016351714
Smart-016-351715,Mobile,+855016351715
Smart-016-351716,Mobile,+855016351716
Smart-016-351717,Mobile,+855016351717
Smart-016-351718,Mobile,+855016351718
Smart-016-351719,Mobile,+855016351719
Smart-016-351720,Mobile,+855016351720
Smart-016-351721,Mobile,+855016351721
Smart-016-351722,Mobile,+855016351722
Smart-016-351723,Mobile,+855016351723
Smart-016-351724,Mobile,+855016351724
Smart-016-351725,Mobile,+855016351725
Smart-016-351726,Mobile,+855016351726
Smart-016-351727,Mobile,+855016351727
Smart-016-351728,Mobile,+855016351728
Smart-016-351729,Mobile,+855016351729
Smart-016-351730,Mobile,+855016351730
Smart-016-351731,Mobile,+855016351731
Smart-016-351732,Mobile,+855016351732
Smart-016-351733,Mobile,+855016351733
Smart-016-351734,Mobile,+855016351734
Smart-016-351735,Mobile,+855016351735
Smart-016-351736,Mobile,+855016351736
Smart-016-351737,Mobile,+855016351737
Smart-016-351738,Mobile,+855016351738
Smart-016-351739,Mobile,+855016351739
Smart-016-351740,Mobile,+855016351740
Smart-016-351741,Mobile,+855016351741
Smart-016-351742,Mobile,+855016351742
Smart-016-351743,Mobile,+855016351743
Smart-016-351744,Mobile,+855016351744
Smart-016-351745,Mobile,+855016351745
Smart-016-351746,Mobile,+855016351746
Smart-016-351747,Mobile,+855016351747
Smart-016-351748,Mobile,+855016351748
Smart-016-351749,Mobile,+855016351749
Smart-016-351750,Mobile,+855016351750
Smart-016-351751,Mobile,+855016351751
Smart-016-351752,Mobile,+855016351752
Smart-016-351753,Mobile,+855016351753
Smart-016-351754,Mobile,+855016351754
Smart-016-351755,Mobile,+855016351755
Smart-016-351756,Mobile,+855016351756
Smart-016-351757,Mobile,+855016351757
Smart-016-351758,Mobile,+855016351758
Smart-016-351759,Mobile,+855016351759
Smart-016-351760,Mobile,+855016351760
Smart-016-351761,Mobile,+855016351761
Smart-016-351762,Mobile,+855016351762
Smart-016-351763,Mobile,+855016351763
Smart-016-351764,Mobile,+855016351764
Smart-016-351765,Mobile,+855016351765
Smart-016-351766,Mobile,+855016351766
Smart-016-351767,Mobile,+855016351767
Smart-016-351768,Mobile,+855016351768
Smart-016-351769,Mobile,+855016351769
Smart-016-351770,Mobile,+855016351770
Smart-016-351771,Mobile,+855016351771
Smart-016-351772,Mobile,+855016351772
Smart-016-351773,Mobile,+855016351773
Smart-016-351774,Mobile,+855016351774
Smart-016-351775,Mobile,+855016351775
Smart-016-351776,Mobile,+855016351776
Smart-016-351777,Mobile,+855016351777
Smart-016-351778,Mobile,+855016351778
Smart-016-351779,Mobile,+855016351779
Smart-016-351780,Mobile,+855016351780
Smart-016-351781,Mobile,+855016351781
Smart-016-351782,Mobile,+855016351782
Smart-016-351783,Mobile,+855016351783
Smart-016-351784,Mobile,+855016351784
Smart-016-351785,Mobile,+855016351785
Smart-016-351786,Mobile,+855016351786
Smart-016-351787,Mobile,+855016351787
Smart-016-351788,Mobile,+855016351788
Smart-016-351789,Mobile,+855016351789
Smart-016-351790,Mobile,+855016351790
Smart-016-351791,Mobile,+855016351791
Smart-016-351792,Mobile,+855016351792
Smart-016-351793,Mobile,+855016351793
Smart-016-351794,Mobile,+855016351794
Smart-016-351795,Mobile,+855016351795
Smart-016-351796,Mobile,+855016351796
Smart-016-351797,Mobile,+855016351797
Smart-016-351798,Mobile,+855016351798
Smart-016-351799,Mobile,+855016351799
Smart-016-351800,Mobile,+855016351800
Smart-016-351801,Mobile,+855016351801
Smart-016-351802,Mobile,+855016351802
Smart-016-351803,Mobile,+855016351803
Smart-016-351804,Mobile,+855016351804
Smart-016-351805,Mobile,+855016351805
Smart-016-351806,Mobile,+855016351806
Smart-016-351807,Mobile,+855016351807
Smart-016-351808,Mobile,+855016351808
Smart-016-351809,Mobile,+855016351809
Smart-016-351810,Mobile,+855016351810
Smart-016-351811,Mobile,+855016351811
Smart-016-351812,Mobile,+855016351812
Smart-016-351813,Mobile,+855016351813
Smart-016-351814,Mobile,+855016351814
Smart-016-351815,Mobile,+855016351815
Smart-016-351816,Mobile,+855016351816
Smart-016-351817,Mobile,+855016351817
Smart-016-351818,Mobile,+855016351818
Smart-016-351819,Mobile,+855016351819
Smart-016-351820,Mobile,+855016351820
Smart-016-351821,Mobile,+855016351821
Smart-016-351822,Mobile,+855016351822
Smart-016-351823,Mobile,+855016351823
Smart-016-351824,Mobile,+855016351824
Smart-016-351825,Mobile,+855016351825
Smart-016-351826,Mobile,+855016351826
Smart-016-351827,Mobile,+855016351827
Smart-016-351828,Mobile,+855016351828
Smart-016-351829,Mobile,+855016351829
Smart-016-351830,Mobile,+855016351830
Smart-016-351831,Mobile,+855016351831
Smart-016-351832,Mobile,+855016351832
Smart-016-351833,Mobile,+855016351833
Smart-016-351834,Mobile,+855016351834
Smart-016-351835,Mobile,+855016351835
Smart-016-351836,Mobile,+855016351836
Smart-016-351837,Mobile,+855016351837
Smart-016-351838,Mobile,+855016351838
Smart-016-351839,Mobile,+855016351839
Smart-016-351840,Mobile,+855016351840
Smart-016-351841,Mobile,+855016351841
Smart-016-351842,Mobile,+855016351842
Smart-016-351843,Mobile,+855016351843
Smart-016-351844,Mobile,+855016351844
Smart-016-351845,Mobile,+855016351845
Smart-016-351846,Mobile,+855016351846
Smart-016-351847,Mobile,+855016351847
Smart-016-351848,Mobile,+855016351848
Smart-016-351849,Mobile,+855016351849
Smart-016-351850,Mobile,+855016351850
Smart-016-351851,Mobile,+855016351851
Smart-016-351852,Mobile,+855016351852
Smart-016-351853,Mobile,+855016351853
Smart-016-351854,Mobile,+855016351854
Smart-016-351855,Mobile,+855016351855
Smart-016-351856,Mobile,+855016351856
Smart-016-351857,Mobile,+855016351857
Smart-016-351858,Mobile,+855016351858
Smart-016-351859,Mobile,+855016351859
Smart-016-351860,Mobile,+855016351860
Smart-016-351861,Mobile,+855016351861
Smart-016-351862,Mobile,+855016351862
Smart-016-351863,Mobile,+855016351863
Smart-016-351864,Mobile,+855016351864
Smart-016-351865,Mobile,+855016351865
Smart-016-351866,Mobile,+855016351866
Smart-016-351867,Mobile,+855016351867
Smart-016-351868,Mobile,+855016351868
Smart-016-351869,Mobile,+855016351869
Smart-016-351870,Mobile,+855016351870
Smart-016-351871,Mobile,+855016351871
Smart-016-351872,Mobile,+855016351872
Smart-016-351873,Mobile,+855016351873
Smart-016-351874,Mobile,+855016351874
Smart-016-351875,Mobile,+855016351875
Smart-016-351876,Mobile,+855016351876
Smart-016-351877,Mobile,+855016351877
Smart-016-351878,Mobile,+855016351878
Smart-016-351879,Mobile,+855016351879
Smart-016-351880,Mobile,+855016351880
Smart-016-351881,Mobile,+855016351881
Smart-016-351882,Mobile,+855016351882
Smart-016-351883,Mobile,+855016351883
Smart-016-351884,Mobile,+855016351884
Smart-016-351885,Mobile,+855016351885
Smart-016-351886,Mobile,+855016351886
Smart-016-351887,Mobile,+855016351887
Smart-016-351888,Mobile,+855016351888
Smart-016-351889,Mobile,+855016351889
Smart-016-351890,Mobile,+855016351890
Smart-016-351891,Mobile,+855016351891
Smart-016-351892,Mobile,+855016351892
Smart-016-351893,Mobile,+855016351893
Smart-016-351894,Mobile,+855016351894
Smart-016-351895,Mobile,+855016351895
Smart-016-351896,Mobile,+855016351896
Smart-016-351897,Mobile,+855016351897
Smart-016-351898,Mobile,+855016351898
Smart-016-351899,Mobile,+855016351899
Smart-016-351900,Mobile,+855016351900
Smart-016-351901,Mobile,+855016351901
Smart-016-351902,Mobile,+855016351902
Smart-016-351903,Mobile,+855016351903
Smart-016-351904,Mobile,+855016351904
Smart-016-351905,Mobile,+855016351905
Smart-016-351906,Mobile,+855016351906
Smart-016-351907,Mobile,+855016351907
Smart-016-351908,Mobile,+855016351908
Smart-016-351909,Mobile,+855016351909
Smart-016-351910,Mobile,+855016351910
Smart-016-351911,Mobile,+855016351911
Smart-016-351912,Mobile,+855016351912
Smart-016-351913,Mobile,+855016351913
Smart-016-351914,Mobile,+855016351914
Smart-016-351915,Mobile,+855016351915
Smart-016-351916,Mobile,+855016351916
Smart-016-351917,Mobile,+855016351917
Smart-016-351918,Mobile,+855016351918
Smart-016-351919,Mobile,+855016351919
Smart-016-351920,Mobile,+855016351920
Smart-016-351921,Mobile,+855016351921
Smart-016-351922,Mobile,+855016351922
Smart-016-351923,Mobile,+855016351923
Smart-016-351924,Mobile,+855016351924
Smart-016-351925,Mobile,+855016351925
Smart-016-351926,Mobile,+855016351926
Smart-016-351927,Mobile,+855016351927
Smart-016-351928,Mobile,+855016351928
Smart-016-351929,Mobile,+855016351929
Smart-016-351930,Mobile,+855016351930
Smart-016-351931,Mobile,+855016351931
Smart-016-351932,Mobile,+855016351932
Smart-016-351933,Mobile,+855016351933
Smart-016-351934,Mobile,+855016351934
Smart-016-351935,Mobile,+855016351935
Smart-016-351936,Mobile,+855016351936
Smart-016-351937,Mobile,+855016351937
Smart-016-351938,Mobile,+855016351938
Smart-016-351939,Mobile,+855016351939
Smart-016-351940,Mobile,+855016351940
Smart-016-351941,Mobile,+855016351941
Smart-016-351942,Mobile,+855016351942
Smart-016-351943,Mobile,+855016351943
Smart-016-351944,Mobile,+855016351944
Smart-016-351945,Mobile,+855016351945
Smart-016-351946,Mobile,+855016351946
Smart-016-351947,Mobile,+855016351947
Smart-016-351948,Mobile,+855016351948
Smart-016-351949,Mobile,+855016351949
Smart-016-351950,Mobile,+855016351950
Smart-016-351951,Mobile,+855016351951
Smart-016-351952,Mobile,+855016351952
Smart-016-351953,Mobile,+855016351953
Smart-016-351954,Mobile,+855016351954
Smart-016-351955,Mobile,+855016351955
Smart-016-351956,Mobile,+855016351956
Smart-016-351957,Mobile,+855016351957
Smart-016-351958,Mobile,+855016351958
Smart-016-351959,Mobile,+855016351959
Smart-016-351960,Mobile,+855016351960
Smart-016-351961,Mobile,+855016351961
Smart-016-351962,Mobile,+855016351962
Smart-016-351963,Mobile,+855016351963
Smart-016-351964,Mobile,+855016351964
Smart-016-351965,Mobile,+855016351965
Smart-016-351966,Mobile,+855016351966
Smart-016-351967,Mobile,+855016351967
Smart-016-351968,Mobile,+855016351968
Smart-016-351969,Mobile,+855016351969
Smart-016-351970,Mobile,+855016351970
Smart-016-351971,Mobile,+855016351971
Smart-016-351972,Mobile,+855016351972
Smart-016-351973,Mobile,+855016351973
Smart-016-351974,Mobile,+855016351974
Smart-016-351975,Mobile,+855016351975
Smart-016-351976,Mobile,+855016351976
Smart-016-351977,Mobile,+855016351977
Smart-016-351978,Mobile,+855016351978
Smart-016-351979,Mobile,+855016351979
Smart-016-351980,Mobile,+855016351980
Smart-016-351981,Mobile,+855016351981
Smart-016-351982,Mobile,+855016351982
Smart-016-351983,Mobile,+855016351983
Smart-016-351984,Mobile,+855016351984
Smart-016-351985,Mobile,+855016351985
Smart-016-351986,Mobile,+855016351986
Smart-016-351987,Mobile,+855016351987
Smart-016-351988,Mobile,+855016351988
Smart-016-351989,Mobile,+855016351989
Smart-016-351990,Mobile,+855016351990
Smart-016-351991,Mobile,+855016351991
Smart-016-351992,Mobile,+855016351992
Smart-016-351993,Mobile,+855016351993
Smart-016-351994,Mobile,+855016351994
Smart-016-351995,Mobile,+855016351995
Smart-016-351996,Mobile,+855016351996
Smart-016-351997,Mobile,+855016351997
Smart-016-351998,Mobile,+855016351998
Smart-016-351999,Mobile,+855016351999
Smart-016-352000,Mobile,+855016352000
Smart-016-352001,Mobile,+855016352001
Smart-016-352002,Mobile,+855016352002
Smart-016-352003,Mobile,+855016352003
Smart-016-352004,Mobile,+855016352004
Smart-016-352005,Mobile,+855016352005
Smart-016-352006,Mobile,+855016352006
Smart-016-352007,Mobile,+855016352007
Smart-016-352008,Mobile,+855016352008
Smart-016-352009,Mobile,+855016352009
Smart-016-352010,Mobile,+855016352010
Smart-016-352011,Mobile,+855016352011
Smart-016-352012,Mobile,+855016352012
Smart-016-352013,Mobile,+855016352013
Smart-016-352014,Mobile,+855016352014
Smart-016-352015,Mobile,+855016352015
Smart-016-352016,Mobile,+855016352016
Smart-016-352017,Mobile,+855016352017
Smart-016-352018,Mobile,+855016352018
Smart-016-352019,Mobile,+855016352019
Smart-016-352020,Mobile,+855016352020
Smart-016-352021,Mobile,+855016352021
Smart-016-352022,Mobile,+855016352022
Smart-016-352023,Mobile,+855016352023
Smart-016-352024,Mobile,+855016352024
Smart-016-352025,Mobile,+855016352025
Smart-016-352026,Mobile,+855016352026
Smart-016-352027,Mobile,+855016352027
Smart-016-352028,Mobile,+855016352028
Smart-016-352029,Mobile,+855016352029
Smart-016-352030,Mobile,+855016352030
Smart-016-352031,Mobile,+855016352031
Smart-016-352032,Mobile,+855016352032
Smart-016-352033,Mobile,+855016352033
Smart-016-352034,Mobile,+855016352034
Smart-016-352035,Mobile,+855016352035
Smart-016-352036,Mobile,+855016352036
Smart-016-352037,Mobile,+855016352037
Smart-016-352038,Mobile,+855016352038
Smart-016-352039,Mobile,+855016352039
Smart-016-352040,Mobile,+855016352040
Smart-016-352041,Mobile,+855016352041
Smart-016-352042,Mobile,+855016352042
Smart-016-352043,Mobile,+855016352043
Smart-016-352044,Mobile,+855016352044
Smart-016-352045,Mobile,+855016352045
Smart-016-352046,Mobile,+855016352046
Smart-016-352047,Mobile,+855016352047
Smart-016-352048,Mobile,+855016352048
Smart-016-352049,Mobile,+855016352049
Smart-016-352050,Mobile,+855016352050
Smart-016-352051,Mobile,+855016352051
Smart-016-352052,Mobile,+855016352052
Smart-016-352053,Mobile,+855016352053
Smart-016-352054,Mobile,+855016352054
Smart-016-352055,Mobile,+855016352055
Smart-016-352056,Mobile,+855016352056
Smart-016-352057,Mobile,+855016352057
Smart-016-352058,Mobile,+855016352058
Smart-016-352059,Mobile,+855016352059
Smart-016-352060,Mobile,+855016352060
Smart-016-352061,Mobile,+855016352061
Smart-016-352062,Mobile,+855016352062
Smart-016-352063,Mobile,+855016352063
Smart-016-352064,Mobile,+855016352064
Smart-016-352065,Mobile,+855016352065
Smart-016-352066,Mobile,+855016352066
Smart-016-352067,Mobile,+855016352067
Smart-016-352068,Mobile,+855016352068
Smart-016-352069,Mobile,+855016352069
Smart-016-352070,Mobile,+855016352070
Smart-016-352071,Mobile,+855016352071
Smart-016-352072,Mobile,+855016352072
Smart-016-352073,Mobile,+855016352073
Smart-016-352074,Mobile,+855016352074
Smart-016-352075,Mobile,+855016352075
Smart-016-352076,Mobile,+855016352076
Smart-016-352077,Mobile,+855016352077
Smart-016-352078,Mobile,+855016352078
Smart-016-352079,Mobile,+855016352079
Smart-016-352080,Mobile,+855016352080
Smart-016-352081,Mobile,+855016352081
Smart-016-352082,Mobile,+855016352082
Smart-016-352083,Mobile,+855016352083
Smart-016-352084,Mobile,+855016352084
Smart-016-352085,Mobile,+855016352085
Smart-016-352086,Mobile,+855016352086
Smart-016-352087,Mobile,+855016352087
Smart-016-352088,Mobile,+855016352088
Smart-016-352089,Mobile,+855016352089
Smart-016-352090,Mobile,+855016352090
Smart-016-352091,Mobile,+855016352091
Smart-016-352092,Mobile,+855016352092
Smart-016-352093,Mobile,+855016352093
Smart-016-352094,Mobile,+855016352094
Smart-016-352095,Mobile,+855016352095
Smart-016-352096,Mobile,+855016352096
Smart-016-352097,Mobile,+855016352097
Smart-016-352098,Mobile,+855016352098
Smart-016-352099,Mobile,+855016352099
Smart-016-352100,Mobile,+855016352100
Smart-016-352101,Mobile,+855016352101
Smart-016-352102,Mobile,+855016352102
Smart-016-352103,Mobile,+855016352103
Smart-016-352104,Mobile,+855016352104
Smart-016-352105,Mobile,+855016352105
Smart-016-352106,Mobile,+855016352106
Smart-016-352107,Mobile,+855016352107
Smart-016-352108,Mobile,+855016352108
Smart-016-352109,Mobile,+855016352109
Smart-016-352110,Mobile,+855016352110
Smart-016-352111,Mobile,+855016352111
Smart-016-352112,Mobile,+855016352112
Smart-016-352113,Mobile,+855016352113
Smart-016-352114,Mobile,+855016352114
Smart-016-352115,Mobile,+855016352115
Smart-016-352116,Mobile,+855016352116
Smart-016-352117,Mobile,+855016352117
Smart-016-352118,Mobile,+855016352118
Smart-016-352119,Mobile,+855016352119
Smart-016-352120,Mobile,+855016352120
Smart-016-352121,Mobile,+855016352121
Smart-016-352122,Mobile,+855016352122
Smart-016-352123,Mobile,+855016352123
Smart-016-352124,Mobile,+855016352124
Smart-016-352125,Mobile,+855016352125
Smart-016-352126,Mobile,+855016352126
Smart-016-352127,Mobile,+855016352127
Smart-016-352128,Mobile,+855016352128
Smart-016-352129,Mobile,+855016352129
Smart-016-352130,Mobile,+855016352130
Smart-016-352131,Mobile,+855016352131
Smart-016-352132,Mobile,+855016352132
Smart-016-352133,Mobile,+855016352133
Smart-016-352134,Mobile,+855016352134
Smart-016-352135,Mobile,+855016352135
Smart-016-352136,Mobile,+855016352136
Smart-016-352137,Mobile,+855016352137
Smart-016-352138,Mobile,+855016352138
Smart-016-352139,Mobile,+855016352139
Smart-016-352140,Mobile,+855016352140
Smart-016-352141,Mobile,+855016352141
Smart-016-352142,Mobile,+855016352142
Smart-016-352143,Mobile,+855016352143
Smart-016-352144,Mobile,+855016352144
Smart-016-352145,Mobile,+855016352145
Smart-016-352146,Mobile,+855016352146
Smart-016-352147,Mobile,+855016352147
Smart-016-352148,Mobile,+855016352148
Smart-016-352149,Mobile,+855016352149
Smart-016-352150,Mobile,+855016352150
Smart-016-352151,Mobile,+855016352151
Smart-016-352152,Mobile,+855016352152
Smart-016-352153,Mobile,+855016352153
Smart-016-352154,Mobile,+855016352154
Smart-016-352155,Mobile,+855016352155
Smart-016-352156,Mobile,+855016352156
Smart-016-352157,Mobile,+855016352157
Smart-016-352158,Mobile,+855016352158
Smart-016-352159,Mobile,+855016352159
Smart-016-352160,Mobile,+855016352160
Smart-016-352161,Mobile,+855016352161
Smart-016-352162,Mobile,+855016352162
Smart-016-352163,Mobile,+855016352163
Smart-016-352164,Mobile,+855016352164
Smart-016-352165,Mobile,+855016352165
Smart-016-352166,Mobile,+855016352166
Smart-016-352167,Mobile,+855016352167
Smart-016-352168,Mobile,+855016352168
Smart-016-352169,Mobile,+855016352169
Smart-016-352170,Mobile,+855016352170
Smart-016-352171,Mobile,+855016352171
Smart-016-352172,Mobile,+855016352172
Smart-016-352173,Mobile,+855016352173
Smart-016-352174,Mobile,+855016352174
Smart-016-352175,Mobile,+855016352175
Smart-016-352176,Mobile,+855016352176
Smart-016-352177,Mobile,+855016352177
Smart-016-352178,Mobile,+855016352178
Smart-016-352179,Mobile,+855016352179
Smart-016-352180,Mobile,+855016352180
Smart-016-352181,Mobile,+855016352181
Smart-016-352182,Mobile,+855016352182
Smart-016-352183,Mobile,+855016352183
Smart-016-352184,Mobile,+855016352184
Smart-016-352185,Mobile,+855016352185
Smart-016-352186,Mobile,+855016352186
Smart-016-352187,Mobile,+855016352187
Smart-016-352188,Mobile,+855016352188
Smart-016-352189,Mobile,+855016352189
Smart-016-352190,Mobile,+855016352190
Smart-016-352191,Mobile,+855016352191
Smart-016-352192,Mobile,+855016352192
Smart-016-352193,Mobile,+855016352193
Smart-016-352194,Mobile,+855016352194
Smart-016-352195,Mobile,+855016352195
Smart-016-352196,Mobile,+855016352196
Smart-016-352197,Mobile,+855016352197
Smart-016-352198,Mobile,+855016352198
Smart-016-352199,Mobile,+855016352199
Smart-016-352200,Mobile,+855016352200
Smart-016-352201,Mobile,+855016352201
Smart-016-352202,Mobile,+855016352202
Smart-016-352203,Mobile,+855016352203
Smart-016-352204,Mobile,+855016352204
Smart-016-352205,Mobile,+855016352205
Smart-016-352206,Mobile,+855016352206
Smart-016-352207,Mobile,+855016352207
Smart-016-352208,Mobile,+855016352208
Smart-016-352209,Mobile,+855016352209
Smart-016-352210,Mobile,+855016352210
Smart-016-352211,Mobile,+855016352211
Smart-016-352212,Mobile,+855016352212
Smart-016-352213,Mobile,+855016352213
Smart-016-352214,Mobile,+855016352214
Smart-016-352215,Mobile,+855016352215
Smart-016-352216,Mobile,+855016352216
Smart-016-352217,Mobile,+855016352217
Smart-016-352218,Mobile,+855016352218
Smart-016-352219,Mobile,+855016352219
Smart-016-352220,Mobile,+855016352220
Smart-016-352221,Mobile,+855016352221
Smart-016-352222,Mobile,+855016352222
Smart-016-352223,Mobile,+855016352223
Smart-016-352224,Mobile,+855016352224
Smart-016-352225,Mobile,+855016352225
Smart-016-352226,Mobile,+855016352226
Smart-016-352227,Mobile,+855016352227
Smart-016-352228,Mobile,+855016352228
Smart-016-352229,Mobile,+855016352229
Smart-016-352230,Mobile,+855016352230
Smart-016-352231,Mobile,+855016352231
Smart-016-352232,Mobile,+855016352232
Smart-016-352233,Mobile,+855016352233
Smart-016-352234,Mobile,+855016352234
Smart-016-352235,Mobile,+855016352235
Smart-016-352236,Mobile,+855016352236
Smart-016-352237,Mobile,+855016352237
Smart-016-352238,Mobile,+855016352238
Smart-016-352239,Mobile,+855016352239
Smart-016-352240,Mobile,+855016352240
Smart-016-352241,Mobile,+855016352241
Smart-016-352242,Mobile,+855016352242
Smart-016-352243,Mobile,+855016352243
Smart-016-352244,Mobile,+855016352244
Smart-016-352245,Mobile,+855016352245
Smart-016-352246,Mobile,+855016352246
Smart-016-352247,Mobile,+855016352247
Smart-016-352248,Mobile,+855016352248
Smart-016-352249,Mobile,+855016352249
Smart-016-352250,Mobile,+855016352250
Smart-016-352251,Mobile,+855016352251
Smart-016-352252,Mobile,+855016352252
Smart-016-352253,Mobile,+855016352253
Smart-016-352254,Mobile,+855016352254
Smart-016-352255,Mobile,+855016352255
Smart-016-352256,Mobile,+855016352256
Smart-016-352257,Mobile,+855016352257
Smart-016-352258,Mobile,+855016352258
Smart-016-352259,Mobile,+855016352259
Smart-016-352260,Mobile,+855016352260
Smart-016-352261,Mobile,+855016352261
Smart-016-352262,Mobile,+855016352262
Smart-016-352263,Mobile,+855016352263
Smart-016-352264,Mobile,+855016352264
Smart-016-352265,Mobile,+855016352265
Smart-016-352266,Mobile,+855016352266
Smart-016-352267,Mobile,+855016352267
Smart-016-352268,Mobile,+855016352268
Smart-016-352269,Mobile,+855016352269
Smart-016-352270,Mobile,+855016352270
Smart-016-352271,Mobile,+855016352271
Smart-016-352272,Mobile,+855016352272
Smart-016-352273,Mobile,+855016352273
Smart-016-352274,Mobile,+855016352274
Smart-016-352275,Mobile,+855016352275
Smart-016-352276,Mobile,+855016352276
Smart-016-352277,Mobile,+855016352277
Smart-016-352278,Mobile,+855016352278
Smart-016-352279,Mobile,+855016352279
Smart-016-352280,Mobile,+855016352280
Smart-016-352281,Mobile,+855016352281
Smart-016-352282,Mobile,+855016352282
Smart-016-352283,Mobile,+855016352283
Smart-016-352284,Mobile,+855016352284
Smart-016-352285,Mobile,+855016352285
Smart-016-352286,Mobile,+855016352286
Smart-016-352287,Mobile,+855016352287
Smart-016-352288,Mobile,+855016352288
Smart-016-352289,Mobile,+855016352289
Smart-016-352290,Mobile,+855016352290
Smart-016-352291,Mobile,+855016352291
Smart-016-352292,Mobile,+855016352292
Smart-016-352293,Mobile,+855016352293
Smart-016-352294,Mobile,+855016352294
Smart-016-352295,Mobile,+855016352295
Smart-016-352296,Mobile,+855016352296
Smart-016-352297,Mobile,+855016352297
Smart-016-352298,Mobile,+855016352298
Smart-016-352299,Mobile,+855016352299
Smart-016-352300,Mobile,+855016352300
Smart-016-352301,Mobile,+855016352301
Smart-016-352302,Mobile,+855016352302
Smart-016-352303,Mobile,+855016352303
Smart-016-352304,Mobile,+855016352304
Smart-016-352305,Mobile,+855016352305
Smart-016-352306,Mobile,+855016352306
Smart-016-352307,Mobile,+855016352307
Smart-016-352308,Mobile,+855016352308
Smart-016-352309,Mobile,+855016352309
Smart-016-352310,Mobile,+855016352310
Smart-016-352311,Mobile,+855016352311
Smart-016-352312,Mobile,+855016352312
Smart-016-352313,Mobile,+855016352313
Smart-016-352314,Mobile,+855016352314
Smart-016-352315,Mobile,+855016352315
Smart-016-352316,Mobile,+855016352316
Smart-016-352317,Mobile,+855016352317
Smart-016-352318,Mobile,+855016352318
Smart-016-352319,Mobile,+855016352319
Smart-016-352320,Mobile,+855016352320
Smart-016-352321,Mobile,+855016352321
Smart-016-352322,Mobile,+855016352322
Smart-016-352323,Mobile,+855016352323
Smart-016-352324,Mobile,+855016352324
Smart-016-352325,Mobile,+855016352325
Smart-016-352326,Mobile,+855016352326
Smart-016-352327,Mobile,+855016352327
Smart-016-352328,Mobile,+855016352328
Smart-016-352329,Mobile,+855016352329
Smart-016-352330,Mobile,+855016352330
Smart-016-352331,Mobile,+855016352331
Smart-016-352332,Mobile,+855016352332
Smart-016-352333,Mobile,+855016352333
Smart-016-352334,Mobile,+855016352334
Smart-016-352335,Mobile,+855016352335
Smart-016-352336,Mobile,+855016352336
Smart-016-352337,Mobile,+855016352337
Smart-016-352338,Mobile,+855016352338
Smart-016-352339,Mobile,+855016352339
Smart-016-352340,Mobile,+855016352340
Smart-016-352341,Mobile,+855016352341
Smart-016-352342,Mobile,+855016352342
Smart-016-352343,Mobile,+855016352343
Smart-016-352344,Mobile,+855016352344
Smart-016-352345,Mobile,+855016352345
Smart-016-352346,Mobile,+855016352346
Smart-016-352347,Mobile,+855016352347
Smart-016-352348,Mobile,+855016352348
Smart-016-352349,Mobile,+855016352349
Smart-016-352350,Mobile,+855016352350
Smart-016-352351,Mobile,+855016352351
Smart-016-352352,Mobile,+855016352352
Smart-016-352353,Mobile,+855016352353
Smart-016-352354,Mobile,+855016352354
Smart-016-352355,Mobile,+855016352355
Smart-016-352356,Mobile,+855016352356
Smart-016-352357,Mobile,+855016352357
Smart-016-352358,Mobile,+855016352358
Smart-016-352359,Mobile,+855016352359
Smart-016-352360,Mobile,+855016352360
Smart-016-352361,Mobile,+855016352361
Smart-016-352362,Mobile,+855016352362
Smart-016-352363,Mobile,+855016352363
Smart-016-352364,Mobile,+855016352364
Smart-016-352365,Mobile,+855016352365
Smart-016-352366,Mobile,+855016352366
Smart-016-352367,Mobile,+855016352367
Smart-016-352368,Mobile,+855016352368
Smart-016-352369,Mobile,+855016352369
Smart-016-352370,Mobile,+855016352370
Smart-016-352371,Mobile,+855016352371
Smart-016-352372,Mobile,+855016352372
Smart-016-352373,Mobile,+855016352373
Smart-016-352374,Mobile,+855016352374
Smart-016-352375,Mobile,+855016352375
Smart-016-352376,Mobile,+855016352376
Smart-016-352377,Mobile,+855016352377
Smart-016-352378,Mobile,+855016352378
Smart-016-352379,Mobile,+855016352379
Smart-016-352380,Mobile,+855016352380
Smart-016-352381,Mobile,+855016352381
Smart-016-352382,Mobile,+855016352382
Smart-016-352383,Mobile,+855016352383
Smart-016-352384,Mobile,+855016352384
Smart-016-352385,Mobile,+855016352385
Smart-016-352386,Mobile,+855016352386
Smart-016-352387,Mobile,+855016352387
Smart-016-352388,Mobile,+855016352388
Smart-016-352389,Mobile,+855016352389
Smart-016-352390,Mobile,+855016352390
Smart-016-352391,Mobile,+855016352391
Smart-016-352392,Mobile,+855016352392
Smart-016-352393,Mobile,+855016352393
Smart-016-352394,Mobile,+855016352394
Smart-016-352395,Mobile,+855016352395
Smart-016-352396,Mobile,+855016352396
Smart-016-352397,Mobile,+855016352397
Smart-016-352398,Mobile,+855016352398
Smart-016-352399,Mobile,+855016352399
Smart-016-352400,Mobile,+855016352400
Smart-016-352401,Mobile,+855016352401
Smart-016-352402,Mobile,+855016352402
Smart-016-352403,Mobile,+855016352403
Smart-016-352404,Mobile,+855016352404
Smart-016-352405,Mobile,+855016352405
Smart-016-352406,Mobile,+855016352406
Smart-016-352407,Mobile,+855016352407
Smart-016-352408,Mobile,+855016352408
Smart-016-352409,Mobile,+855016352409
Smart-016-352410,Mobile,+855016352410
Smart-016-352411,Mobile,+855016352411
Smart-016-352412,Mobile,+855016352412
Smart-016-352413,Mobile,+855016352413
Smart-016-352414,Mobile,+855016352414
Smart-016-352415,Mobile,+855016352415
Smart-016-352416,Mobile,+855016352416
Smart-016-352417,Mobile,+855016352417
Smart-016-352418,Mobile,+855016352418
Smart-016-352419,Mobile,+855016352419
Smart-016-352420,Mobile,+855016352420
Smart-016-352421,Mobile,+855016352421
Smart-016-352422,Mobile,+855016352422
Smart-016-352423,Mobile,+855016352423
Smart-016-352424,Mobile,+855016352424
Smart-016-352425,Mobile,+855016352425
Smart-016-352426,Mobile,+855016352426
Smart-016-352427,Mobile,+855016352427
Smart-016-352428,Mobile,+855016352428
Smart-016-352429,Mobile,+855016352429
Smart-016-352430,Mobile,+855016352430
Smart-016-352431,Mobile,+855016352431
Smart-016-352432,Mobile,+855016352432
Smart-016-352433,Mobile,+855016352433
Smart-016-352434,Mobile,+855016352434
Smart-016-352435,Mobile,+855016352435
Smart-016-352436,Mobile,+855016352436
Smart-016-352437,Mobile,+855016352437
Smart-016-352438,Mobile,+855016352438
Smart-016-352439,Mobile,+855016352439
Smart-016-352440,Mobile,+855016352440
Smart-016-352441,Mobile,+855016352441
Smart-016-352442,Mobile,+855016352442
Smart-016-352443,Mobile,+855016352443
Smart-016-352444,Mobile,+855016352444
Smart-016-352445,Mobile,+855016352445
Smart-016-352446,Mobile,+855016352446
Smart-016-352447,Mobile,+855016352447
Smart-016-352448,Mobile,+855016352448
Smart-016-352449,Mobile,+855016352449
Smart-016-352450,Mobile,+855016352450
Smart-016-352451,Mobile,+855016352451
Smart-016-352452,Mobile,+855016352452
Smart-016-352453,Mobile,+855016352453
Smart-016-352454,Mobile,+855016352454
Smart-016-352455,Mobile,+855016352455
Smart-016-352456,Mobile,+855016352456
Smart-016-352457,Mobile,+855016352457
Smart-016-352458,Mobile,+855016352458
Smart-016-352459,Mobile,+855016352459
Smart-016-352460,Mobile,+855016352460
Smart-016-352461,Mobile,+855016352461
Smart-016-352462,Mobile,+855016352462
Smart-016-352463,Mobile,+855016352463
Smart-016-352464,Mobile,+855016352464
Smart-016-352465,Mobile,+855016352465
Smart-016-352466,Mobile,+855016352466
Smart-016-352467,Mobile,+855016352467
Smart-016-352468,Mobile,+855016352468
Smart-016-352469,Mobile,+855016352469
Smart-016-352470,Mobile,+855016352470
Smart-016-352471,Mobile,+855016352471
Smart-016-352472,Mobile,+855016352472
Smart-016-352473,Mobile,+855016352473
Smart-016-352474,Mobile,+855016352474
Smart-016-352475,Mobile,+855016352475
Smart-016-352476,Mobile,+855016352476
Smart-016-352477,Mobile,+855016352477
Smart-016-352478,Mobile,+855016352478
Smart-016-352479,Mobile,+855016352479
Smart-016-352480,Mobile,+855016352480
Smart-016-352481,Mobile,+855016352481
Smart-016-352482,Mobile,+855016352482
Smart-016-352483,Mobile,+855016352483
Smart-016-352484,Mobile,+855016352484
Smart-016-352485,Mobile,+855016352485
Smart-016-352486,Mobile,+855016352486
Smart-016-352487,Mobile,+855016352487
Smart-016-352488,Mobile,+855016352488
Smart-016-352489,Mobile,+855016352489
Smart-016-352490,Mobile,+855016352490
Smart-016-352491,Mobile,+855016352491
Smart-016-352492,Mobile,+855016352492
Smart-016-352493,Mobile,+855016352493
Smart-016-352494,Mobile,+855016352494
Smart-016-352495,Mobile,+855016352495
Smart-016-352496,Mobile,+855016352496
Smart-016-352497,Mobile,+855016352497
Smart-016-352498,Mobile,+855016352498
Smart-016-352499,Mobile,+855016352499
Smart-016-352500,Mobile,+855016352500
Smart-016-352501,Mobile,+855016352501
Smart-016-352502,Mobile,+855016352502
Smart-016-352503,Mobile,+855016352503
Smart-016-352504,Mobile,+855016352504
Smart-016-352505,Mobile,+855016352505
Smart-016-352506,Mobile,+855016352506
Smart-016-352507,Mobile,+855016352507
Smart-016-352508,Mobile,+855016352508
Smart-016-352509,Mobile,+855016352509
Smart-016-352510,Mobile,+855016352510
Smart-016-352511,Mobile,+855016352511
Smart-016-352512,Mobile,+855016352512
Smart-016-352513,Mobile,+855016352513
Smart-016-352514,Mobile,+855016352514
Smart-016-352515,Mobile,+855016352515
Smart-016-352516,Mobile,+855016352516
Smart-016-352517,Mobile,+855016352517
Smart-016-352518,Mobile,+855016352518
Smart-016-352519,Mobile,+855016352519
Smart-016-352520,Mobile,+855016352520
Smart-016-352521,Mobile,+855016352521
Smart-016-352522,Mobile,+855016352522
Smart-016-352523,Mobile,+855016352523
Smart-016-352524,Mobile,+855016352524
Smart-016-352525,Mobile,+855016352525
Smart-016-352526,Mobile,+855016352526
Smart-016-352527,Mobile,+855016352527
Smart-016-352528,Mobile,+855016352528
Smart-016-352529,Mobile,+855016352529
Smart-016-352530,Mobile,+855016352530
Smart-016-352531,Mobile,+855016352531
Smart-016-352532,Mobile,+855016352532
Smart-016-352533,Mobile,+855016352533
Smart-016-352534,Mobile,+855016352534
Smart-016-352535,Mobile,+855016352535
Smart-016-352536,Mobile,+855016352536
Smart-016-352537,Mobile,+855016352537
Smart-016-352538,Mobile,+855016352538
Smart-016-352539,Mobile,+855016352539
Smart-016-352540,Mobile,+855016352540
Smart-016-352541,Mobile,+855016352541
Smart-016-352542,Mobile,+855016352542
Smart-016-352543,Mobile,+855016352543
Smart-016-352544,Mobile,+855016352544
Smart-016-352545,Mobile,+855016352545
Smart-016-352546,Mobile,+855016352546
Smart-016-352547,Mobile,+855016352547
Smart-016-352548,Mobile,+855016352548
Smart-016-352549,Mobile,+855016352549
Smart-016-352550,Mobile,+855016352550
Smart-016-352551,Mobile,+855016352551
Smart-016-352552,Mobile,+855016352552
Smart-016-352553,Mobile,+855016352553
Smart-016-352554,Mobile,+855016352554
Smart-016-352555,Mobile,+855016352555
Smart-016-352556,Mobile,+855016352556
Smart-016-352557,Mobile,+855016352557
Smart-016-352558,Mobile,+855016352558
Smart-016-352559,Mobile,+855016352559
Smart-016-352560,Mobile,+855016352560
Smart-016-352561,Mobile,+855016352561
Smart-016-352562,Mobile,+855016352562
Smart-016-352563,Mobile,+855016352563
Smart-016-352564,Mobile,+855016352564
Smart-016-352565,Mobile,+855016352565
Smart-016-352566,Mobile,+855016352566
Smart-016-352567,Mobile,+855016352567
Smart-016-352568,Mobile,+855016352568
Smart-016-352569,Mobile,+855016352569
Smart-016-352570,Mobile,+855016352570
Smart-016-352571,Mobile,+855016352571
Smart-016-352572,Mobile,+855016352572
Smart-016-352573,Mobile,+855016352573
Smart-016-352574,Mobile,+855016352574
Smart-016-352575,Mobile,+855016352575
Smart-016-352576,Mobile,+855016352576
Smart-016-352577,Mobile,+855016352577
Smart-016-352578,Mobile,+855016352578
Smart-016-352579,Mobile,+855016352579
Smart-016-352580,Mobile,+855016352580
Smart-016-352581,Mobile,+855016352581
Smart-016-352582,Mobile,+855016352582
Smart-016-352583,Mobile,+855016352583
Smart-016-352584,Mobile,+855016352584
Smart-016-352585,Mobile,+855016352585
Smart-016-352586,Mobile,+855016352586
Smart-016-352587,Mobile,+855016352587
Smart-016-352588,Mobile,+855016352588
Smart-016-352589,Mobile,+855016352589
Smart-016-352590,Mobile,+855016352590
Smart-016-352591,Mobile,+855016352591
Smart-016-352592,Mobile,+855016352592
Smart-016-352593,Mobile,+855016352593
Smart-016-352594,Mobile,+855016352594
Smart-016-352595,Mobile,+855016352595
Smart-016-352596,Mobile,+855016352596
Smart-016-352597,Mobile,+855016352597
Smart-016-352598,Mobile,+855016352598
Smart-016-352599,Mobile,+855016352599
Smart-016-352600,Mobile,+855016352600
Smart-016-352601,Mobile,+855016352601
Smart-016-352602,Mobile,+855016352602
Smart-016-352603,Mobile,+855016352603
Smart-016-352604,Mobile,+855016352604
Smart-016-352605,Mobile,+855016352605
Smart-016-352606,Mobile,+855016352606
Smart-016-352607,Mobile,+855016352607
Smart-016-352608,Mobile,+855016352608
Smart-016-352609,Mobile,+855016352609
Smart-016-352610,Mobile,+855016352610
Smart-016-352611,Mobile,+855016352611
Smart-016-352612,Mobile,+855016352612
Smart-016-352613,Mobile,+855016352613
Smart-016-352614,Mobile,+855016352614
Smart-016-352615,Mobile,+855016352615
Smart-016-352616,Mobile,+855016352616
Smart-016-352617,Mobile,+855016352617
Smart-016-352618,Mobile,+855016352618
Smart-016-352619,Mobile,+855016352619
Smart-016-352620,Mobile,+855016352620
Smart-016-352621,Mobile,+855016352621
Smart-016-352622,Mobile,+855016352622
Smart-016-352623,Mobile,+855016352623
Smart-016-352624,Mobile,+855016352624
Smart-016-352625,Mobile,+855016352625
Smart-016-352626,Mobile,+855016352626
Smart-016-352627,Mobile,+855016352627
Smart-016-352628,Mobile,+855016352628
Smart-016-352629,Mobile,+855016352629
Smart-016-352630,Mobile,+855016352630
Smart-016-352631,Mobile,+855016352631
Smart-016-352632,Mobile,+855016352632
Smart-016-352633,Mobile,+855016352633
Smart-016-352634,Mobile,+855016352634
Smart-016-352635,Mobile,+855016352635
Smart-016-352636,Mobile,+855016352636
Smart-016-352637,Mobile,+855016352637
Smart-016-352638,Mobile,+855016352638
Smart-016-352639,Mobile,+855016352639
Smart-016-352640,Mobile,+855016352640
Smart-016-352641,Mobile,+855016352641
Smart-016-352642,Mobile,+855016352642
Smart-016-352643,Mobile,+855016352643
Smart-016-352644,Mobile,+855016352644
Smart-016-352645,Mobile,+855016352645
Smart-016-352646,Mobile,+855016352646
Smart-016-352647,Mobile,+855016352647
Smart-016-352648,Mobile,+855016352648
Smart-016-352649,Mobile,+855016352649
Smart-016-352650,Mobile,+855016352650
Smart-016-352651,Mobile,+855016352651
Smart-016-352652,Mobile,+855016352652
Smart-016-352653,Mobile,+855016352653
Smart-016-352654,Mobile,+855016352654
Smart-016-352655,Mobile,+855016352655
Smart-016-352656,Mobile,+855016352656
Smart-016-352657,Mobile,+855016352657
Smart-016-352658,Mobile,+855016352658
Smart-016-352659,Mobile,+855016352659
Smart-016-352660,Mobile,+855016352660
Smart-016-352661,Mobile,+855016352661
Smart-016-352662,Mobile,+855016352662
Smart-016-352663,Mobile,+855016352663
Smart-016-352664,Mobile,+855016352664
Smart-016-352665,Mobile,+855016352665
Smart-016-352666,Mobile,+855016352666
Smart-016-352667,Mobile,+855016352667
Smart-016-352668,Mobile,+855016352668
Smart-016-352669,Mobile,+855016352669
Smart-016-352670,Mobile,+855016352670
Smart-016-352671,Mobile,+855016352671
Smart-016-352672,Mobile,+855016352672
Smart-016-352673,Mobile,+855016352673
Smart-016-352674,Mobile,+855016352674
Smart-016-352675,Mobile,+855016352675
Smart-016-352676,Mobile,+855016352676
Smart-016-352677,Mobile,+855016352677
Smart-016-352678,Mobile,+855016352678
Smart-016-352679,Mobile,+855016352679
Smart-016-352680,Mobile,+855016352680
Smart-016-352681,Mobile,+855016352681
Smart-016-352682,Mobile,+855016352682
Smart-016-352683,Mobile,+855016352683
Smart-016-352684,Mobile,+855016352684
Smart-016-352685,Mobile,+855016352685
Smart-016-352686,Mobile,+855016352686
Smart-016-352687,Mobile,+855016352687
Smart-016-352688,Mobile,+855016352688
Smart-016-352689,Mobile,+855016352689
Smart-016-352690,Mobile,+855016352690
Smart-016-352691,Mobile,+855016352691
Smart-016-352692,Mobile,+855016352692
Smart-016-352693,Mobile,+855016352693
Smart-016-352694,Mobile,+855016352694
Smart-016-352695,Mobile,+855016352695
Smart-016-352696,Mobile,+855016352696
Smart-016-352697,Mobile,+855016352697
Smart-016-352698,Mobile,+855016352698
Smart-016-352699,Mobile,+855016352699
Smart-016-352700,Mobile,+855016352700
Smart-016-352701,Mobile,+855016352701
Smart-016-352702,Mobile,+855016352702
Smart-016-352703,Mobile,+855016352703
Smart-016-352704,Mobile,+855016352704
Smart-016-352705,Mobile,+855016352705
Smart-016-352706,Mobile,+855016352706
Smart-016-352707,Mobile,+855016352707
Smart-016-352708,Mobile,+855016352708
Smart-016-352709,Mobile,+855016352709
Smart-016-352710,Mobile,+855016352710
Smart-016-352711,Mobile,+855016352711
Smart-016-352712,Mobile,+855016352712
Smart-016-352713,Mobile,+855016352713
Smart-016-352714,Mobile,+855016352714
Smart-016-352715,Mobile,+855016352715
Smart-016-352716,Mobile,+855016352716
Smart-016-352717,Mobile,+855016352717
Smart-016-352718,Mobile,+855016352718
Smart-016-352719,Mobile,+855016352719
Smart-016-352720,Mobile,+855016352720
Smart-016-352721,Mobile,+855016352721
Smart-016-352722,Mobile,+855016352722
Smart-016-352723,Mobile,+855016352723
Smart-016-352724,Mobile,+855016352724
Smart-016-352725,Mobile,+855016352725
Smart-016-352726,Mobile,+855016352726
Smart-016-352727,Mobile,+855016352727
Smart-016-352728,Mobile,+855016352728
Smart-016-352729,Mobile,+855016352729
Smart-016-352730,Mobile,+855016352730
Smart-016-352731,Mobile,+855016352731
Smart-016-352732,Mobile,+855016352732
Smart-016-352733,Mobile,+855016352733
Smart-016-352734,Mobile,+855016352734
Smart-016-352735,Mobile,+855016352735
Smart-016-352736,Mobile,+855016352736
Smart-016-352737,Mobile,+855016352737
Smart-016-352738,Mobile,+855016352738
Smart-016-352739,Mobile,+855016352739
Smart-016-352740,Mobile,+855016352740
Smart-016-352741,Mobile,+855016352741
Smart-016-352742,Mobile,+855016352742
Smart-016-352743,Mobile,+855016352743
Smart-016-352744,Mobile,+855016352744
Smart-016-352745,Mobile,+855016352745
Smart-016-352746,Mobile,+855016352746
Smart-016-352747,Mobile,+855016352747
Smart-016-352748,Mobile,+855016352748
Smart-016-352749,Mobile,+855016352749
Smart-016-352750,Mobile,+855016352750
Smart-016-352751,Mobile,+855016352751
Smart-016-352752,Mobile,+855016352752
Smart-016-352753,Mobile,+855016352753
Smart-016-352754,Mobile,+855016352754
Smart-016-352755,Mobile,+855016352755
Smart-016-352756,Mobile,+855016352756
Smart-016-352757,Mobile,+855016352757
Smart-016-352758,Mobile,+855016352758
Smart-016-352759,Mobile,+855016352759
Smart-016-352760,Mobile,+855016352760
Smart-016-352761,Mobile,+855016352761
Smart-016-352762,Mobile,+855016352762
Smart-016-352763,Mobile,+855016352763
Smart-016-352764,Mobile,+855016352764
Smart-016-352765,Mobile,+855016352765
Smart-016-352766,Mobile,+855016352766
Smart-016-352767,Mobile,+855016352767
Smart-016-352768,Mobile,+855016352768
Smart-016-352769,Mobile,+855016352769
Smart-016-352770,Mobile,+855016352770
Smart-016-352771,Mobile,+855016352771
Smart-016-352772,Mobile,+855016352772
Smart-016-352773,Mobile,+855016352773
Smart-016-352774,Mobile,+855016352774
Smart-016-352775,Mobile,+855016352775
Smart-016-352776,Mobile,+855016352776
Smart-016-352777,Mobile,+855016352777
Smart-016-352778,Mobile,+855016352778
Smart-016-352779,Mobile,+855016352779
Smart-016-352780,Mobile,+855016352780
Smart-016-352781,Mobile,+855016352781
Smart-016-352782,Mobile,+855016352782
Smart-016-352783,Mobile,+855016352783
Smart-016-352784,Mobile,+855016352784
Smart-016-352785,Mobile,+855016352785
Smart-016-352786,Mobile,+855016352786
Smart-016-352787,Mobile,+855016352787
Smart-016-352788,Mobile,+855016352788
Smart-016-352789,Mobile,+855016352789
Smart-016-352790,Mobile,+855016352790
Smart-016-352791,Mobile,+855016352791
Smart-016-352792,Mobile,+855016352792
Smart-016-352793,Mobile,+855016352793
Smart-016-352794,Mobile,+855016352794
Smart-016-352795,Mobile,+855016352795
Smart-016-352796,Mobile,+855016352796
Smart-016-352797,Mobile,+855016352797
Smart-016-352798,Mobile,+855016352798
Smart-016-352799,Mobile,+855016352799
Smart-016-352800,Mobile,+855016352800
Smart-016-352801,Mobile,+855016352801
Smart-016-352802,Mobile,+855016352802
Smart-016-352803,Mobile,+855016352803
Smart-016-352804,Mobile,+855016352804
Smart-016-352805,Mobile,+855016352805
Smart-016-352806,Mobile,+855016352806
Smart-016-352807,Mobile,+855016352807
Smart-016-352808,Mobile,+855016352808
Smart-016-352809,Mobile,+855016352809
Smart-016-352810,Mobile,+855016352810
Smart-016-352811,Mobile,+855016352811
Smart-016-352812,Mobile,+855016352812
Smart-016-352813,Mobile,+855016352813
Smart-016-352814,Mobile,+855016352814
Smart-016-352815,Mobile,+855016352815
Smart-016-352816,Mobile,+855016352816
Smart-016-352817,Mobile,+855016352817
Smart-016-352818,Mobile,+855016352818
Smart-016-352819,Mobile,+855016352819
Smart-016-352820,Mobile,+855016352820
Smart-016-352821,Mobile,+855016352821
Smart-016-352822,Mobile,+855016352822
Smart-016-352823,Mobile,+855016352823
Smart-016-352824,Mobile,+855016352824
Smart-016-352825,Mobile,+855016352825
Smart-016-352826,Mobile,+855016352826
Smart-016-352827,Mobile,+855016352827
Smart-016-352828,Mobile,+855016352828
Smart-016-352829,Mobile,+855016352829
Smart-016-352830,Mobile,+855016352830
Smart-016-352831,Mobile,+855016352831
Smart-016-352832,Mobile,+855016352832
Smart-016-352833,Mobile,+855016352833
Smart-016-352834,Mobile,+855016352834
Smart-016-352835,Mobile,+855016352835
Smart-016-352836,Mobile,+855016352836
Smart-016-352837,Mobile,+855016352837
Smart-016-352838,Mobile,+855016352838
Smart-016-352839,Mobile,+855016352839
Smart-016-352840,Mobile,+855016352840
Smart-016-352841,Mobile,+855016352841
Smart-016-352842,Mobile,+855016352842
Smart-016-352843,Mobile,+855016352843
Smart-016-352844,Mobile,+855016352844
Smart-016-352845,Mobile,+855016352845
Smart-016-352846,Mobile,+855016352846
Smart-016-352847,Mobile,+855016352847
Smart-016-352848,Mobile,+855016352848
Smart-016-352849,Mobile,+855016352849
Smart-016-352850,Mobile,+855016352850
Smart-016-352851,Mobile,+855016352851
Smart-016-352852,Mobile,+855016352852
Smart-016-352853,Mobile,+855016352853
Smart-016-352854,Mobile,+855016352854
Smart-016-352855,Mobile,+855016352855
Smart-016-352856,Mobile,+855016352856
Smart-016-352857,Mobile,+855016352857
Smart-016-352858,Mobile,+855016352858
Smart-016-352859,Mobile,+855016352859
Smart-016-352860,Mobile,+855016352860
Smart-016-352861,Mobile,+855016352861
Smart-016-352862,Mobile,+855016352862
Smart-016-352863,Mobile,+855016352863
Smart-016-352864,Mobile,+855016352864
Smart-016-352865,Mobile,+855016352865
Smart-016-352866,Mobile,+855016352866
Smart-016-352867,Mobile,+855016352867
Smart-016-352868,Mobile,+855016352868
Smart-016-352869,Mobile,+855016352869
Smart-016-352870,Mobile,+855016352870
Smart-016-352871,Mobile,+855016352871
Smart-016-352872,Mobile,+855016352872
Smart-016-352873,Mobile,+855016352873
Smart-016-352874,Mobile,+855016352874
Smart-016-352875,Mobile,+855016352875
Smart-016-352876,Mobile,+855016352876
Smart-016-352877,Mobile,+855016352877
Smart-016-352878,Mobile,+855016352878
Smart-016-352879,Mobile,+855016352879
Smart-016-352880,Mobile,+855016352880
Smart-016-352881,Mobile,+855016352881
Smart-016-352882,Mobile,+855016352882
Smart-016-352883,Mobile,+855016352883
Smart-016-352884,Mobile,+855016352884
Smart-016-352885,Mobile,+855016352885
Smart-016-352886,Mobile,+855016352886
Smart-016-352887,Mobile,+855016352887
Smart-016-352888,Mobile,+855016352888
Smart-016-352889,Mobile,+855016352889
Smart-016-352890,Mobile,+855016352890
Smart-016-352891,Mobile,+855016352891
Smart-016-352892,Mobile,+855016352892
Smart-016-352893,Mobile,+855016352893
Smart-016-352894,Mobile,+855016352894
Smart-016-352895,Mobile,+855016352895
Smart-016-352896,Mobile,+855016352896
Smart-016-352897,Mobile,+855016352897
Smart-016-352898,Mobile,+855016352898
Smart-016-352899,Mobile,+855016352899
Smart-016-352900,Mobile,+855016352900
Smart-016-352901,Mobile,+855016352901
Smart-016-352902,Mobile,+855016352902
Smart-016-352903,Mobile,+855016352903
Smart-016-352904,Mobile,+855016352904
Smart-016-352905,Mobile,+855016352905
Smart-016-352906,Mobile,+855016352906
Smart-016-352907,Mobile,+855016352907
Smart-016-352908,Mobile,+855016352908
Smart-016-352909,Mobile,+855016352909
Smart-016-352910,Mobile,+855016352910
Smart-016-352911,Mobile,+855016352911
Smart-016-352912,Mobile,+855016352912
Smart-016-352913,Mobile,+855016352913
Smart-016-352914,Mobile,+855016352914
Smart-016-352915,Mobile,+855016352915
Smart-016-352916,Mobile,+855016352916
Smart-016-352917,Mobile,+855016352917
Smart-016-352918,Mobile,+855016352918
Smart-016-352919,Mobile,+855016352919
Smart-016-352920,Mobile,+855016352920
Smart-016-352921,Mobile,+855016352921
Smart-016-352922,Mobile,+855016352922
Smart-016-352923,Mobile,+855016352923
Smart-016-352924,Mobile,+855016352924
Smart-016-352925,Mobile,+855016352925
Smart-016-352926,Mobile,+855016352926
Smart-016-352927,Mobile,+855016352927
Smart-016-352928,Mobile,+855016352928
Smart-016-352929,Mobile,+855016352929
Smart-016-352930,Mobile,+855016352930
Smart-016-352931,Mobile,+855016352931
Smart-016-352932,Mobile,+855016352932
Smart-016-352933,Mobile,+855016352933
Smart-016-352934,Mobile,+855016352934
Smart-016-352935,Mobile,+855016352935
Smart-016-352936,Mobile,+855016352936
Smart-016-352937,Mobile,+855016352937
Smart-016-352938,Mobile,+855016352938
Smart-016-352939,Mobile,+855016352939
Smart-016-352940,Mobile,+855016352940
Smart-016-352941,Mobile,+855016352941
Smart-016-352942,Mobile,+855016352942
Smart-016-352943,Mobile,+855016352943
Smart-016-352944,Mobile,+855016352944
Smart-016-352945,Mobile,+855016352945
Smart-016-352946,Mobile,+855016352946
Smart-016-352947,Mobile,+855016352947
Smart-016-352948,Mobile,+855016352948
Smart-016-352949,Mobile,+855016352949
Smart-016-352950,Mobile,+855016352950
Smart-016-352951,Mobile,+855016352951
Smart-016-352952,Mobile,+855016352952
Smart-016-352953,Mobile,+855016352953
Smart-016-352954,Mobile,+855016352954
Smart-016-352955,Mobile,+855016352955
Smart-016-352956,Mobile,+855016352956
Smart-016-352957,Mobile,+855016352957
Smart-016-352958,Mobile,+855016352958
Smart-016-352959,Mobile,+855016352959
Smart-016-352960,Mobile,+855016352960
Smart-016-352961,Mobile,+855016352961
Smart-016-352962,Mobile,+855016352962
Smart-016-352963,Mobile,+855016352963
Smart-016-352964,Mobile,+855016352964
Smart-016-352965,Mobile,+855016352965
Smart-016-352966,Mobile,+855016352966
Smart-016-352967,Mobile,+855016352967
Smart-016-352968,Mobile,+855016352968
Smart-016-352969,Mobile,+855016352969
Smart-016-352970,Mobile,+855016352970
Smart-016-352971,Mobile,+855016352971
Smart-016-352972,Mobile,+855016352972
Smart-016-352973,Mobile,+855016352973
Smart-016-352974,Mobile,+855016352974
Smart-016-352975,Mobile,+855016352975
Smart-016-352976,Mobile,+855016352976
Smart-016-352977,Mobile,+855016352977
Smart-016-352978,Mobile,+855016352978
Smart-016-352979,Mobile,+855016352979
Smart-016-352980,Mobile,+855016352980
Smart-016-352981,Mobile,+855016352981
Smart-016-352982,Mobile,+855016352982
Smart-016-352983,Mobile,+855016352983
Smart-016-352984,Mobile,+855016352984
Smart-016-352985,Mobile,+855016352985
Smart-016-352986,Mobile,+855016352986
Smart-016-352987,Mobile,+855016352987
Smart-016-352988,Mobile,+855016352988
Smart-016-352989,Mobile,+855016352989
Smart-016-352990,Mobile,+855016352990
Smart-016-352991,Mobile,+855016352991
Smart-016-352992,Mobile,+855016352992
Smart-016-352993,Mobile,+855016352993
Smart-016-352994,Mobile,+855016352994
Smart-016-352995,Mobile,+855016352995
Smart-016-352996,Mobile,+855016352996
Smart-016-352997,Mobile,+855016352997
Smart-016-352998,Mobile,+855016352998
Smart-016-352999,Mobile,+855016352999
Smart-016-353000,Mobile,+855016353000
Smart-016-353001,Mobile,+855016353001
Smart-016-353002,Mobile,+855016353002
Smart-016-353003,Mobile,+855016353003
Smart-016-353004,Mobile,+855016353004
Smart-016-353005,Mobile,+855016353005
Smart-016-353006,Mobile,+855016353006
Smart-016-353007,Mobile,+855016353007
Smart-016-353008,Mobile,+855016353008
Smart-016-353009,Mobile,+855016353009
Smart-016-353010,Mobile,+855016353010
Smart-016-353011,Mobile,+855016353011
Smart-016-353012,Mobile,+855016353012
Smart-016-353013,Mobile,+855016353013
Smart-016-353014,Mobile,+855016353014
Smart-016-353015,Mobile,+855016353015
Smart-016-353016,Mobile,+855016353016
Smart-016-353017,Mobile,+855016353017
Smart-016-353018,Mobile,+855016353018
Smart-016-353019,Mobile,+855016353019
Smart-016-353020,Mobile,+855016353020
Smart-016-353021,Mobile,+855016353021
Smart-016-353022,Mobile,+855016353022
Smart-016-353023,Mobile,+855016353023
Smart-016-353024,Mobile,+855016353024
Smart-016-353025,Mobile,+855016353025
Smart-016-353026,Mobile,+855016353026
Smart-016-353027,Mobile,+855016353027
Smart-016-353028,Mobile,+855016353028
Smart-016-353029,Mobile,+855016353029
Smart-016-353030,Mobile,+855016353030
Smart-016-353031,Mobile,+855016353031
Smart-016-353032,Mobile,+855016353032
Smart-016-353033,Mobile,+855016353033
Smart-016-353034,Mobile,+855016353034
Smart-016-353035,Mobile,+855016353035
Smart-016-353036,Mobile,+855016353036
Smart-016-353037,Mobile,+855016353037
Smart-016-353038,Mobile,+855016353038
Smart-016-353039,Mobile,+855016353039
Smart-016-353040,Mobile,+855016353040
Smart-016-353041,Mobile,+855016353041
Smart-016-353042,Mobile,+855016353042
Smart-016-353043,Mobile,+855016353043
Smart-016-353044,Mobile,+855016353044
Smart-016-353045,Mobile,+855016353045
Smart-016-353046,Mobile,+855016353046
Smart-016-353047,Mobile,+855016353047
Smart-016-353048,Mobile,+855016353048
Smart-016-353049,Mobile,+855016353049
Smart-016-353050,Mobile,+855016353050
Smart-016-353051,Mobile,+855016353051
Smart-016-353052,Mobile,+855016353052
Smart-016-353053,Mobile,+855016353053
Smart-016-353054,Mobile,+855016353054
Smart-016-353055,Mobile,+855016353055
Smart-016-353056,Mobile,+855016353056
Smart-016-353057,Mobile,+855016353057
Smart-016-353058,Mobile,+855016353058
Smart-016-353059,Mobile,+855016353059
Smart-016-353060,Mobile,+855016353060
Smart-016-353061,Mobile,+855016353061
Smart-016-353062,Mobile,+855016353062
Smart-016-353063,Mobile,+855016353063
Smart-016-353064,Mobile,+855016353064
Smart-016-353065,Mobile,+855016353065
Smart-016-353066,Mobile,+855016353066
Smart-016-353067,Mobile,+855016353067
Smart-016-353068,Mobile,+855016353068
Smart-016-353069,Mobile,+855016353069
Smart-016-353070,Mobile,+855016353070
Smart-016-353071,Mobile,+855016353071
Smart-016-353072,Mobile,+855016353072
Smart-016-353073,Mobile,+855016353073
Smart-016-353074,Mobile,+855016353074
Smart-016-353075,Mobile,+855016353075
Smart-016-353076,Mobile,+855016353076
Smart-016-353077,Mobile,+855016353077
Smart-016-353078,Mobile,+855016353078
Smart-016-353079,Mobile,+855016353079
Smart-016-353080,Mobile,+855016353080
Smart-016-353081,Mobile,+855016353081
Smart-016-353082,Mobile,+855016353082
Smart-016-353083,Mobile,+855016353083
Smart-016-353084,Mobile,+855016353084
Smart-016-353085,Mobile,+855016353085
Smart-016-353086,Mobile,+855016353086
Smart-016-353087,Mobile,+855016353087
Smart-016-353088,Mobile,+855016353088
Smart-016-353089,Mobile,+855016353089
Smart-016-353090,Mobile,+855016353090
Smart-016-353091,Mobile,+855016353091
Smart-016-353092,Mobile,+855016353092
Smart-016-353093,Mobile,+855016353093
Smart-016-353094,Mobile,+855016353094
Smart-016-353095,Mobile,+855016353095
Smart-016-353096,Mobile,+855016353096
Smart-016-353097,Mobile,+855016353097
Smart-016-353098,Mobile,+855016353098
Smart-016-353099,Mobile,+855016353099
Smart-016-353100,Mobile,+855016353100
Smart-016-353101,Mobile,+855016353101
Smart-016-353102,Mobile,+855016353102
Smart-016-353103,Mobile,+855016353103
Smart-016-353104,Mobile,+855016353104
Smart-016-353105,Mobile,+855016353105
Smart-016-353106,Mobile,+855016353106
Smart-016-353107,Mobile,+855016353107
Smart-016-353108,Mobile,+855016353108
Smart-016-353109,Mobile,+855016353109
Smart-016-353110,Mobile,+855016353110
Smart-016-353111,Mobile,+855016353111
Smart-016-353112,Mobile,+855016353112
Smart-016-353113,Mobile,+855016353113
Smart-016-353114,Mobile,+855016353114
Smart-016-353115,Mobile,+855016353115
Smart-016-353116,Mobile,+855016353116
Smart-016-353117,Mobile,+855016353117
Smart-016-353118,Mobile,+855016353118
Smart-016-353119,Mobile,+855016353119
Smart-016-353120,Mobile,+855016353120
Smart-016-353121,Mobile,+855016353121
Smart-016-353122,Mobile,+855016353122
Smart-016-353123,Mobile,+855016353123
Smart-016-353124,Mobile,+855016353124
Smart-016-353125,Mobile,+855016353125
Smart-016-353126,Mobile,+855016353126
Smart-016-353127,Mobile,+855016353127
Smart-016-353128,Mobile,+855016353128
Smart-016-353129,Mobile,+855016353129
Smart-016-353130,Mobile,+855016353130
Smart-016-353131,Mobile,+855016353131
Smart-016-353132,Mobile,+855016353132
Smart-016-353133,Mobile,+855016353133
Smart-016-353134,Mobile,+855016353134
Smart-016-353135,Mobile,+855016353135
Smart-016-353136,Mobile,+855016353136
Smart-016-353137,Mobile,+855016353137
Smart-016-353138,Mobile,+855016353138
Smart-016-353139,Mobile,+855016353139
Smart-016-353140,Mobile,+855016353140
Smart-016-353141,Mobile,+855016353141
Smart-016-353142,Mobile,+855016353142
Smart-016-353143,Mobile,+855016353143
Smart-016-353144,Mobile,+855016353144
Smart-016-353145,Mobile,+855016353145
Smart-016-353146,Mobile,+855016353146
Smart-016-353147,Mobile,+855016353147
Smart-016-353148,Mobile,+855016353148
Smart-016-353149,Mobile,+855016353149
Smart-016-353150,Mobile,+855016353150
Smart-016-353151,Mobile,+855016353151
Smart-016-353152,Mobile,+855016353152
Smart-016-353153,Mobile,+855016353153
Smart-016-353154,Mobile,+855016353154
Smart-016-353155,Mobile,+855016353155
Smart-016-353156,Mobile,+855016353156
Smart-016-353157,Mobile,+855016353157
Smart-016-353158,Mobile,+855016353158
Smart-016-353159,Mobile,+855016353159
Smart-016-353160,Mobile,+855016353160
Smart-016-353161,Mobile,+855016353161
Smart-016-353162,Mobile,+855016353162
Smart-016-353163,Mobile,+855016353163
Smart-016-353164,Mobile,+855016353164
Smart-016-353165,Mobile,+855016353165
Smart-016-353166,Mobile,+855016353166
Smart-016-353167,Mobile,+855016353167
Smart-016-353168,Mobile,+855016353168
Smart-016-353169,Mobile,+855016353169
Smart-016-353170,Mobile,+855016353170
Smart-016-353171,Mobile,+855016353171
Smart-016-353172,Mobile,+855016353172
Smart-016-353173,Mobile,+855016353173
Smart-016-353174,Mobile,+855016353174
Smart-016-353175,Mobile,+855016353175
Smart-016-353176,Mobile,+855016353176
Smart-016-353177,Mobile,+855016353177
Smart-016-353178,Mobile,+855016353178
Smart-016-353179,Mobile,+855016353179
Smart-016-353180,Mobile,+855016353180
Smart-016-353181,Mobile,+855016353181
Smart-016-353182,Mobile,+855016353182
Smart-016-353183,Mobile,+855016353183
Smart-016-353184,Mobile,+855016353184
Smart-016-353185,Mobile,+855016353185
Smart-016-353186,Mobile,+855016353186
Smart-016-353187,Mobile,+855016353187
Smart-016-353188,Mobile,+855016353188
Smart-016-353189,Mobile,+855016353189
Smart-016-353190,Mobile,+855016353190
Smart-016-353191,Mobile,+855016353191
Smart-016-353192,Mobile,+855016353192
Smart-016-353193,Mobile,+855016353193
Smart-016-353194,Mobile,+855016353194
Smart-016-353195,Mobile,+855016353195
Smart-016-353196,Mobile,+855016353196
Smart-016-353197,Mobile,+855016353197
Smart-016-353198,Mobile,+855016353198
Smart-016-353199,Mobile,+855016353199
Smart-016-353200,Mobile,+855016353200
Smart-016-353201,Mobile,+855016353201
Smart-016-353202,Mobile,+855016353202
Smart-016-353203,Mobile,+855016353203
Smart-016-353204,Mobile,+855016353204
Smart-016-353205,Mobile,+855016353205
Smart-016-353206,Mobile,+855016353206
Smart-016-353207,Mobile,+855016353207
Smart-016-353208,Mobile,+855016353208
Smart-016-353209,Mobile,+855016353209
Smart-016-353210,Mobile,+855016353210
Smart-016-353211,Mobile,+855016353211
Smart-016-353212,Mobile,+855016353212
Smart-016-353213,Mobile,+855016353213
Smart-016-353214,Mobile,+855016353214
Smart-016-353215,Mobile,+855016353215
Smart-016-353216,Mobile,+855016353216
Smart-016-353217,Mobile,+855016353217
Smart-016-353218,Mobile,+855016353218
Smart-016-353219,Mobile,+855016353219
Smart-016-353220,Mobile,+855016353220
Smart-016-353221,Mobile,+855016353221
Smart-016-353222,Mobile,+855016353222
Smart-016-353223,Mobile,+855016353223
Smart-016-353224,Mobile,+855016353224
Smart-016-353225,Mobile,+855016353225
Smart-016-353226,Mobile,+855016353226
Smart-016-353227,Mobile,+855016353227
Smart-016-353228,Mobile,+855016353228
Smart-016-353229,Mobile,+855016353229
Smart-016-353230,Mobile,+855016353230
Smart-016-353231,Mobile,+855016353231
Smart-016-353232,Mobile,+855016353232
Smart-016-353233,Mobile,+855016353233
Smart-016-353234,Mobile,+855016353234
Smart-016-353235,Mobile,+855016353235
Smart-016-353236,Mobile,+855016353236
Smart-016-353237,Mobile,+855016353237
Smart-016-353238,Mobile,+855016353238
Smart-016-353239,Mobile,+855016353239
Smart-016-353240,Mobile,+855016353240
Smart-016-353241,Mobile,+855016353241
Smart-016-353242,Mobile,+855016353242
Smart-016-353243,Mobile,+855016353243
Smart-016-353244,Mobile,+855016353244
Smart-016-353245,Mobile,+855016353245
Smart-016-353246,Mobile,+855016353246
Smart-016-353247,Mobile,+855016353247
Smart-016-353248,Mobile,+855016353248
Smart-016-353249,Mobile,+855016353249
Smart-016-353250,Mobile,+855016353250
Smart-016-353251,Mobile,+855016353251
Smart-016-353252,Mobile,+855016353252
Smart-016-353253,Mobile,+855016353253
Smart-016-353254,Mobile,+855016353254
Smart-016-353255,Mobile,+855016353255
Smart-016-353256,Mobile,+855016353256
Smart-016-353257,Mobile,+855016353257
Smart-016-353258,Mobile,+855016353258
Smart-016-353259,Mobile,+855016353259
Smart-016-353260,Mobile,+855016353260
Smart-016-353261,Mobile,+855016353261
Smart-016-353262,Mobile,+855016353262
Smart-016-353263,Mobile,+855016353263
Smart-016-353264,Mobile,+855016353264
Smart-016-353265,Mobile,+855016353265
Smart-016-353266,Mobile,+855016353266
Smart-016-353267,Mobile,+855016353267
Smart-016-353268,Mobile,+855016353268
Smart-016-353269,Mobile,+855016353269
Smart-016-353270,Mobile,+855016353270
Smart-016-353271,Mobile,+855016353271
Smart-016-353272,Mobile,+855016353272
Smart-016-353273,Mobile,+855016353273
Smart-016-353274,Mobile,+855016353274
Smart-016-353275,Mobile,+855016353275
Smart-016-353276,Mobile,+855016353276
Smart-016-353277,Mobile,+855016353277
Smart-016-353278,Mobile,+855016353278
Smart-016-353279,Mobile,+855016353279
Smart-016-353280,Mobile,+855016353280
Smart-016-353281,Mobile,+855016353281
Smart-016-353282,Mobile,+855016353282
Smart-016-353283,Mobile,+855016353283
Smart-016-353284,Mobile,+855016353284
Smart-016-353285,Mobile,+855016353285
Smart-016-353286,Mobile,+855016353286
Smart-016-353287,Mobile,+855016353287
Smart-016-353288,Mobile,+855016353288
Smart-016-353289,Mobile,+855016353289
Smart-016-353290,Mobile,+855016353290
Smart-016-353291,Mobile,+855016353291
Smart-016-353292,Mobile,+855016353292
Smart-016-353293,Mobile,+855016353293
Smart-016-353294,Mobile,+855016353294
Smart-016-353295,Mobile,+855016353295
Smart-016-353296,Mobile,+855016353296
Smart-016-353297,Mobile,+855016353297
Smart-016-353298,Mobile,+855016353298
Smart-016-353299,Mobile,+855016353299
Smart-016-353300,Mobile,+855016353300
Smart-016-353301,Mobile,+855016353301
Smart-016-353302,Mobile,+855016353302
Smart-016-353303,Mobile,+855016353303
Smart-016-353304,Mobile,+855016353304
Smart-016-353305,Mobile,+855016353305
Smart-016-353306,Mobile,+855016353306
Smart-016-353307,Mobile,+855016353307
Smart-016-353308,Mobile,+855016353308
Smart-016-353309,Mobile,+855016353309
Smart-016-353310,Mobile,+855016353310
Smart-016-353311,Mobile,+855016353311
Smart-016-353312,Mobile,+855016353312
Smart-016-353313,Mobile,+855016353313
Smart-016-353314,Mobile,+855016353314
Smart-016-353315,Mobile,+855016353315
Smart-016-353316,Mobile,+855016353316
Smart-016-353317,Mobile,+855016353317
Smart-016-353318,Mobile,+855016353318
Smart-016-353319,Mobile,+855016353319
Smart-016-353320,Mobile,+855016353320
Smart-016-353321,Mobile,+855016353321
Smart-016-353322,Mobile,+855016353322
Smart-016-353323,Mobile,+855016353323
Smart-016-353324,Mobile,+855016353324
Smart-016-353325,Mobile,+855016353325
Smart-016-353326,Mobile,+855016353326
Smart-016-353327,Mobile,+855016353327
Smart-016-353328,Mobile,+855016353328
Smart-016-353329,Mobile,+855016353329
Smart-016-353330,Mobile,+855016353330
Smart-016-353331,Mobile,+855016353331
Smart-016-353332,Mobile,+855016353332
Smart-016-353333,Mobile,+855016353333
Smart-016-353334,Mobile,+855016353334
Smart-016-353335,Mobile,+855016353335
Smart-016-353336,Mobile,+855016353336
Smart-016-353337,Mobile,+855016353337
Smart-016-353338,Mobile,+855016353338
Smart-016-353339,Mobile,+855016353339
Smart-016-353340,Mobile,+855016353340
Smart-016-353341,Mobile,+855016353341
Smart-016-353342,Mobile,+855016353342
Smart-016-353343,Mobile,+855016353343
Smart-016-353344,Mobile,+855016353344
Smart-016-353345,Mobile,+855016353345
Smart-016-353346,Mobile,+855016353346
Smart-016-353347,Mobile,+855016353347
Smart-016-353348,Mobile,+855016353348
Smart-016-353349,Mobile,+855016353349
Smart-016-353350,Mobile,+855016353350
Smart-016-353351,Mobile,+855016353351
Smart-016-353352,Mobile,+855016353352
Smart-016-353353,Mobile,+855016353353
Smart-016-353354,Mobile,+855016353354
Smart-016-353355,Mobile,+855016353355
Smart-016-353356,Mobile,+855016353356
Smart-016-353357,Mobile,+855016353357
Smart-016-353358,Mobile,+855016353358
Smart-016-353359,Mobile,+855016353359
Smart-016-353360,Mobile,+855016353360
Smart-016-353361,Mobile,+855016353361
Smart-016-353362,Mobile,+855016353362
Smart-016-353363,Mobile,+855016353363
Smart-016-353364,Mobile,+855016353364
Smart-016-353365,Mobile,+855016353365
Smart-016-353366,Mobile,+855016353366
Smart-016-353367,Mobile,+855016353367
Smart-016-353368,Mobile,+855016353368
Smart-016-353369,Mobile,+855016353369
Smart-016-353370,Mobile,+855016353370
Smart-016-353371,Mobile,+855016353371
Smart-016-353372,Mobile,+855016353372
Smart-016-353373,Mobile,+855016353373
Smart-016-353374,Mobile,+855016353374
Smart-016-353375,Mobile,+855016353375
Smart-016-353376,Mobile,+855016353376
Smart-016-353377,Mobile,+855016353377
Smart-016-353378,Mobile,+855016353378
Smart-016-353379,Mobile,+855016353379
Smart-016-353380,Mobile,+855016353380
Smart-016-353381,Mobile,+855016353381
Smart-016-353382,Mobile,+855016353382
Smart-016-353383,Mobile,+855016353383
Smart-016-353384,Mobile,+855016353384
Smart-016-353385,Mobile,+855016353385
Smart-016-353386,Mobile,+855016353386
Smart-016-353387,Mobile,+855016353387
Smart-016-353388,Mobile,+855016353388
Smart-016-353389,Mobile,+855016353389
Smart-016-353390,Mobile,+855016353390
Smart-016-353391,Mobile,+855016353391
Smart-016-353392,Mobile,+855016353392
Smart-016-353393,Mobile,+855016353393
Smart-016-353394,Mobile,+855016353394
Smart-016-353395,Mobile,+855016353395
Smart-016-353396,Mobile,+855016353396
Smart-016-353397,Mobile,+855016353397
Smart-016-353398,Mobile,+855016353398
Smart-016-353399,Mobile,+855016353399
Smart-016-353400,Mobile,+855016353400
Smart-016-353401,Mobile,+855016353401
Smart-016-353402,Mobile,+855016353402
Smart-016-353403,Mobile,+855016353403
Smart-016-353404,Mobile,+855016353404
Smart-016-353405,Mobile,+855016353405
Smart-016-353406,Mobile,+855016353406
Smart-016-353407,Mobile,+855016353407
Smart-016-353408,Mobile,+855016353408
Smart-016-353409,Mobile,+855016353409
Smart-016-353410,Mobile,+855016353410
Smart-016-353411,Mobile,+855016353411
Smart-016-353412,Mobile,+855016353412
Smart-016-353413,Mobile,+855016353413
Smart-016-353414,Mobile,+855016353414
Smart-016-353415,Mobile,+855016353415
Smart-016-353416,Mobile,+855016353416
Smart-016-353417,Mobile,+855016353417
Smart-016-353418,Mobile,+855016353418
Smart-016-353419,Mobile,+855016353419
Smart-016-353420,Mobile,+855016353420
Smart-016-353421,Mobile,+855016353421
Smart-016-353422,Mobile,+855016353422
Smart-016-353423,Mobile,+855016353423
Smart-016-353424,Mobile,+855016353424
Smart-016-353425,Mobile,+855016353425
Smart-016-353426,Mobile,+855016353426
Smart-016-353427,Mobile,+855016353427
Smart-016-353428,Mobile,+855016353428
Smart-016-353429,Mobile,+855016353429
Smart-016-353430,Mobile,+855016353430
Smart-016-353431,Mobile,+855016353431
Smart-016-353432,Mobile,+855016353432
Smart-016-353433,Mobile,+855016353433
Smart-016-353434,Mobile,+855016353434
Smart-016-353435,Mobile,+855016353435
Smart-016-353436,Mobile,+855016353436
Smart-016-353437,Mobile,+855016353437
Smart-016-353438,Mobile,+855016353438
Smart-016-353439,Mobile,+855016353439
Smart-016-353440,Mobile,+855016353440
Smart-016-353441,Mobile,+855016353441
Smart-016-353442,Mobile,+855016353442
Smart-016-353443,Mobile,+855016353443
Smart-016-353444,Mobile,+855016353444
Smart-016-353445,Mobile,+855016353445
Smart-016-353446,Mobile,+855016353446
Smart-016-353447,Mobile,+855016353447
Smart-016-353448,Mobile,+855016353448
Smart-016-353449,Mobile,+855016353449
Smart-016-353450,Mobile,+855016353450
Smart-016-353451,Mobile,+855016353451
Smart-016-353452,Mobile,+855016353452
Smart-016-353453,Mobile,+855016353453
Smart-016-353454,Mobile,+855016353454
Smart-016-353455,Mobile,+855016353455
Smart-016-353456,Mobile,+855016353456
Smart-016-353457,Mobile,+855016353457
Smart-016-353458,Mobile,+855016353458
Smart-016-353459,Mobile,+855016353459
Smart-016-353460,Mobile,+855016353460
Smart-016-353461,Mobile,+855016353461
Smart-016-353462,Mobile,+855016353462
Smart-016-353463,Mobile,+855016353463
Smart-016-353464,Mobile,+855016353464
Smart-016-353465,Mobile,+855016353465
Smart-016-353466,Mobile,+855016353466
Smart-016-353467,Mobile,+855016353467
Smart-016-353468,Mobile,+855016353468
Smart-016-353469,Mobile,+855016353469
Smart-016-353470,Mobile,+855016353470
Smart-016-353471,Mobile,+855016353471
Smart-016-353472,Mobile,+855016353472
Smart-016-353473,Mobile,+855016353473
Smart-016-353474,Mobile,+855016353474
Smart-016-353475,Mobile,+855016353475
Smart-016-353476,Mobile,+855016353476
Smart-016-353477,Mobile,+855016353477
Smart-016-353478,Mobile,+855016353478
Smart-016-353479,Mobile,+855016353479
Smart-016-353480,Mobile,+855016353480
Smart-016-353481,Mobile,+855016353481
Smart-016-353482,Mobile,+855016353482
Smart-016-353483,Mobile,+855016353483
Smart-016-353484,Mobile,+855016353484
Smart-016-353485,Mobile,+855016353485
Smart-016-353486,Mobile,+855016353486
Smart-016-353487,Mobile,+855016353487
Smart-016-353488,Mobile,+855016353488
Smart-016-353489,Mobile,+855016353489
Smart-016-353490,Mobile,+855016353490
Smart-016-353491,Mobile,+855016353491
Smart-016-353492,Mobile,+855016353492
Smart-016-353493,Mobile,+855016353493
Smart-016-353494,Mobile,+855016353494
Smart-016-353495,Mobile,+855016353495
Smart-016-353496,Mobile,+855016353496
Smart-016-353497,Mobile,+855016353497
Smart-016-353498,Mobile,+855016353498
Smart-016-353499,Mobile,+855016353499
Smart-016-353500,Mobile,+855016353500
Smart-016-353501,Mobile,+855016353501
Smart-016-353502,Mobile,+855016353502
Smart-016-353503,Mobile,+855016353503
Smart-016-353504,Mobile,+855016353504
Smart-016-353505,Mobile,+855016353505
Smart-016-353506,Mobile,+855016353506
Smart-016-353507,Mobile,+855016353507
Smart-016-353508,Mobile,+855016353508
Smart-016-353509,Mobile,+855016353509
Smart-016-353510,Mobile,+855016353510
Smart-016-353511,Mobile,+855016353511
Smart-016-353512,Mobile,+855016353512
Smart-016-353513,Mobile,+855016353513
Smart-016-353514,Mobile,+855016353514
Smart-016-353515,Mobile,+855016353515
Smart-016-353516,Mobile,+855016353516
Smart-016-353517,Mobile,+855016353517
Smart-016-353518,Mobile,+855016353518
Smart-016-353519,Mobile,+855016353519
Smart-016-353520,Mobile,+855016353520
Smart-016-353521,Mobile,+855016353521
Smart-016-353522,Mobile,+855016353522
Smart-016-353523,Mobile,+855016353523
Smart-016-353524,Mobile,+855016353524
Smart-016-353525,Mobile,+855016353525
Smart-016-353526,Mobile,+855016353526
Smart-016-353527,Mobile,+855016353527
Smart-016-353528,Mobile,+855016353528
Smart-016-353529,Mobile,+855016353529
Smart-016-353530,Mobile,+855016353530
Smart-016-353531,Mobile,+855016353531
Smart-016-353532,Mobile,+855016353532
Smart-016-353533,Mobile,+855016353533
Smart-016-353534,Mobile,+855016353534
Smart-016-353535,Mobile,+855016353535
Smart-016-353536,Mobile,+855016353536
Smart-016-353537,Mobile,+855016353537
Smart-016-353538,Mobile,+855016353538
Smart-016-353539,Mobile,+855016353539
Smart-016-353540,Mobile,+855016353540
Smart-016-353541,Mobile,+855016353541
Smart-016-353542,Mobile,+855016353542
Smart-016-353543,Mobile,+855016353543
Smart-016-353544,Mobile,+855016353544
Smart-016-353545,Mobile,+855016353545
Smart-016-353546,Mobile,+855016353546
Smart-016-353547,Mobile,+855016353547
Smart-016-353548,Mobile,+855016353548
Smart-016-353549,Mobile,+855016353549
Smart-016-353550,Mobile,+855016353550
Smart-016-353551,Mobile,+855016353551
Smart-016-353552,Mobile,+855016353552
Smart-016-353553,Mobile,+855016353553
Smart-016-353554,Mobile,+855016353554
Smart-016-353555,Mobile,+855016353555
Smart-016-353556,Mobile,+855016353556
Smart-016-353557,Mobile,+855016353557
Smart-016-353558,Mobile,+855016353558
Smart-016-353559,Mobile,+855016353559
Smart-016-353560,Mobile,+855016353560
Smart-016-353561,Mobile,+855016353561
Smart-016-353562,Mobile,+855016353562
Smart-016-353563,Mobile,+855016353563
Smart-016-353564,Mobile,+855016353564
Smart-016-353565,Mobile,+855016353565
Smart-016-353566,Mobile,+855016353566
Smart-016-353567,Mobile,+855016353567
Smart-016-353568,Mobile,+855016353568
Smart-016-353569,Mobile,+855016353569
Smart-016-353570,Mobile,+855016353570
Smart-016-353571,Mobile,+855016353571
Smart-016-353572,Mobile,+855016353572
Smart-016-353573,Mobile,+855016353573
Smart-016-353574,Mobile,+855016353574
Smart-016-353575,Mobile,+855016353575
Smart-016-353576,Mobile,+855016353576
Smart-016-353577,Mobile,+855016353577
Smart-016-353578,Mobile,+855016353578
Smart-016-353579,Mobile,+855016353579
Smart-016-353580,Mobile,+855016353580
Smart-016-353581,Mobile,+855016353581
Smart-016-353582,Mobile,+855016353582
Smart-016-353583,Mobile,+855016353583
Smart-016-353584,Mobile,+855016353584
Smart-016-353585,Mobile,+855016353585
Smart-016-353586,Mobile,+855016353586
Smart-016-353587,Mobile,+855016353587
Smart-016-353588,Mobile,+855016353588
Smart-016-353589,Mobile,+855016353589
Smart-016-353590,Mobile,+855016353590
Smart-016-353591,Mobile,+855016353591
Smart-016-353592,Mobile,+855016353592
Smart-016-353593,Mobile,+855016353593
Smart-016-353594,Mobile,+855016353594
Smart-016-353595,Mobile,+855016353595
Smart-016-353596,Mobile,+855016353596
Smart-016-353597,Mobile,+855016353597
Smart-016-353598,Mobile,+855016353598
Smart-016-353599,Mobile,+855016353599
Smart-016-353600,Mobile,+855016353600
Smart-016-353601,Mobile,+855016353601
Smart-016-353602,Mobile,+855016353602
Smart-016-353603,Mobile,+855016353603
Smart-016-353604,Mobile,+855016353604
Smart-016-353605,Mobile,+855016353605
Smart-016-353606,Mobile,+855016353606
Smart-016-353607,Mobile,+855016353607
Smart-016-353608,Mobile,+855016353608
Smart-016-353609,Mobile,+855016353609
Smart-016-353610,Mobile,+855016353610
Smart-016-353611,Mobile,+855016353611
Smart-016-353612,Mobile,+855016353612
Smart-016-353613,Mobile,+855016353613
Smart-016-353614,Mobile,+855016353614
Smart-016-353615,Mobile,+855016353615
Smart-016-353616,Mobile,+855016353616
Smart-016-353617,Mobile,+855016353617
Smart-016-353618,Mobile,+855016353618
Smart-016-353619,Mobile,+855016353619
Smart-016-353620,Mobile,+855016353620
Smart-016-353621,Mobile,+855016353621
Smart-016-353622,Mobile,+855016353622
Smart-016-353623,Mobile,+855016353623
Smart-016-353624,Mobile,+855016353624
Smart-016-353625,Mobile,+855016353625
Smart-016-353626,Mobile,+855016353626
Smart-016-353627,Mobile,+855016353627
Smart-016-353628,Mobile,+855016353628
Smart-016-353629,Mobile,+855016353629
Smart-016-353630,Mobile,+855016353630
Smart-016-353631,Mobile,+855016353631
Smart-016-353632,Mobile,+855016353632
Smart-016-353633,Mobile,+855016353633
Smart-016-353634,Mobile,+855016353634
Smart-016-353635,Mobile,+855016353635
Smart-016-353636,Mobile,+855016353636
Smart-016-353637,Mobile,+855016353637
Smart-016-353638,Mobile,+855016353638
Smart-016-353639,Mobile,+855016353639
Smart-016-353640,Mobile,+855016353640
Smart-016-353641,Mobile,+855016353641
Smart-016-353642,Mobile,+855016353642
Smart-016-353643,Mobile,+855016353643
Smart-016-353644,Mobile,+855016353644
Smart-016-353645,Mobile,+855016353645
Smart-016-353646,Mobile,+855016353646
Smart-016-353647,Mobile,+855016353647
Smart-016-353648,Mobile,+855016353648
Smart-016-353649,Mobile,+855016353649
Smart-016-353650,Mobile,+855016353650
Smart-016-353651,Mobile,+855016353651
Smart-016-353652,Mobile,+855016353652
Smart-016-353653,Mobile,+855016353653
Smart-016-353654,Mobile,+855016353654
Smart-016-353655,Mobile,+855016353655
Smart-016-353656,Mobile,+855016353656
Smart-016-353657,Mobile,+855016353657
Smart-016-353658,Mobile,+855016353658
Smart-016-353659,Mobile,+855016353659
Smart-016-353660,Mobile,+855016353660
Smart-016-353661,Mobile,+855016353661
Smart-016-353662,Mobile,+855016353662
Smart-016-353663,Mobile,+855016353663
Smart-016-353664,Mobile,+855016353664
Smart-016-353665,Mobile,+855016353665
Smart-016-353666,Mobile,+855016353666
Smart-016-353667,Mobile,+855016353667
Smart-016-353668,Mobile,+855016353668
Smart-016-353669,Mobile,+855016353669
Smart-016-353670,Mobile,+855016353670
Smart-016-353671,Mobile,+855016353671
Smart-016-353672,Mobile,+855016353672
Smart-016-353673,Mobile,+855016353673
Smart-016-353674,Mobile,+855016353674
Smart-016-353675,Mobile,+855016353675
Smart-016-353676,Mobile,+855016353676
Smart-016-353677,Mobile,+855016353677
Smart-016-353678,Mobile,+855016353678
Smart-016-353679,Mobile,+855016353679
Smart-016-353680,Mobile,+855016353680
Smart-016-353681,Mobile,+855016353681
Smart-016-353682,Mobile,+855016353682
Smart-016-353683,Mobile,+855016353683
Smart-016-353684,Mobile,+855016353684
Smart-016-353685,Mobile,+855016353685
Smart-016-353686,Mobile,+855016353686
Smart-016-353687,Mobile,+855016353687
Smart-016-353688,Mobile,+855016353688
Smart-016-353689,Mobile,+855016353689
Smart-016-353690,Mobile,+855016353690
Smart-016-353691,Mobile,+855016353691
Smart-016-353692,Mobile,+855016353692
Smart-016-353693,Mobile,+855016353693
Smart-016-353694,Mobile,+855016353694
Smart-016-353695,Mobile,+855016353695
Smart-016-353696,Mobile,+855016353696
Smart-016-353697,Mobile,+855016353697
Smart-016-353698,Mobile,+855016353698
Smart-016-353699,Mobile,+855016353699
Smart-016-353700,Mobile,+855016353700
Smart-016-353701,Mobile,+855016353701
Smart-016-353702,Mobile,+855016353702
Smart-016-353703,Mobile,+855016353703
Smart-016-353704,Mobile,+855016353704
Smart-016-353705,Mobile,+855016353705
Smart-016-353706,Mobile,+855016353706
Smart-016-353707,Mobile,+855016353707
Smart-016-353708,Mobile,+855016353708
Smart-016-353709,Mobile,+855016353709
Smart-016-353710,Mobile,+855016353710
Smart-016-353711,Mobile,+855016353711
Smart-016-353712,Mobile,+855016353712
Smart-016-353713,Mobile,+855016353713
Smart-016-353714,Mobile,+855016353714
Smart-016-353715,Mobile,+855016353715
Smart-016-353716,Mobile,+855016353716
Smart-016-353717,Mobile,+855016353717
Smart-016-353718,Mobile,+855016353718
Smart-016-353719,Mobile,+855016353719
Smart-016-353720,Mobile,+855016353720
Smart-016-353721,Mobile,+855016353721
Smart-016-353722,Mobile,+855016353722
Smart-016-353723,Mobile,+855016353723
Smart-016-353724,Mobile,+855016353724
Smart-016-353725,Mobile,+855016353725
Smart-016-353726,Mobile,+855016353726
Smart-016-353727,Mobile,+855016353727
Smart-016-353728,Mobile,+855016353728
Smart-016-353729,Mobile,+855016353729
Smart-016-353730,Mobile,+855016353730
Smart-016-353731,Mobile,+855016353731
Smart-016-353732,Mobile,+855016353732
Smart-016-353733,Mobile,+855016353733
Smart-016-353734,Mobile,+855016353734
Smart-016-353735,Mobile,+855016353735
Smart-016-353736,Mobile,+855016353736
Smart-016-353737,Mobile,+855016353737
Smart-016-353738,Mobile,+855016353738
Smart-016-353739,Mobile,+855016353739
Smart-016-353740,Mobile,+855016353740
Smart-016-353741,Mobile,+855016353741
Smart-016-353742,Mobile,+855016353742
Smart-016-353743,Mobile,+855016353743
Smart-016-353744,Mobile,+855016353744
Smart-016-353745,Mobile,+855016353745
Smart-016-353746,Mobile,+855016353746
Smart-016-353747,Mobile,+855016353747
Smart-016-353748,Mobile,+855016353748
Smart-016-353749,Mobile,+855016353749
Smart-016-353750,Mobile,+855016353750
Smart-016-353751,Mobile,+855016353751
Smart-016-353752,Mobile,+855016353752
Smart-016-353753,Mobile,+855016353753
Smart-016-353754,Mobile,+855016353754
Smart-016-353755,Mobile,+855016353755
Smart-016-353756,Mobile,+855016353756
Smart-016-353757,Mobile,+855016353757
Smart-016-353758,Mobile,+855016353758
Smart-016-353759,Mobile,+855016353759
Smart-016-353760,Mobile,+855016353760
Smart-016-353761,Mobile,+855016353761
Smart-016-353762,Mobile,+855016353762
Smart-016-353763,Mobile,+855016353763
Smart-016-353764,Mobile,+855016353764
Smart-016-353765,Mobile,+855016353765
Smart-016-353766,Mobile,+855016353766
Smart-016-353767,Mobile,+855016353767
Smart-016-353768,Mobile,+855016353768
Smart-016-353769,Mobile,+855016353769
Smart-016-353770,Mobile,+855016353770
Smart-016-353771,Mobile,+855016353771
Smart-016-353772,Mobile,+855016353772
Smart-016-353773,Mobile,+855016353773
Smart-016-353774,Mobile,+855016353774
Smart-016-353775,Mobile,+855016353775
Smart-016-353776,Mobile,+855016353776
Smart-016-353777,Mobile,+855016353777
Smart-016-353778,Mobile,+855016353778
Smart-016-353779,Mobile,+855016353779
Smart-016-353780,Mobile,+855016353780
Smart-016-353781,Mobile,+855016353781
Smart-016-353782,Mobile,+855016353782
Smart-016-353783,Mobile,+855016353783
Smart-016-353784,Mobile,+855016353784
Smart-016-353785,Mobile,+855016353785
Smart-016-353786,Mobile,+855016353786
Smart-016-353787,Mobile,+855016353787
Smart-016-353788,Mobile,+855016353788
Smart-016-353789,Mobile,+855016353789
Smart-016-353790,Mobile,+855016353790
Smart-016-353791,Mobile,+855016353791
Smart-016-353792,Mobile,+855016353792
Smart-016-353793,Mobile,+855016353793
Smart-016-353794,Mobile,+855016353794
Smart-016-353795,Mobile,+855016353795
Smart-016-353796,Mobile,+855016353796
Smart-016-353797,Mobile,+855016353797
Smart-016-353798,Mobile,+855016353798
Smart-016-353799,Mobile,+855016353799
Smart-016-353800,Mobile,+855016353800
Smart-016-353801,Mobile,+855016353801
Smart-016-353802,Mobile,+855016353802
Smart-016-353803,Mobile,+855016353803
Smart-016-353804,Mobile,+855016353804
Smart-016-353805,Mobile,+855016353805
Smart-016-353806,Mobile,+855016353806
Smart-016-353807,Mobile,+855016353807
Smart-016-353808,Mobile,+855016353808
Smart-016-353809,Mobile,+855016353809
Smart-016-353810,Mobile,+855016353810
Smart-016-353811,Mobile,+855016353811
Smart-016-353812,Mobile,+855016353812
Smart-016-353813,Mobile,+855016353813
Smart-016-353814,Mobile,+855016353814
Smart-016-353815,Mobile,+855016353815
Smart-016-353816,Mobile,+855016353816
Smart-016-353817,Mobile,+855016353817
Smart-016-353818,Mobile,+855016353818
Smart-016-353819,Mobile,+855016353819
Smart-016-353820,Mobile,+855016353820
Smart-016-353821,Mobile,+855016353821
Smart-016-353822,Mobile,+855016353822
Smart-016-353823,Mobile,+855016353823
Smart-016-353824,Mobile,+855016353824
Smart-016-353825,Mobile,+855016353825
Smart-016-353826,Mobile,+855016353826
Smart-016-353827,Mobile,+855016353827
Smart-016-353828,Mobile,+855016353828
Smart-016-353829,Mobile,+855016353829
Smart-016-353830,Mobile,+855016353830
Smart-016-353831,Mobile,+855016353831
Smart-016-353832,Mobile,+855016353832
Smart-016-353833,Mobile,+855016353833
Smart-016-353834,Mobile,+855016353834
Smart-016-353835,Mobile,+855016353835
Smart-016-353836,Mobile,+855016353836
Smart-016-353837,Mobile,+855016353837
Smart-016-353838,Mobile,+855016353838
Smart-016-353839,Mobile,+855016353839
Smart-016-353840,Mobile,+855016353840
Smart-016-353841,Mobile,+855016353841
Smart-016-353842,Mobile,+855016353842
Smart-016-353843,Mobile,+855016353843
Smart-016-353844,Mobile,+855016353844
Smart-016-353845,Mobile,+855016353845
Smart-016-353846,Mobile,+855016353846
Smart-016-353847,Mobile,+855016353847
Smart-016-353848,Mobile,+855016353848
Smart-016-353849,Mobile,+855016353849
Smart-016-353850,Mobile,+855016353850
Smart-016-353851,Mobile,+855016353851
Smart-016-353852,Mobile,+855016353852
Smart-016-353853,Mobile,+855016353853
Smart-016-353854,Mobile,+855016353854
Smart-016-353855,Mobile,+855016353855
Smart-016-353856,Mobile,+855016353856
Smart-016-353857,Mobile,+855016353857
Smart-016-353858,Mobile,+855016353858
Smart-016-353859,Mobile,+855016353859
Smart-016-353860,Mobile,+855016353860
Smart-016-353861,Mobile,+855016353861
Smart-016-353862,Mobile,+855016353862
Smart-016-353863,Mobile,+855016353863
Smart-016-353864,Mobile,+855016353864
Smart-016-353865,Mobile,+855016353865
Smart-016-353866,Mobile,+855016353866
Smart-016-353867,Mobile,+855016353867
Smart-016-353868,Mobile,+855016353868
Smart-016-353869,Mobile,+855016353869
Smart-016-353870,Mobile,+855016353870
Smart-016-353871,Mobile,+855016353871
Smart-016-353872,Mobile,+855016353872
Smart-016-353873,Mobile,+855016353873
Smart-016-353874,Mobile,+855016353874
Smart-016-353875,Mobile,+855016353875
Smart-016-353876,Mobile,+855016353876
Smart-016-353877,Mobile,+855016353877
Smart-016-353878,Mobile,+855016353878
Smart-016-353879,Mobile,+855016353879
Smart-016-353880,Mobile,+855016353880
Smart-016-353881,Mobile,+855016353881
Smart-016-353882,Mobile,+855016353882
Smart-016-353883,Mobile,+855016353883
Smart-016-353884,Mobile,+855016353884
Smart-016-353885,Mobile,+855016353885
Smart-016-353886,Mobile,+855016353886
Smart-016-353887,Mobile,+855016353887
Smart-016-353888,Mobile,+855016353888
Smart-016-353889,Mobile,+855016353889
Smart-016-353890,Mobile,+855016353890
Smart-016-353891,Mobile,+855016353891
Smart-016-353892,Mobile,+855016353892
Smart-016-353893,Mobile,+855016353893
Smart-016-353894,Mobile,+855016353894
Smart-016-353895,Mobile,+855016353895
Smart-016-353896,Mobile,+855016353896
Smart-016-353897,Mobile,+855016353897
Smart-016-353898,Mobile,+855016353898
Smart-016-353899,Mobile,+855016353899
Smart-016-353900,Mobile,+855016353900
Smart-016-353901,Mobile,+855016353901
Smart-016-353902,Mobile,+855016353902
Smart-016-353903,Mobile,+855016353903
Smart-016-353904,Mobile,+855016353904
Smart-016-353905,Mobile,+855016353905
Smart-016-353906,Mobile,+855016353906
Smart-016-353907,Mobile,+855016353907
Smart-016-353908,Mobile,+855016353908
Smart-016-353909,Mobile,+855016353909
Smart-016-353910,Mobile,+855016353910
Smart-016-353911,Mobile,+855016353911
Smart-016-353912,Mobile,+855016353912
Smart-016-353913,Mobile,+855016353913
Smart-016-353914,Mobile,+855016353914
Smart-016-353915,Mobile,+855016353915
Smart-016-353916,Mobile,+855016353916
Smart-016-353917,Mobile,+855016353917
Smart-016-353918,Mobile,+855016353918
Smart-016-353919,Mobile,+855016353919
Smart-016-353920,Mobile,+855016353920
Smart-016-353921,Mobile,+855016353921
Smart-016-353922,Mobile,+855016353922
Smart-016-353923,Mobile,+855016353923
Smart-016-353924,Mobile,+855016353924
Smart-016-353925,Mobile,+855016353925
Smart-016-353926,Mobile,+855016353926
Smart-016-353927,Mobile,+855016353927
Smart-016-353928,Mobile,+855016353928
Smart-016-353929,Mobile,+855016353929
Smart-016-353930,Mobile,+855016353930
Smart-016-353931,Mobile,+855016353931
Smart-016-353932,Mobile,+855016353932
Smart-016-353933,Mobile,+855016353933
Smart-016-353934,Mobile,+855016353934
Smart-016-353935,Mobile,+855016353935
Smart-016-353936,Mobile,+855016353936
Smart-016-353937,Mobile,+855016353937
Smart-016-353938,Mobile,+855016353938
Smart-016-353939,Mobile,+855016353939
Smart-016-353940,Mobile,+855016353940
Smart-016-353941,Mobile,+855016353941
Smart-016-353942,Mobile,+855016353942
Smart-016-353943,Mobile,+855016353943
Smart-016-353944,Mobile,+855016353944
Smart-016-353945,Mobile,+855016353945
Smart-016-353946,Mobile,+855016353946
Smart-016-353947,Mobile,+855016353947
Smart-016-353948,Mobile,+855016353948
Smart-016-353949,Mobile,+855016353949
Smart-016-353950,Mobile,+855016353950
Smart-016-353951,Mobile,+855016353951
Smart-016-353952,Mobile,+855016353952
Smart-016-353953,Mobile,+855016353953
Smart-016-353954,Mobile,+855016353954
Smart-016-353955,Mobile,+855016353955
Smart-016-353956,Mobile,+855016353956
Smart-016-353957,Mobile,+855016353957
Smart-016-353958,Mobile,+855016353958
Smart-016-353959,Mobile,+855016353959
Smart-016-353960,Mobile,+855016353960
Smart-016-353961,Mobile,+855016353961
Smart-016-353962,Mobile,+855016353962
Smart-016-353963,Mobile,+855016353963
Smart-016-353964,Mobile,+855016353964
Smart-016-353965,Mobile,+855016353965
Smart-016-353966,Mobile,+855016353966
Smart-016-353967,Mobile,+855016353967
Smart-016-353968,Mobile,+855016353968
Smart-016-353969,Mobile,+855016353969
Smart-016-353970,Mobile,+855016353970
Smart-016-353971,Mobile,+855016353971
Smart-016-353972,Mobile,+855016353972
Smart-016-353973,Mobile,+855016353973
Smart-016-353974,Mobile,+855016353974
Smart-016-353975,Mobile,+855016353975
Smart-016-353976,Mobile,+855016353976
Smart-016-353977,Mobile,+855016353977
Smart-016-353978,Mobile,+855016353978
Smart-016-353979,Mobile,+855016353979
Smart-016-353980,Mobile,+855016353980
Smart-016-353981,Mobile,+855016353981
Smart-016-353982,Mobile,+855016353982
Smart-016-353983,Mobile,+855016353983
Smart-016-353984,Mobile,+855016353984
Smart-016-353985,Mobile,+855016353985
Smart-016-353986,Mobile,+855016353986
Smart-016-353987,Mobile,+855016353987
Smart-016-353988,Mobile,+855016353988
Smart-016-353989,Mobile,+855016353989
Smart-016-353990,Mobile,+855016353990
Smart-016-353991,Mobile,+855016353991
Smart-016-353992,Mobile,+855016353992
Smart-016-353993,Mobile,+855016353993
Smart-016-353994,Mobile,+855016353994
Smart-016-353995,Mobile,+855016353995
Smart-016-353996,Mobile,+855016353996
Smart-016-353997,Mobile,+855016353997
Smart-016-353998,Mobile,+855016353998
Smart-016-353999,Mobile,+855016353999
Smart-016-354000,Mobile,+855016354000
Smart-016-354001,Mobile,+855016354001
Smart-016-354002,Mobile,+855016354002
Smart-016-354003,Mobile,+855016354003
Smart-016-354004,Mobile,+855016354004
Smart-016-354005,Mobile,+855016354005
Smart-016-354006,Mobile,+855016354006
Smart-016-354007,Mobile,+855016354007
Smart-016-354008,Mobile,+855016354008
Smart-016-354009,Mobile,+855016354009
Smart-016-354010,Mobile,+855016354010
Smart-016-354011,Mobile,+855016354011
Smart-016-354012,Mobile,+855016354012
Smart-016-354013,Mobile,+855016354013
Smart-016-354014,Mobile,+855016354014
Smart-016-354015,Mobile,+855016354015
Smart-016-354016,Mobile,+855016354016
Smart-016-354017,Mobile,+855016354017
Smart-016-354018,Mobile,+855016354018
Smart-016-354019,Mobile,+855016354019
Smart-016-354020,Mobile,+855016354020
Smart-016-354021,Mobile,+855016354021
Smart-016-354022,Mobile,+855016354022
Smart-016-354023,Mobile,+855016354023
Smart-016-354024,Mobile,+855016354024
Smart-016-354025,Mobile,+855016354025
Smart-016-354026,Mobile,+855016354026
Smart-016-354027,Mobile,+855016354027
Smart-016-354028,Mobile,+855016354028
Smart-016-354029,Mobile,+855016354029
Smart-016-354030,Mobile,+855016354030
Smart-016-354031,Mobile,+855016354031
Smart-016-354032,Mobile,+855016354032
Smart-016-354033,Mobile,+855016354033
Smart-016-354034,Mobile,+855016354034
Smart-016-354035,Mobile,+855016354035
Smart-016-354036,Mobile,+855016354036
Smart-016-354037,Mobile,+855016354037
Smart-016-354038,Mobile,+855016354038
Smart-016-354039,Mobile,+855016354039
Smart-016-354040,Mobile,+855016354040
Smart-016-354041,Mobile,+855016354041
Smart-016-354042,Mobile,+855016354042
Smart-016-354043,Mobile,+855016354043
Smart-016-354044,Mobile,+855016354044
Smart-016-354045,Mobile,+855016354045
Smart-016-354046,Mobile,+855016354046
Smart-016-354047,Mobile,+855016354047
Smart-016-354048,Mobile,+855016354048
Smart-016-354049,Mobile,+855016354049
Smart-016-354050,Mobile,+855016354050
Smart-016-354051,Mobile,+855016354051
Smart-016-354052,Mobile,+855016354052
Smart-016-354053,Mobile,+855016354053
Smart-016-354054,Mobile,+855016354054
Smart-016-354055,Mobile,+855016354055
Smart-016-354056,Mobile,+855016354056
Smart-016-354057,Mobile,+855016354057
Smart-016-354058,Mobile,+855016354058
Smart-016-354059,Mobile,+855016354059
Smart-016-354060,Mobile,+855016354060
Smart-016-354061,Mobile,+855016354061
Smart-016-354062,Mobile,+855016354062
Smart-016-354063,Mobile,+855016354063
Smart-016-354064,Mobile,+855016354064
Smart-016-354065,Mobile,+855016354065
Smart-016-354066,Mobile,+855016354066
Smart-016-354067,Mobile,+855016354067
Smart-016-354068,Mobile,+855016354068
Smart-016-354069,Mobile,+855016354069
Smart-016-354070,Mobile,+855016354070
Smart-016-354071,Mobile,+855016354071
Smart-016-354072,Mobile,+855016354072
Smart-016-354073,Mobile,+855016354073
Smart-016-354074,Mobile,+855016354074
Smart-016-354075,Mobile,+855016354075
Smart-016-354076,Mobile,+855016354076
Smart-016-354077,Mobile,+855016354077
Smart-016-354078,Mobile,+855016354078
Smart-016-354079,Mobile,+855016354079
Smart-016-354080,Mobile,+855016354080
Smart-016-354081,Mobile,+855016354081
Smart-016-354082,Mobile,+855016354082
Smart-016-354083,Mobile,+855016354083
Smart-016-354084,Mobile,+855016354084
Smart-016-354085,Mobile,+855016354085
Smart-016-354086,Mobile,+855016354086
Smart-016-354087,Mobile,+855016354087
Smart-016-354088,Mobile,+855016354088
Smart-016-354089,Mobile,+855016354089
Smart-016-354090,Mobile,+855016354090
Smart-016-354091,Mobile,+855016354091
Smart-016-354092,Mobile,+855016354092
Smart-016-354093,Mobile,+855016354093
Smart-016-354094,Mobile,+855016354094
Smart-016-354095,Mobile,+855016354095
Smart-016-354096,Mobile,+855016354096
Smart-016-354097,Mobile,+855016354097
Smart-016-354098,Mobile,+855016354098
Smart-016-354099,Mobile,+855016354099
Smart-016-354100,Mobile,+855016354100
Smart-016-354101,Mobile,+855016354101
Smart-016-354102,Mobile,+855016354102
Smart-016-354103,Mobile,+855016354103
Smart-016-354104,Mobile,+855016354104
Smart-016-354105,Mobile,+855016354105
Smart-016-354106,Mobile,+855016354106
Smart-016-354107,Mobile,+855016354107
Smart-016-354108,Mobile,+855016354108
Smart-016-354109,Mobile,+855016354109
Smart-016-354110,Mobile,+855016354110
Smart-016-354111,Mobile,+855016354111
Smart-016-354112,Mobile,+855016354112
Smart-016-354113,Mobile,+855016354113
Smart-016-354114,Mobile,+855016354114
Smart-016-354115,Mobile,+855016354115
Smart-016-354116,Mobile,+855016354116
Smart-016-354117,Mobile,+855016354117
Smart-016-354118,Mobile,+855016354118
Smart-016-354119,Mobile,+855016354119
Smart-016-354120,Mobile,+855016354120
Smart-016-354121,Mobile,+855016354121
Smart-016-354122,Mobile,+855016354122
Smart-016-354123,Mobile,+855016354123
Smart-016-354124,Mobile,+855016354124
Smart-016-354125,Mobile,+855016354125
Smart-016-354126,Mobile,+855016354126
Smart-016-354127,Mobile,+855016354127
Smart-016-354128,Mobile,+855016354128
Smart-016-354129,Mobile,+855016354129
Smart-016-354130,Mobile,+855016354130
Smart-016-354131,Mobile,+855016354131
Smart-016-354132,Mobile,+855016354132
Smart-016-354133,Mobile,+855016354133
Smart-016-354134,Mobile,+855016354134
Smart-016-354135,Mobile,+855016354135
Smart-016-354136,Mobile,+855016354136
Smart-016-354137,Mobile,+855016354137
Smart-016-354138,Mobile,+855016354138
Smart-016-354139,Mobile,+855016354139
Smart-016-354140,Mobile,+855016354140
Smart-016-354141,Mobile,+855016354141
Smart-016-354142,Mobile,+855016354142
Smart-016-354143,Mobile,+855016354143
Smart-016-354144,Mobile,+855016354144
Smart-016-354145,Mobile,+855016354145
Smart-016-354146,Mobile,+855016354146
Smart-016-354147,Mobile,+855016354147
Smart-016-354148,Mobile,+855016354148
Smart-016-354149,Mobile,+855016354149
Smart-016-354150,Mobile,+855016354150
Smart-016-354151,Mobile,+855016354151
Smart-016-354152,Mobile,+855016354152
Smart-016-354153,Mobile,+855016354153
Smart-016-354154,Mobile,+855016354154
Smart-016-354155,Mobile,+855016354155
Smart-016-354156,Mobile,+855016354156
Smart-016-354157,Mobile,+855016354157
Smart-016-354158,Mobile,+855016354158
Smart-016-354159,Mobile,+855016354159
Smart-016-354160,Mobile,+855016354160
Smart-016-354161,Mobile,+855016354161
Smart-016-354162,Mobile,+855016354162
Smart-016-354163,Mobile,+855016354163
Smart-016-354164,Mobile,+855016354164
Smart-016-354165,Mobile,+855016354165
Smart-016-354166,Mobile,+855016354166
Smart-016-354167,Mobile,+855016354167
Smart-016-354168,Mobile,+855016354168
Smart-016-354169,Mobile,+855016354169
Smart-016-354170,Mobile,+855016354170
Smart-016-354171,Mobile,+855016354171
Smart-016-354172,Mobile,+855016354172
Smart-016-354173,Mobile,+855016354173
Smart-016-354174,Mobile,+855016354174
Smart-016-354175,Mobile,+855016354175
Smart-016-354176,Mobile,+855016354176
Smart-016-354177,Mobile,+855016354177
Smart-016-354178,Mobile,+855016354178
Smart-016-354179,Mobile,+855016354179
Smart-016-354180,Mobile,+855016354180
Smart-016-354181,Mobile,+855016354181
Smart-016-354182,Mobile,+855016354182
Smart-016-354183,Mobile,+855016354183
Smart-016-354184,Mobile,+855016354184
Smart-016-354185,Mobile,+855016354185
Smart-016-354186,Mobile,+855016354186
Smart-016-354187,Mobile,+855016354187
Smart-016-354188,Mobile,+855016354188
Smart-016-354189,Mobile,+855016354189
Smart-016-354190,Mobile,+855016354190
Smart-016-354191,Mobile,+855016354191
Smart-016-354192,Mobile,+855016354192
Smart-016-354193,Mobile,+855016354193
Smart-016-354194,Mobile,+855016354194
Smart-016-354195,Mobile,+855016354195
Smart-016-354196,Mobile,+855016354196
Smart-016-354197,Mobile,+855016354197
Smart-016-354198,Mobile,+855016354198
Smart-016-354199,Mobile,+855016354199
Smart-016-354200,Mobile,+855016354200
Smart-016-354201,Mobile,+855016354201
Smart-016-354202,Mobile,+855016354202
Smart-016-354203,Mobile,+855016354203
Smart-016-354204,Mobile,+855016354204
Smart-016-354205,Mobile,+855016354205
Smart-016-354206,Mobile,+855016354206
Smart-016-354207,Mobile,+855016354207
Smart-016-354208,Mobile,+855016354208
Smart-016-354209,Mobile,+855016354209
Smart-016-354210,Mobile,+855016354210
Smart-016-354211,Mobile,+855016354211
Smart-016-354212,Mobile,+855016354212
Smart-016-354213,Mobile,+855016354213
Smart-016-354214,Mobile,+855016354214
Smart-016-354215,Mobile,+855016354215
Smart-016-354216,Mobile,+855016354216
Smart-016-354217,Mobile,+855016354217
Smart-016-354218,Mobile,+855016354218
Smart-016-354219,Mobile,+855016354219
Smart-016-354220,Mobile,+855016354220
Smart-016-354221,Mobile,+855016354221
Smart-016-354222,Mobile,+855016354222
Smart-016-354223,Mobile,+855016354223
Smart-016-354224,Mobile,+855016354224
Smart-016-354225,Mobile,+855016354225
Smart-016-354226,Mobile,+855016354226
Smart-016-354227,Mobile,+855016354227
Smart-016-354228,Mobile,+855016354228
Smart-016-354229,Mobile,+855016354229
Smart-016-354230,Mobile,+855016354230
Smart-016-354231,Mobile,+855016354231
Smart-016-354232,Mobile,+855016354232
Smart-016-354233,Mobile,+855016354233
Smart-016-354234,Mobile,+855016354234
Smart-016-354235,Mobile,+855016354235
Smart-016-354236,Mobile,+855016354236
Smart-016-354237,Mobile,+855016354237
Smart-016-354238,Mobile,+855016354238
Smart-016-354239,Mobile,+855016354239
Smart-016-354240,Mobile,+855016354240
Smart-016-354241,Mobile,+855016354241
Smart-016-354242,Mobile,+855016354242
Smart-016-354243,Mobile,+855016354243
Smart-016-354244,Mobile,+855016354244
Smart-016-354245,Mobile,+855016354245
Smart-016-354246,Mobile,+855016354246
Smart-016-354247,Mobile,+855016354247
Smart-016-354248,Mobile,+855016354248
Smart-016-354249,Mobile,+855016354249
Smart-016-354250,Mobile,+855016354250
Smart-016-354251,Mobile,+855016354251
Smart-016-354252,Mobile,+855016354252
Smart-016-354253,Mobile,+855016354253
Smart-016-354254,Mobile,+855016354254
Smart-016-354255,Mobile,+855016354255
Smart-016-354256,Mobile,+855016354256
Smart-016-354257,Mobile,+855016354257
Smart-016-354258,Mobile,+855016354258
Smart-016-354259,Mobile,+855016354259
Smart-016-354260,Mobile,+855016354260
Smart-016-354261,Mobile,+855016354261
Smart-016-354262,Mobile,+855016354262
Smart-016-354263,Mobile,+855016354263
Smart-016-354264,Mobile,+855016354264
Smart-016-354265,Mobile,+855016354265
Smart-016-354266,Mobile,+855016354266
Smart-016-354267,Mobile,+855016354267
Smart-016-354268,Mobile,+855016354268
Smart-016-354269,Mobile,+855016354269
Smart-016-354270,Mobile,+855016354270
Smart-016-354271,Mobile,+855016354271
Smart-016-354272,Mobile,+855016354272
Smart-016-354273,Mobile,+855016354273
Smart-016-354274,Mobile,+855016354274
Smart-016-354275,Mobile,+855016354275
Smart-016-354276,Mobile,+855016354276
Smart-016-354277,Mobile,+855016354277
Smart-016-354278,Mobile,+855016354278
Smart-016-354279,Mobile,+855016354279
Smart-016-354280,Mobile,+855016354280
Smart-016-354281,Mobile,+855016354281
Smart-016-354282,Mobile,+855016354282
Smart-016-354283,Mobile,+855016354283
Smart-016-354284,Mobile,+855016354284
Smart-016-354285,Mobile,+855016354285
Smart-016-354286,Mobile,+855016354286
Smart-016-354287,Mobile,+855016354287
Smart-016-354288,Mobile,+855016354288
Smart-016-354289,Mobile,+855016354289
Smart-016-354290,Mobile,+855016354290
Smart-016-354291,Mobile,+855016354291
Smart-016-354292,Mobile,+855016354292
Smart-016-354293,Mobile,+855016354293
Smart-016-354294,Mobile,+855016354294
Smart-016-354295,Mobile,+855016354295
Smart-016-354296,Mobile,+855016354296
Smart-016-354297,Mobile,+855016354297
Smart-016-354298,Mobile,+855016354298
Smart-016-354299,Mobile,+855016354299
Smart-016-354300,Mobile,+855016354300
Smart-016-354301,Mobile,+855016354301
Smart-016-354302,Mobile,+855016354302
Smart-016-354303,Mobile,+855016354303
Smart-016-354304,Mobile,+855016354304
Smart-016-354305,Mobile,+855016354305
Smart-016-354306,Mobile,+855016354306
Smart-016-354307,Mobile,+855016354307
Smart-016-354308,Mobile,+855016354308
Smart-016-354309,Mobile,+855016354309
Smart-016-354310,Mobile,+855016354310
Smart-016-354311,Mobile,+855016354311
Smart-016-354312,Mobile,+855016354312
Smart-016-354313,Mobile,+855016354313
Smart-016-354314,Mobile,+855016354314
Smart-016-354315,Mobile,+855016354315
Smart-016-354316,Mobile,+855016354316
Smart-016-354317,Mobile,+855016354317
Smart-016-354318,Mobile,+855016354318
Smart-016-354319,Mobile,+855016354319
Smart-016-354320,Mobile,+855016354320
Smart-016-354321,Mobile,+855016354321
Smart-016-354322,Mobile,+855016354322
Smart-016-354323,Mobile,+855016354323
Smart-016-354324,Mobile,+855016354324
Smart-016-354325,Mobile,+855016354325
Smart-016-354326,Mobile,+855016354326
Smart-016-354327,Mobile,+855016354327
Smart-016-354328,Mobile,+855016354328
Smart-016-354329,Mobile,+855016354329
Smart-016-354330,Mobile,+855016354330
Smart-016-354331,Mobile,+855016354331
Smart-016-354332,Mobile,+855016354332
Smart-016-354333,Mobile,+855016354333
Smart-016-354334,Mobile,+855016354334
Smart-016-354335,Mobile,+855016354335
Smart-016-354336,Mobile,+855016354336
Smart-016-354337,Mobile,+855016354337
Smart-016-354338,Mobile,+855016354338
Smart-016-354339,Mobile,+855016354339
Smart-016-354340,Mobile,+855016354340
Smart-016-354341,Mobile,+855016354341
Smart-016-354342,Mobile,+855016354342
Smart-016-354343,Mobile,+855016354343
Smart-016-354344,Mobile,+855016354344
Smart-016-354345,Mobile,+855016354345
Smart-016-354346,Mobile,+855016354346
Smart-016-354347,Mobile,+855016354347
Smart-016-354348,Mobile,+855016354348
Smart-016-354349,Mobile,+855016354349
Smart-016-354350,Mobile,+855016354350
Smart-016-354351,Mobile,+855016354351
Smart-016-354352,Mobile,+855016354352
Smart-016-354353,Mobile,+855016354353
Smart-016-354354,Mobile,+855016354354
Smart-016-354355,Mobile,+855016354355
Smart-016-354356,Mobile,+855016354356
Smart-016-354357,Mobile,+855016354357
Smart-016-354358,Mobile,+855016354358
Smart-016-354359,Mobile,+855016354359
Smart-016-354360,Mobile,+855016354360
Smart-016-354361,Mobile,+855016354361
Smart-016-354362,Mobile,+855016354362
Smart-016-354363,Mobile,+855016354363
Smart-016-354364,Mobile,+855016354364
Smart-016-354365,Mobile,+855016354365
Smart-016-354366,Mobile,+855016354366
Smart-016-354367,Mobile,+855016354367
Smart-016-354368,Mobile,+855016354368
Smart-016-354369,Mobile,+855016354369
Smart-016-354370,Mobile,+855016354370
Smart-016-354371,Mobile,+855016354371
Smart-016-354372,Mobile,+855016354372
Smart-016-354373,Mobile,+855016354373
Smart-016-354374,Mobile,+855016354374
Smart-016-354375,Mobile,+855016354375
Smart-016-354376,Mobile,+855016354376
Smart-016-354377,Mobile,+855016354377
Smart-016-354378,Mobile,+855016354378
Smart-016-354379,Mobile,+855016354379
Smart-016-354380,Mobile,+855016354380
Smart-016-354381,Mobile,+855016354381
Smart-016-354382,Mobile,+855016354382
Smart-016-354383,Mobile,+855016354383
Smart-016-354384,Mobile,+855016354384
Smart-016-354385,Mobile,+855016354385
Smart-016-354386,Mobile,+855016354386
Smart-016-354387,Mobile,+855016354387
Smart-016-354388,Mobile,+855016354388
Smart-016-354389,Mobile,+855016354389
Smart-016-354390,Mobile,+855016354390
Smart-016-354391,Mobile,+855016354391
Smart-016-354392,Mobile,+855016354392
Smart-016-354393,Mobile,+855016354393
Smart-016-354394,Mobile,+855016354394
Smart-016-354395,Mobile,+855016354395
Smart-016-354396,Mobile,+855016354396
Smart-016-354397,Mobile,+855016354397
Smart-016-354398,Mobile,+855016354398
Smart-016-354399,Mobile,+855016354399
Smart-016-354400,Mobile,+855016354400
Smart-016-354401,Mobile,+855016354401
Smart-016-354402,Mobile,+855016354402
Smart-016-354403,Mobile,+855016354403
Smart-016-354404,Mobile,+855016354404
Smart-016-354405,Mobile,+855016354405
Smart-016-354406,Mobile,+855016354406
Smart-016-354407,Mobile,+855016354407
Smart-016-354408,Mobile,+855016354408
Smart-016-354409,Mobile,+855016354409
Smart-016-354410,Mobile,+855016354410
Smart-016-354411,Mobile,+855016354411
Smart-016-354412,Mobile,+855016354412
Smart-016-354413,Mobile,+855016354413
Smart-016-354414,Mobile,+855016354414
Smart-016-354415,Mobile,+855016354415
Smart-016-354416,Mobile,+855016354416
Smart-016-354417,Mobile,+855016354417
Smart-016-354418,Mobile,+855016354418
Smart-016-354419,Mobile,+855016354419
Smart-016-354420,Mobile,+855016354420
Smart-016-354421,Mobile,+855016354421
Smart-016-354422,Mobile,+855016354422
Smart-016-354423,Mobile,+855016354423
Smart-016-354424,Mobile,+855016354424
Smart-016-354425,Mobile,+855016354425
Smart-016-354426,Mobile,+855016354426
Smart-016-354427,Mobile,+855016354427
Smart-016-354428,Mobile,+855016354428
Smart-016-354429,Mobile,+855016354429
Smart-016-354430,Mobile,+855016354430
Smart-016-354431,Mobile,+855016354431
Smart-016-354432,Mobile,+855016354432
Smart-016-354433,Mobile,+855016354433
Smart-016-354434,Mobile,+855016354434
Smart-016-354435,Mobile,+855016354435
Smart-016-354436,Mobile,+855016354436
Smart-016-354437,Mobile,+855016354437
Smart-016-354438,Mobile,+855016354438
Smart-016-354439,Mobile,+855016354439
Smart-016-354440,Mobile,+855016354440
Smart-016-354441,Mobile,+855016354441
Smart-016-354442,Mobile,+855016354442
Smart-016-354443,Mobile,+855016354443
Smart-016-354444,Mobile,+855016354444
Smart-016-354445,Mobile,+855016354445
Smart-016-354446,Mobile,+855016354446
Smart-016-354447,Mobile,+855016354447
Smart-016-354448,Mobile,+855016354448
Smart-016-354449,Mobile,+855016354449
Smart-016-354450,Mobile,+855016354450
Smart-016-354451,Mobile,+855016354451
Smart-016-354452,Mobile,+855016354452
Smart-016-354453,Mobile,+855016354453
Smart-016-354454,Mobile,+855016354454
Smart-016-354455,Mobile,+855016354455
Smart-016-354456,Mobile,+855016354456
Smart-016-354457,Mobile,+855016354457
Smart-016-354458,Mobile,+855016354458
Smart-016-354459,Mobile,+855016354459
Smart-016-354460,Mobile,+855016354460
Smart-016-354461,Mobile,+855016354461
Smart-016-354462,Mobile,+855016354462
Smart-016-354463,Mobile,+855016354463
Smart-016-354464,Mobile,+855016354464
Smart-016-354465,Mobile,+855016354465
Smart-016-354466,Mobile,+855016354466
Smart-016-354467,Mobile,+855016354467
Smart-016-354468,Mobile,+855016354468
Smart-016-354469,Mobile,+855016354469
Smart-016-354470,Mobile,+855016354470
Smart-016-354471,Mobile,+855016354471
Smart-016-354472,Mobile,+855016354472
Smart-016-354473,Mobile,+855016354473
Smart-016-354474,Mobile,+855016354474
Smart-016-354475,Mobile,+855016354475
Smart-016-354476,Mobile,+855016354476
Smart-016-354477,Mobile,+855016354477
Smart-016-354478,Mobile,+855016354478
Smart-016-354479,Mobile,+855016354479
Smart-016-354480,Mobile,+855016354480
Smart-016-354481,Mobile,+855016354481
Smart-016-354482,Mobile,+855016354482
Smart-016-354483,Mobile,+855016354483
Smart-016-354484,Mobile,+855016354484
Smart-016-354485,Mobile,+855016354485
Smart-016-354486,Mobile,+855016354486
Smart-016-354487,Mobile,+855016354487
Smart-016-354488,Mobile,+855016354488
Smart-016-354489,Mobile,+855016354489
Smart-016-354490,Mobile,+855016354490
Smart-016-354491,Mobile,+855016354491
Smart-016-354492,Mobile,+855016354492
Smart-016-354493,Mobile,+855016354493
Smart-016-354494,Mobile,+855016354494
Smart-016-354495,Mobile,+855016354495
Smart-016-354496,Mobile,+855016354496
Smart-016-354497,Mobile,+855016354497
Smart-016-354498,Mobile,+855016354498
Smart-016-354499,Mobile,+855016354499
Smart-016-354500,Mobile,+855016354500
Smart-016-354501,Mobile,+855016354501
Smart-016-354502,Mobile,+855016354502
Smart-016-354503,Mobile,+855016354503
Smart-016-354504,Mobile,+855016354504
Smart-016-354505,Mobile,+855016354505
Smart-016-354506,Mobile,+855016354506
Smart-016-354507,Mobile,+855016354507
Smart-016-354508,Mobile,+855016354508
Smart-016-354509,Mobile,+855016354509
Smart-016-354510,Mobile,+855016354510
Smart-016-354511,Mobile,+855016354511
Smart-016-354512,Mobile,+855016354512
Smart-016-354513,Mobile,+855016354513
Smart-016-354514,Mobile,+855016354514
Smart-016-354515,Mobile,+855016354515
Smart-016-354516,Mobile,+855016354516
Smart-016-354517,Mobile,+855016354517
Smart-016-354518,Mobile,+855016354518
Smart-016-354519,Mobile,+855016354519
Smart-016-354520,Mobile,+855016354520
Smart-016-354521,Mobile,+855016354521
Smart-016-354522,Mobile,+855016354522
Smart-016-354523,Mobile,+855016354523
Smart-016-354524,Mobile,+855016354524
Smart-016-354525,Mobile,+855016354525
Smart-016-354526,Mobile,+855016354526
Smart-016-354527,Mobile,+855016354527
Smart-016-354528,Mobile,+855016354528
Smart-016-354529,Mobile,+855016354529
Smart-016-354530,Mobile,+855016354530
Smart-016-354531,Mobile,+855016354531
Smart-016-354532,Mobile,+855016354532
Smart-016-354533,Mobile,+855016354533
Smart-016-354534,Mobile,+855016354534
Smart-016-354535,Mobile,+855016354535
Smart-016-354536,Mobile,+855016354536
Smart-016-354537,Mobile,+855016354537
Smart-016-354538,Mobile,+855016354538
Smart-016-354539,Mobile,+855016354539
Smart-016-354540,Mobile,+855016354540
Smart-016-354541,Mobile,+855016354541
Smart-016-354542,Mobile,+855016354542
Smart-016-354543,Mobile,+855016354543
Smart-016-354544,Mobile,+855016354544
Smart-016-354545,Mobile,+855016354545
Smart-016-354546,Mobile,+855016354546
Smart-016-354547,Mobile,+855016354547
Smart-016-354548,Mobile,+855016354548
Smart-016-354549,Mobile,+855016354549
Smart-016-354550,Mobile,+855016354550
Smart-016-354551,Mobile,+855016354551
Smart-016-354552,Mobile,+855016354552
Smart-016-354553,Mobile,+855016354553
Smart-016-354554,Mobile,+855016354554
Smart-016-354555,Mobile,+855016354555
Smart-016-354556,Mobile,+855016354556
Smart-016-354557,Mobile,+855016354557
Smart-016-354558,Mobile,+855016354558
Smart-016-354559,Mobile,+855016354559
Smart-016-354560,Mobile,+855016354560
Smart-016-354561,Mobile,+855016354561
Smart-016-354562,Mobile,+855016354562
Smart-016-354563,Mobile,+855016354563
Smart-016-354564,Mobile,+855016354564
Smart-016-354565,Mobile,+855016354565
Smart-016-354566,Mobile,+855016354566
Smart-016-354567,Mobile,+855016354567
Smart-016-354568,Mobile,+855016354568
Smart-016-354569,Mobile,+855016354569
Smart-016-354570,Mobile,+855016354570
Smart-016-354571,Mobile,+855016354571
Smart-016-354572,Mobile,+855016354572
Smart-016-354573,Mobile,+855016354573
Smart-016-354574,Mobile,+855016354574
Smart-016-354575,Mobile,+855016354575
Smart-016-354576,Mobile,+855016354576
Smart-016-354577,Mobile,+855016354577
Smart-016-354578,Mobile,+855016354578
Smart-016-354579,Mobile,+855016354579
Smart-016-354580,Mobile,+855016354580
Smart-016-354581,Mobile,+855016354581
Smart-016-354582,Mobile,+855016354582
Smart-016-354583,Mobile,+855016354583
Smart-016-354584,Mobile,+855016354584
Smart-016-354585,Mobile,+855016354585
Smart-016-354586,Mobile,+855016354586
Smart-016-354587,Mobile,+855016354587
Smart-016-354588,Mobile,+855016354588
Smart-016-354589,Mobile,+855016354589
Smart-016-354590,Mobile,+855016354590
Smart-016-354591,Mobile,+855016354591
Smart-016-354592,Mobile,+855016354592
Smart-016-354593,Mobile,+855016354593
Smart-016-354594,Mobile,+855016354594
Smart-016-354595,Mobile,+855016354595
Smart-016-354596,Mobile,+855016354596
Smart-016-354597,Mobile,+855016354597
Smart-016-354598,Mobile,+855016354598
Smart-016-354599,Mobile,+855016354599
Smart-016-354600,Mobile,+855016354600
Smart-016-354601,Mobile,+855016354601
Smart-016-354602,Mobile,+855016354602
Smart-016-354603,Mobile,+855016354603
Smart-016-354604,Mobile,+855016354604
Smart-016-354605,Mobile,+855016354605
Smart-016-354606,Mobile,+855016354606
Smart-016-354607,Mobile,+855016354607
Smart-016-354608,Mobile,+855016354608
Smart-016-354609,Mobile,+855016354609
Smart-016-354610,Mobile,+855016354610
Smart-016-354611,Mobile,+855016354611
Smart-016-354612,Mobile,+855016354612
Smart-016-354613,Mobile,+855016354613
Smart-016-354614,Mobile,+855016354614
Smart-016-354615,Mobile,+855016354615
Smart-016-354616,Mobile,+855016354616
Smart-016-354617,Mobile,+855016354617
Smart-016-354618,Mobile,+855016354618
Smart-016-354619,Mobile,+855016354619
Smart-016-354620,Mobile,+855016354620
Smart-016-354621,Mobile,+855016354621
Smart-016-354622,Mobile,+855016354622
Smart-016-354623,Mobile,+855016354623
Smart-016-354624,Mobile,+855016354624
Smart-016-354625,Mobile,+855016354625
Smart-016-354626,Mobile,+855016354626
Smart-016-354627,Mobile,+855016354627
Smart-016-354628,Mobile,+855016354628
Smart-016-354629,Mobile,+855016354629
Smart-016-354630,Mobile,+855016354630
Smart-016-354631,Mobile,+855016354631
Smart-016-354632,Mobile,+855016354632
Smart-016-354633,Mobile,+855016354633
Smart-016-354634,Mobile,+855016354634
Smart-016-354635,Mobile,+855016354635
Smart-016-354636,Mobile,+855016354636
Smart-016-354637,Mobile,+855016354637
Smart-016-354638,Mobile,+855016354638
Smart-016-354639,Mobile,+855016354639
Smart-016-354640,Mobile,+855016354640
Smart-016-354641,Mobile,+855016354641
Smart-016-354642,Mobile,+855016354642
Smart-016-354643,Mobile,+855016354643
Smart-016-354644,Mobile,+855016354644
Smart-016-354645,Mobile,+855016354645
Smart-016-354646,Mobile,+855016354646
Smart-016-354647,Mobile,+855016354647
Smart-016-354648,Mobile,+855016354648
Smart-016-354649,Mobile,+855016354649
Smart-016-354650,Mobile,+855016354650
Smart-016-354651,Mobile,+855016354651
Smart-016-354652,Mobile,+855016354652
Smart-016-354653,Mobile,+855016354653
Smart-016-354654,Mobile,+855016354654
Smart-016-354655,Mobile,+855016354655
Smart-016-354656,Mobile,+855016354656
Smart-016-354657,Mobile,+855016354657
Smart-016-354658,Mobile,+855016354658
Smart-016-354659,Mobile,+855016354659
Smart-016-354660,Mobile,+855016354660
Smart-016-354661,Mobile,+855016354661
Smart-016-354662,Mobile,+855016354662
Smart-016-354663,Mobile,+855016354663
Smart-016-354664,Mobile,+855016354664
Smart-016-354665,Mobile,+855016354665
Smart-016-354666,Mobile,+855016354666
Smart-016-354667,Mobile,+855016354667
Smart-016-354668,Mobile,+855016354668
Smart-016-354669,Mobile,+855016354669
Smart-016-354670,Mobile,+855016354670
Smart-016-354671,Mobile,+855016354671
Smart-016-354672,Mobile,+855016354672
Smart-016-354673,Mobile,+855016354673
Smart-016-354674,Mobile,+855016354674
Smart-016-354675,Mobile,+855016354675
Smart-016-354676,Mobile,+855016354676
Smart-016-354677,Mobile,+855016354677
Smart-016-354678,Mobile,+855016354678
Smart-016-354679,Mobile,+855016354679
Smart-016-354680,Mobile,+855016354680
Smart-016-354681,Mobile,+855016354681
Smart-016-354682,Mobile,+855016354682
Smart-016-354683,Mobile,+855016354683
Smart-016-354684,Mobile,+855016354684
Smart-016-354685,Mobile,+855016354685
Smart-016-354686,Mobile,+855016354686
Smart-016-354687,Mobile,+855016354687
Smart-016-354688,Mobile,+855016354688
Smart-016-354689,Mobile,+855016354689
Smart-016-354690,Mobile,+855016354690
Smart-016-354691,Mobile,+855016354691
Smart-016-354692,Mobile,+855016354692
Smart-016-354693,Mobile,+855016354693
Smart-016-354694,Mobile,+855016354694
Smart-016-354695,Mobile,+855016354695
Smart-016-354696,Mobile,+855016354696
Smart-016-354697,Mobile,+855016354697
Smart-016-354698,Mobile,+855016354698
Smart-016-354699,Mobile,+855016354699
Smart-016-354700,Mobile,+855016354700
Smart-016-354701,Mobile,+855016354701
Smart-016-354702,Mobile,+855016354702
Smart-016-354703,Mobile,+855016354703
Smart-016-354704,Mobile,+855016354704
Smart-016-354705,Mobile,+855016354705
Smart-016-354706,Mobile,+855016354706
Smart-016-354707,Mobile,+855016354707
Smart-016-354708,Mobile,+855016354708
Smart-016-354709,Mobile,+855016354709
Smart-016-354710,Mobile,+855016354710
Smart-016-354711,Mobile,+855016354711
Smart-016-354712,Mobile,+855016354712
Smart-016-354713,Mobile,+855016354713
Smart-016-354714,Mobile,+855016354714
Smart-016-354715,Mobile,+855016354715
Smart-016-354716,Mobile,+855016354716
Smart-016-354717,Mobile,+855016354717
Smart-016-354718,Mobile,+855016354718
Smart-016-354719,Mobile,+855016354719
Smart-016-354720,Mobile,+855016354720
Smart-016-354721,Mobile,+855016354721
Smart-016-354722,Mobile,+855016354722
Smart-016-354723,Mobile,+855016354723
Smart-016-354724,Mobile,+855016354724
Smart-016-354725,Mobile,+855016354725
Smart-016-354726,Mobile,+855016354726
Smart-016-354727,Mobile,+855016354727
Smart-016-354728,Mobile,+855016354728
Smart-016-354729,Mobile,+855016354729
Smart-016-354730,Mobile,+855016354730
Smart-016-354731,Mobile,+855016354731
Smart-016-354732,Mobile,+855016354732
Smart-016-354733,Mobile,+855016354733
Smart-016-354734,Mobile,+855016354734
Smart-016-354735,Mobile,+855016354735
Smart-016-354736,Mobile,+855016354736
Smart-016-354737,Mobile,+855016354737
Smart-016-354738,Mobile,+855016354738
Smart-016-354739,Mobile,+855016354739
Smart-016-354740,Mobile,+855016354740
Smart-016-354741,Mobile,+855016354741
Smart-016-354742,Mobile,+855016354742
Smart-016-354743,Mobile,+855016354743
Smart-016-354744,Mobile,+855016354744
Smart-016-354745,Mobile,+855016354745
Smart-016-354746,Mobile,+855016354746
Smart-016-354747,Mobile,+855016354747
Smart-016-354748,Mobile,+855016354748
Smart-016-354749,Mobile,+855016354749
Smart-016-354750,Mobile,+855016354750
Smart-016-354751,Mobile,+855016354751
Smart-016-354752,Mobile,+855016354752
Smart-016-354753,Mobile,+855016354753
Smart-016-354754,Mobile,+855016354754
Smart-016-354755,Mobile,+855016354755
Smart-016-354756,Mobile,+855016354756
Smart-016-354757,Mobile,+855016354757
Smart-016-354758,Mobile,+855016354758
Smart-016-354759,Mobile,+855016354759
Smart-016-354760,Mobile,+855016354760
Smart-016-354761,Mobile,+855016354761
Smart-016-354762,Mobile,+855016354762
Smart-016-354763,Mobile,+855016354763
Smart-016-354764,Mobile,+855016354764
Smart-016-354765,Mobile,+855016354765
Smart-016-354766,Mobile,+855016354766
Smart-016-354767,Mobile,+855016354767
Smart-016-354768,Mobile,+855016354768
Smart-016-354769,Mobile,+855016354769
Smart-016-354770,Mobile,+855016354770
Smart-016-354771,Mobile,+855016354771
Smart-016-354772,Mobile,+855016354772
Smart-016-354773,Mobile,+855016354773
Smart-016-354774,Mobile,+855016354774
Smart-016-354775,Mobile,+855016354775
Smart-016-354776,Mobile,+855016354776
Smart-016-354777,Mobile,+855016354777
Smart-016-354778,Mobile,+855016354778
Smart-016-354779,Mobile,+855016354779
Smart-016-354780,Mobile,+855016354780
Smart-016-354781,Mobile,+855016354781
Smart-016-354782,Mobile,+855016354782
Smart-016-354783,Mobile,+855016354783
Smart-016-354784,Mobile,+855016354784
Smart-016-354785,Mobile,+855016354785
Smart-016-354786,Mobile,+855016354786
Smart-016-354787,Mobile,+855016354787
Smart-016-354788,Mobile,+855016354788
Smart-016-354789,Mobile,+855016354789
Smart-016-354790,Mobile,+855016354790
Smart-016-354791,Mobile,+855016354791
Smart-016-354792,Mobile,+855016354792
Smart-016-354793,Mobile,+855016354793
Smart-016-354794,Mobile,+855016354794
Smart-016-354795,Mobile,+855016354795
Smart-016-354796,Mobile,+855016354796
Smart-016-354797,Mobile,+855016354797
Smart-016-354798,Mobile,+855016354798
Smart-016-354799,Mobile,+855016354799
Smart-016-354800,Mobile,+855016354800
Smart-016-354801,Mobile,+855016354801
Smart-016-354802,Mobile,+855016354802
Smart-016-354803,Mobile,+855016354803
Smart-016-354804,Mobile,+855016354804
Smart-016-354805,Mobile,+855016354805
Smart-016-354806,Mobile,+855016354806
Smart-016-354807,Mobile,+855016354807
Smart-016-354808,Mobile,+855016354808
Smart-016-354809,Mobile,+855016354809
Smart-016-354810,Mobile,+855016354810
Smart-016-354811,Mobile,+855016354811
Smart-016-354812,Mobile,+855016354812
Smart-016-354813,Mobile,+855016354813
Smart-016-354814,Mobile,+855016354814
Smart-016-354815,Mobile,+855016354815
Smart-016-354816,Mobile,+855016354816
Smart-016-354817,Mobile,+855016354817
Smart-016-354818,Mobile,+855016354818
Smart-016-354819,Mobile,+855016354819
Smart-016-354820,Mobile,+855016354820
Smart-016-354821,Mobile,+855016354821
Smart-016-354822,Mobile,+855016354822
Smart-016-354823,Mobile,+855016354823
Smart-016-354824,Mobile,+855016354824
Smart-016-354825,Mobile,+855016354825
Smart-016-354826,Mobile,+855016354826
Smart-016-354827,Mobile,+855016354827
Smart-016-354828,Mobile,+855016354828
Smart-016-354829,Mobile,+855016354829
Smart-016-354830,Mobile,+855016354830
Smart-016-354831,Mobile,+855016354831
Smart-016-354832,Mobile,+855016354832
Smart-016-354833,Mobile,+855016354833
Smart-016-354834,Mobile,+855016354834
Smart-016-354835,Mobile,+855016354835
Smart-016-354836,Mobile,+855016354836
Smart-016-354837,Mobile,+855016354837
Smart-016-354838,Mobile,+855016354838
Smart-016-354839,Mobile,+855016354839
Smart-016-354840,Mobile,+855016354840
Smart-016-354841,Mobile,+855016354841
Smart-016-354842,Mobile,+855016354842
Smart-016-354843,Mobile,+855016354843
Smart-016-354844,Mobile,+855016354844
Smart-016-354845,Mobile,+855016354845
Smart-016-354846,Mobile,+855016354846
Smart-016-354847,Mobile,+855016354847
Smart-016-354848,Mobile,+855016354848
Smart-016-354849,Mobile,+855016354849
Smart-016-354850,Mobile,+855016354850
Smart-016-354851,Mobile,+855016354851
Smart-016-354852,Mobile,+855016354852
Smart-016-354853,Mobile,+855016354853
Smart-016-354854,Mobile,+855016354854
Smart-016-354855,Mobile,+855016354855
Smart-016-354856,Mobile,+855016354856
Smart-016-354857,Mobile,+855016354857
Smart-016-354858,Mobile,+855016354858
Smart-016-354859,Mobile,+855016354859
Smart-016-354860,Mobile,+855016354860
Smart-016-354861,Mobile,+855016354861
Smart-016-354862,Mobile,+855016354862
Smart-016-354863,Mobile,+855016354863
Smart-016-354864,Mobile,+855016354864
Smart-016-354865,Mobile,+855016354865
Smart-016-354866,Mobile,+855016354866
Smart-016-354867,Mobile,+855016354867
Smart-016-354868,Mobile,+855016354868
Smart-016-354869,Mobile,+855016354869
Smart-016-354870,Mobile,+855016354870
Smart-016-354871,Mobile,+855016354871
Smart-016-354872,Mobile,+855016354872
Smart-016-354873,Mobile,+855016354873
Smart-016-354874,Mobile,+855016354874
Smart-016-354875,Mobile,+855016354875
Smart-016-354876,Mobile,+855016354876
Smart-016-354877,Mobile,+855016354877
Smart-016-354878,Mobile,+855016354878
Smart-016-354879,Mobile,+855016354879
Smart-016-354880,Mobile,+855016354880
Smart-016-354881,Mobile,+855016354881
Smart-016-354882,Mobile,+855016354882
Smart-016-354883,Mobile,+855016354883
Smart-016-354884,Mobile,+855016354884
Smart-016-354885,Mobile,+855016354885
Smart-016-354886,Mobile,+855016354886
Smart-016-354887,Mobile,+855016354887
Smart-016-354888,Mobile,+855016354888
Smart-016-354889,Mobile,+855016354889
Smart-016-354890,Mobile,+855016354890
Smart-016-354891,Mobile,+855016354891
Smart-016-354892,Mobile,+855016354892
Smart-016-354893,Mobile,+855016354893
Smart-016-354894,Mobile,+855016354894
Smart-016-354895,Mobile,+855016354895
Smart-016-354896,Mobile,+855016354896
Smart-016-354897,Mobile,+855016354897
Smart-016-354898,Mobile,+855016354898
Smart-016-354899,Mobile,+855016354899
Smart-016-354900,Mobile,+855016354900
Smart-016-354901,Mobile,+855016354901
Smart-016-354902,Mobile,+855016354902
Smart-016-354903,Mobile,+855016354903
Smart-016-354904,Mobile,+855016354904
Smart-016-354905,Mobile,+855016354905
Smart-016-354906,Mobile,+855016354906
Smart-016-354907,Mobile,+855016354907
Smart-016-354908,Mobile,+855016354908
Smart-016-354909,Mobile,+855016354909
Smart-016-354910,Mobile,+855016354910
Smart-016-354911,Mobile,+855016354911
Smart-016-354912,Mobile,+855016354912
Smart-016-354913,Mobile,+855016354913
Smart-016-354914,Mobile,+855016354914
Smart-016-354915,Mobile,+855016354915
Smart-016-354916,Mobile,+855016354916
Smart-016-354917,Mobile,+855016354917
Smart-016-354918,Mobile,+855016354918
Smart-016-354919,Mobile,+855016354919
Smart-016-354920,Mobile,+855016354920
Smart-016-354921,Mobile,+855016354921
Smart-016-354922,Mobile,+855016354922
Smart-016-354923,Mobile,+855016354923
Smart-016-354924,Mobile,+855016354924
Smart-016-354925,Mobile,+855016354925
Smart-016-354926,Mobile,+855016354926
Smart-016-354927,Mobile,+855016354927
Smart-016-354928,Mobile,+855016354928
Smart-016-354929,Mobile,+855016354929
Smart-016-354930,Mobile,+855016354930
Smart-016-354931,Mobile,+855016354931
Smart-016-354932,Mobile,+855016354932
Smart-016-354933,Mobile,+855016354933
Smart-016-354934,Mobile,+855016354934
Smart-016-354935,Mobile,+855016354935
Smart-016-354936,Mobile,+855016354936
Smart-016-354937,Mobile,+855016354937
Smart-016-354938,Mobile,+855016354938
Smart-016-354939,Mobile,+855016354939
Smart-016-354940,Mobile,+855016354940
Smart-016-354941,Mobile,+855016354941
Smart-016-354942,Mobile,+855016354942
Smart-016-354943,Mobile,+855016354943
Smart-016-354944,Mobile,+855016354944
Smart-016-354945,Mobile,+855016354945
Smart-016-354946,Mobile,+855016354946
Smart-016-354947,Mobile,+855016354947
Smart-016-354948,Mobile,+855016354948
Smart-016-354949,Mobile,+855016354949
Smart-016-354950,Mobile,+855016354950
Smart-016-354951,Mobile,+855016354951
Smart-016-354952,Mobile,+855016354952
Smart-016-354953,Mobile,+855016354953
Smart-016-354954,Mobile,+855016354954
Smart-016-354955,Mobile,+855016354955
Smart-016-354956,Mobile,+855016354956
Smart-016-354957,Mobile,+855016354957
Smart-016-354958,Mobile,+855016354958
Smart-016-354959,Mobile,+855016354959
Smart-016-354960,Mobile,+855016354960
Smart-016-354961,Mobile,+855016354961
Smart-016-354962,Mobile,+855016354962
Smart-016-354963,Mobile,+855016354963
Smart-016-354964,Mobile,+855016354964
Smart-016-354965,Mobile,+855016354965
Smart-016-354966,Mobile,+855016354966
Smart-016-354967,Mobile,+855016354967
Smart-016-354968,Mobile,+855016354968
Smart-016-354969,Mobile,+855016354969
Smart-016-354970,Mobile,+855016354970
Smart-016-354971,Mobile,+855016354971
Smart-016-354972,Mobile,+855016354972
Smart-016-354973,Mobile,+855016354973
Smart-016-354974,Mobile,+855016354974
Smart-016-354975,Mobile,+855016354975
Smart-016-354976,Mobile,+855016354976
Smart-016-354977,Mobile,+855016354977
Smart-016-354978,Mobile,+855016354978
Smart-016-354979,Mobile,+855016354979
Smart-016-354980,Mobile,+855016354980
Smart-016-354981,Mobile,+855016354981
Smart-016-354982,Mobile,+855016354982
Smart-016-354983,Mobile,+855016354983
Smart-016-354984,Mobile,+855016354984
Smart-016-354985,Mobile,+855016354985
Smart-016-354986,Mobile,+855016354986
Smart-016-354987,Mobile,+855016354987
Smart-016-354988,Mobile,+855016354988
Smart-016-354989,Mobile,+855016354989
Smart-016-354990,Mobile,+855016354990
Smart-016-354991,Mobile,+855016354991
Smart-016-354992,Mobile,+855016354992
Smart-016-354993,Mobile,+855016354993
Smart-016-354994,Mobile,+855016354994
Smart-016-354995,Mobile,+855016354995
Smart-016-354996,Mobile,+855016354996
Smart-016-354997,Mobile,+855016354997
Smart-016-354998,Mobile,+855016354998
Smart-016-354999,Mobile,+855016354999
Smart-016-355000,Mobile,+855016355000
Smart-016-355001,Mobile,+855016355001
Smart-016-355002,Mobile,+855016355002
Smart-016-355003,Mobile,+855016355003
Smart-016-355004,Mobile,+855016355004
Smart-016-355005,Mobile,+855016355005
Smart-016-355006,Mobile,+855016355006
Smart-016-355007,Mobile,+855016355007
Smart-016-355008,Mobile,+855016355008
Smart-016-355009,Mobile,+855016355009
Smart-016-355010,Mobile,+855016355010
Smart-016-355011,Mobile,+855016355011
Smart-016-355012,Mobile,+855016355012
Smart-016-355013,Mobile,+855016355013
Smart-016-355014,Mobile,+855016355014
Smart-016-355015,Mobile,+855016355015
Smart-016-355016,Mobile,+855016355016
Smart-016-355017,Mobile,+855016355017
Smart-016-355018,Mobile,+855016355018
Smart-016-355019,Mobile,+855016355019
Smart-016-355020,Mobile,+855016355020
Smart-016-355021,Mobile,+855016355021
Smart-016-355022,Mobile,+855016355022
Smart-016-355023,Mobile,+855016355023
Smart-016-355024,Mobile,+855016355024
Smart-016-355025,Mobile,+855016355025
Smart-016-355026,Mobile,+855016355026
Smart-016-355027,Mobile,+855016355027
Smart-016-355028,Mobile,+855016355028
Smart-016-355029,Mobile,+855016355029
Smart-016-355030,Mobile,+855016355030
Smart-016-355031,Mobile,+855016355031
Smart-016-355032,Mobile,+855016355032
Smart-016-355033,Mobile,+855016355033
Smart-016-355034,Mobile,+855016355034
Smart-016-355035,Mobile,+855016355035
Smart-016-355036,Mobile,+855016355036
Smart-016-355037,Mobile,+855016355037
Smart-016-355038,Mobile,+855016355038
Smart-016-355039,Mobile,+855016355039
Smart-016-355040,Mobile,+855016355040
Smart-016-355041,Mobile,+855016355041
Smart-016-355042,Mobile,+855016355042
Smart-016-355043,Mobile,+855016355043
Smart-016-355044,Mobile,+855016355044
Smart-016-355045,Mobile,+855016355045
Smart-016-355046,Mobile,+855016355046
Smart-016-355047,Mobile,+855016355047
Smart-016-355048,Mobile,+855016355048
Smart-016-355049,Mobile,+855016355049
Smart-016-355050,Mobile,+855016355050
Smart-016-355051,Mobile,+855016355051
Smart-016-355052,Mobile,+855016355052
Smart-016-355053,Mobile,+855016355053
Smart-016-355054,Mobile,+855016355054
Smart-016-355055,Mobile,+855016355055
Smart-016-355056,Mobile,+855016355056
Smart-016-355057,Mobile,+855016355057
Smart-016-355058,Mobile,+855016355058
Smart-016-355059,Mobile,+855016355059
Smart-016-355060,Mobile,+855016355060
Smart-016-355061,Mobile,+855016355061
Smart-016-355062,Mobile,+855016355062
Smart-016-355063,Mobile,+855016355063
Smart-016-355064,Mobile,+855016355064
Smart-016-355065,Mobile,+855016355065
Smart-016-355066,Mobile,+855016355066
Smart-016-355067,Mobile,+855016355067
Smart-016-355068,Mobile,+855016355068
Smart-016-355069,Mobile,+855016355069
Smart-016-355070,Mobile,+855016355070
Smart-016-355071,Mobile,+855016355071
Smart-016-355072,Mobile,+855016355072
Smart-016-355073,Mobile,+855016355073
Smart-016-355074,Mobile,+855016355074
Smart-016-355075,Mobile,+855016355075
Smart-016-355076,Mobile,+855016355076
Smart-016-355077,Mobile,+855016355077
Smart-016-355078,Mobile,+855016355078
Smart-016-355079,Mobile,+855016355079
Smart-016-355080,Mobile,+855016355080
Smart-016-355081,Mobile,+855016355081
Smart-016-355082,Mobile,+855016355082
Smart-016-355083,Mobile,+855016355083
Smart-016-355084,Mobile,+855016355084
Smart-016-355085,Mobile,+855016355085
Smart-016-355086,Mobile,+855016355086
Smart-016-355087,Mobile,+855016355087
Smart-016-355088,Mobile,+855016355088
Smart-016-355089,Mobile,+855016355089
Smart-016-355090,Mobile,+855016355090
Smart-016-355091,Mobile,+855016355091
Smart-016-355092,Mobile,+855016355092
Smart-016-355093,Mobile,+855016355093
Smart-016-355094,Mobile,+855016355094
Smart-016-355095,Mobile,+855016355095
Smart-016-355096,Mobile,+855016355096
Smart-016-355097,Mobile,+855016355097
Smart-016-355098,Mobile,+855016355098
Smart-016-355099,Mobile,+855016355099
Smart-016-355100,Mobile,+855016355100
Smart-016-355101,Mobile,+855016355101
Smart-016-355102,Mobile,+855016355102
Smart-016-355103,Mobile,+855016355103
Smart-016-355104,Mobile,+855016355104
Smart-016-355105,Mobile,+855016355105
Smart-016-355106,Mobile,+855016355106
Smart-016-355107,Mobile,+855016355107
Smart-016-355108,Mobile,+855016355108
Smart-016-355109,Mobile,+855016355109
Smart-016-355110,Mobile,+855016355110
Smart-016-355111,Mobile,+855016355111
Smart-016-355112,Mobile,+855016355112
Smart-016-355113,Mobile,+855016355113
Smart-016-355114,Mobile,+855016355114
Smart-016-355115,Mobile,+855016355115
Smart-016-355116,Mobile,+855016355116
Smart-016-355117,Mobile,+855016355117
Smart-016-355118,Mobile,+855016355118
Smart-016-355119,Mobile,+855016355119
Smart-016-355120,Mobile,+855016355120
Smart-016-355121,Mobile,+855016355121
Smart-016-355122,Mobile,+855016355122
Smart-016-355123,Mobile,+855016355123
Smart-016-355124,Mobile,+855016355124
Smart-016-355125,Mobile,+855016355125
Smart-016-355126,Mobile,+855016355126
Smart-016-355127,Mobile,+855016355127
Smart-016-355128,Mobile,+855016355128
Smart-016-355129,Mobile,+855016355129
Smart-016-355130,Mobile,+855016355130
Smart-016-355131,Mobile,+855016355131
Smart-016-355132,Mobile,+855016355132
Smart-016-355133,Mobile,+855016355133
Smart-016-355134,Mobile,+855016355134
Smart-016-355135,Mobile,+855016355135
Smart-016-355136,Mobile,+855016355136
Smart-016-355137,Mobile,+855016355137
Smart-016-355138,Mobile,+855016355138
Smart-016-355139,Mobile,+855016355139
Smart-016-355140,Mobile,+855016355140
Smart-016-355141,Mobile,+855016355141
Smart-016-355142,Mobile,+855016355142
Smart-016-355143,Mobile,+855016355143
Smart-016-355144,Mobile,+855016355144
Smart-016-355145,Mobile,+855016355145
Smart-016-355146,Mobile,+855016355146
Smart-016-355147,Mobile,+855016355147
Smart-016-355148,Mobile,+855016355148
Smart-016-355149,Mobile,+855016355149
Smart-016-355150,Mobile,+855016355150
Smart-016-355151,Mobile,+855016355151
Smart-016-355152,Mobile,+855016355152
Smart-016-355153,Mobile,+855016355153
Smart-016-355154,Mobile,+855016355154
Smart-016-355155,Mobile,+855016355155
Smart-016-355156,Mobile,+855016355156
Smart-016-355157,Mobile,+855016355157
Smart-016-355158,Mobile,+855016355158
Smart-016-355159,Mobile,+855016355159
Smart-016-355160,Mobile,+855016355160
Smart-016-355161,Mobile,+855016355161
Smart-016-355162,Mobile,+855016355162
Smart-016-355163,Mobile,+855016355163
Smart-016-355164,Mobile,+855016355164
Smart-016-355165,Mobile,+855016355165
Smart-016-355166,Mobile,+855016355166
Smart-016-355167,Mobile,+855016355167
Smart-016-355168,Mobile,+855016355168
Smart-016-355169,Mobile,+855016355169
Smart-016-355170,Mobile,+855016355170
Smart-016-355171,Mobile,+855016355171
Smart-016-355172,Mobile,+855016355172
Smart-016-355173,Mobile,+855016355173
Smart-016-355174,Mobile,+855016355174
Smart-016-355175,Mobile,+855016355175
Smart-016-355176,Mobile,+855016355176
Smart-016-355177,Mobile,+855016355177
Smart-016-355178,Mobile,+855016355178
Smart-016-355179,Mobile,+855016355179
Smart-016-355180,Mobile,+855016355180
Smart-016-355181,Mobile,+855016355181
Smart-016-355182,Mobile,+855016355182
Smart-016-355183,Mobile,+855016355183
Smart-016-355184,Mobile,+855016355184
Smart-016-355185,Mobile,+855016355185
Smart-016-355186,Mobile,+855016355186
Smart-016-355187,Mobile,+855016355187
Smart-016-355188,Mobile,+855016355188
Smart-016-355189,Mobile,+855016355189
Smart-016-355190,Mobile,+855016355190
Smart-016-355191,Mobile,+855016355191
Smart-016-355192,Mobile,+855016355192
Smart-016-355193,Mobile,+855016355193
Smart-016-355194,Mobile,+855016355194
Smart-016-355195,Mobile,+855016355195
Smart-016-355196,Mobile,+855016355196
Smart-016-355197,Mobile,+855016355197
Smart-016-355198,Mobile,+855016355198
Smart-016-355199,Mobile,+855016355199
Smart-016-355200,Mobile,+855016355200
Smart-016-355201,Mobile,+855016355201
Smart-016-355202,Mobile,+855016355202
Smart-016-355203,Mobile,+855016355203
Smart-016-355204,Mobile,+855016355204
Smart-016-355205,Mobile,+855016355205
Smart-016-355206,Mobile,+855016355206
Smart-016-355207,Mobile,+855016355207
Smart-016-355208,Mobile,+855016355208
Smart-016-355209,Mobile,+855016355209
Smart-016-355210,Mobile,+855016355210
Smart-016-355211,Mobile,+855016355211
Smart-016-355212,Mobile,+855016355212
Smart-016-355213,Mobile,+855016355213
Smart-016-355214,Mobile,+855016355214
Smart-016-355215,Mobile,+855016355215
Smart-016-355216,Mobile,+855016355216
Smart-016-355217,Mobile,+855016355217
Smart-016-355218,Mobile,+855016355218
Smart-016-355219,Mobile,+855016355219
Smart-016-355220,Mobile,+855016355220
Smart-016-355221,Mobile,+855016355221
Smart-016-355222,Mobile,+855016355222
Smart-016-355223,Mobile,+855016355223
Smart-016-355224,Mobile,+855016355224
Smart-016-355225,Mobile,+855016355225
Smart-016-355226,Mobile,+855016355226
Smart-016-355227,Mobile,+855016355227
Smart-016-355228,Mobile,+855016355228
Smart-016-355229,Mobile,+855016355229
Smart-016-355230,Mobile,+855016355230
Smart-016-355231,Mobile,+855016355231
Smart-016-355232,Mobile,+855016355232
Smart-016-355233,Mobile,+855016355233
Smart-016-355234,Mobile,+855016355234
Smart-016-355235,Mobile,+855016355235
Smart-016-355236,Mobile,+855016355236
Smart-016-355237,Mobile,+855016355237
Smart-016-355238,Mobile,+855016355238
Smart-016-355239,Mobile,+855016355239
Smart-016-355240,Mobile,+855016355240
Smart-016-355241,Mobile,+855016355241
Smart-016-355242,Mobile,+855016355242
Smart-016-355243,Mobile,+855016355243
Smart-016-355244,Mobile,+855016355244
Smart-016-355245,Mobile,+855016355245
Smart-016-355246,Mobile,+855016355246
Smart-016-355247,Mobile,+855016355247
Smart-016-355248,Mobile,+855016355248
Smart-016-355249,Mobile,+855016355249
Smart-016-355250,Mobile,+855016355250
Smart-016-355251,Mobile,+855016355251
Smart-016-355252,Mobile,+855016355252
Smart-016-355253,Mobile,+855016355253
Smart-016-355254,Mobile,+855016355254
Smart-016-355255,Mobile,+855016355255
Smart-016-355256,Mobile,+855016355256
Smart-016-355257,Mobile,+855016355257
Smart-016-355258,Mobile,+855016355258
Smart-016-355259,Mobile,+855016355259
Smart-016-355260,Mobile,+855016355260
Smart-016-355261,Mobile,+855016355261
Smart-016-355262,Mobile,+855016355262
Smart-016-355263,Mobile,+855016355263
Smart-016-355264,Mobile,+855016355264
Smart-016-355265,Mobile,+855016355265
Smart-016-355266,Mobile,+855016355266
Smart-016-355267,Mobile,+855016355267
Smart-016-355268,Mobile,+855016355268
Smart-016-355269,Mobile,+855016355269
Smart-016-355270,Mobile,+855016355270
Smart-016-355271,Mobile,+855016355271
Smart-016-355272,Mobile,+855016355272
Smart-016-355273,Mobile,+855016355273
Smart-016-355274,Mobile,+855016355274
Smart-016-355275,Mobile,+855016355275
Smart-016-355276,Mobile,+855016355276
Smart-016-355277,Mobile,+855016355277
Smart-016-355278,Mobile,+855016355278
Smart-016-355279,Mobile,+855016355279
Smart-016-355280,Mobile,+855016355280
Smart-016-355281,Mobile,+855016355281
Smart-016-355282,Mobile,+855016355282
Smart-016-355283,Mobile,+855016355283
Smart-016-355284,Mobile,+855016355284
Smart-016-355285,Mobile,+855016355285
Smart-016-355286,Mobile,+855016355286
Smart-016-355287,Mobile,+855016355287
Smart-016-355288,Mobile,+855016355288
Smart-016-355289,Mobile,+855016355289
Smart-016-355290,Mobile,+855016355290
Smart-016-355291,Mobile,+855016355291
Smart-016-355292,Mobile,+855016355292
Smart-016-355293,Mobile,+855016355293
Smart-016-355294,Mobile,+855016355294
Smart-016-355295,Mobile,+855016355295
Smart-016-355296,Mobile,+855016355296
Smart-016-355297,Mobile,+855016355297
Smart-016-355298,Mobile,+855016355298
Smart-016-355299,Mobile,+855016355299
Smart-016-355300,Mobile,+855016355300
Smart-016-355301,Mobile,+855016355301
Smart-016-355302,Mobile,+855016355302
Smart-016-355303,Mobile,+855016355303
Smart-016-355304,Mobile,+855016355304
Smart-016-355305,Mobile,+855016355305
Smart-016-355306,Mobile,+855016355306
Smart-016-355307,Mobile,+855016355307
Smart-016-355308,Mobile,+855016355308
Smart-016-355309,Mobile,+855016355309
Smart-016-355310,Mobile,+855016355310
Smart-016-355311,Mobile,+855016355311
Smart-016-355312,Mobile,+855016355312
Smart-016-355313,Mobile,+855016355313
Smart-016-355314,Mobile,+855016355314
Smart-016-355315,Mobile,+855016355315
Smart-016-355316,Mobile,+855016355316
Smart-016-355317,Mobile,+855016355317
Smart-016-355318,Mobile,+855016355318
Smart-016-355319,Mobile,+855016355319
Smart-016-355320,Mobile,+855016355320
Smart-016-355321,Mobile,+855016355321
Smart-016-355322,Mobile,+855016355322
Smart-016-355323,Mobile,+855016355323
Smart-016-355324,Mobile,+855016355324
Smart-016-355325,Mobile,+855016355325
Smart-016-355326,Mobile,+855016355326
Smart-016-355327,Mobile,+855016355327
Smart-016-355328,Mobile,+855016355328
Smart-016-355329,Mobile,+855016355329
Smart-016-355330,Mobile,+855016355330
Smart-016-355331,Mobile,+855016355331
Smart-016-355332,Mobile,+855016355332
Smart-016-355333,Mobile,+855016355333
Smart-016-355334,Mobile,+855016355334
Smart-016-355335,Mobile,+855016355335
Smart-016-355336,Mobile,+855016355336
Smart-016-355337,Mobile,+855016355337
Smart-016-355338,Mobile,+855016355338
Smart-016-355339,Mobile,+855016355339
Smart-016-355340,Mobile,+855016355340
Smart-016-355341,Mobile,+855016355341
Smart-016-355342,Mobile,+855016355342
Smart-016-355343,Mobile,+855016355343
Smart-016-355344,Mobile,+855016355344
Smart-016-355345,Mobile,+855016355345
Smart-016-355346,Mobile,+855016355346
Smart-016-355347,Mobile,+855016355347
Smart-016-355348,Mobile,+855016355348
Smart-016-355349,Mobile,+855016355349
Smart-016-355350,Mobile,+855016355350
Smart-016-355351,Mobile,+855016355351
Smart-016-355352,Mobile,+855016355352
Smart-016-355353,Mobile,+855016355353
Smart-016-355354,Mobile,+855016355354
Smart-016-355355,Mobile,+855016355355
Smart-016-355356,Mobile,+855016355356
Smart-016-355357,Mobile,+855016355357
Smart-016-355358,Mobile,+855016355358
Smart-016-355359,Mobile,+855016355359
Smart-016-355360,Mobile,+855016355360
Smart-016-355361,Mobile,+855016355361
Smart-016-355362,Mobile,+855016355362
Smart-016-355363,Mobile,+855016355363
Smart-016-355364,Mobile,+855016355364
Smart-016-355365,Mobile,+855016355365
Smart-016-355366,Mobile,+855016355366
Smart-016-355367,Mobile,+855016355367
Smart-016-355368,Mobile,+855016355368
Smart-016-355369,Mobile,+855016355369
Smart-016-355370,Mobile,+855016355370
Smart-016-355371,Mobile,+855016355371
Smart-016-355372,Mobile,+855016355372
Smart-016-355373,Mobile,+855016355373
Smart-016-355374,Mobile,+855016355374
Smart-016-355375,Mobile,+855016355375
Smart-016-355376,Mobile,+855016355376
Smart-016-355377,Mobile,+855016355377
Smart-016-355378,Mobile,+855016355378
Smart-016-355379,Mobile,+855016355379
Smart-016-355380,Mobile,+855016355380
Smart-016-355381,Mobile,+855016355381
Smart-016-355382,Mobile,+855016355382
Smart-016-355383,Mobile,+855016355383
Smart-016-355384,Mobile,+855016355384
Smart-016-355385,Mobile,+855016355385
Smart-016-355386,Mobile,+855016355386
Smart-016-355387,Mobile,+855016355387
Smart-016-355388,Mobile,+855016355388
Smart-016-355389,Mobile,+855016355389
Smart-016-355390,Mobile,+855016355390
Smart-016-355391,Mobile,+855016355391
Smart-016-355392,Mobile,+855016355392
Smart-016-355393,Mobile,+855016355393
Smart-016-355394,Mobile,+855016355394
Smart-016-355395,Mobile,+855016355395
Smart-016-355396,Mobile,+855016355396
Smart-016-355397,Mobile,+855016355397
Smart-016-355398,Mobile,+855016355398
Smart-016-355399,Mobile,+855016355399
Smart-016-355400,Mobile,+855016355400
Smart-016-355401,Mobile,+855016355401
Smart-016-355402,Mobile,+855016355402
Smart-016-355403,Mobile,+855016355403
Smart-016-355404,Mobile,+855016355404
Smart-016-355405,Mobile,+855016355405
Smart-016-355406,Mobile,+855016355406
Smart-016-355407,Mobile,+855016355407
Smart-016-355408,Mobile,+855016355408
Smart-016-355409,Mobile,+855016355409
Smart-016-355410,Mobile,+855016355410
Smart-016-355411,Mobile,+855016355411
Smart-016-355412,Mobile,+855016355412
Smart-016-355413,Mobile,+855016355413
Smart-016-355414,Mobile,+855016355414
Smart-016-355415,Mobile,+855016355415
Smart-016-355416,Mobile,+855016355416
Smart-016-355417,Mobile,+855016355417
Smart-016-355418,Mobile,+855016355418
Smart-016-355419,Mobile,+855016355419
Smart-016-355420,Mobile,+855016355420
Smart-016-355421,Mobile,+855016355421
Smart-016-355422,Mobile,+855016355422
Smart-016-355423,Mobile,+855016355423
Smart-016-355424,Mobile,+855016355424
Smart-016-355425,Mobile,+855016355425
Smart-016-355426,Mobile,+855016355426
Smart-016-355427,Mobile,+855016355427
Smart-016-355428,Mobile,+855016355428
Smart-016-355429,Mobile,+855016355429
Smart-016-355430,Mobile,+855016355430
Smart-016-355431,Mobile,+855016355431
Smart-016-355432,Mobile,+855016355432
Smart-016-355433,Mobile,+855016355433
Smart-016-355434,Mobile,+855016355434
Smart-016-355435,Mobile,+855016355435
Smart-016-355436,Mobile,+855016355436
Smart-016-355437,Mobile,+855016355437
Smart-016-355438,Mobile,+855016355438
Smart-016-355439,Mobile,+855016355439
Smart-016-355440,Mobile,+855016355440
Smart-016-355441,Mobile,+855016355441
Smart-016-355442,Mobile,+855016355442
Smart-016-355443,Mobile,+855016355443
Smart-016-355444,Mobile,+855016355444
Smart-016-355445,Mobile,+855016355445
Smart-016-355446,Mobile,+855016355446
Smart-016-355447,Mobile,+855016355447
Smart-016-355448,Mobile,+855016355448
Smart-016-355449,Mobile,+855016355449
Smart-016-355450,Mobile,+855016355450
Smart-016-355451,Mobile,+855016355451
Smart-016-355452,Mobile,+855016355452
Smart-016-355453,Mobile,+855016355453
Smart-016-355454,Mobile,+855016355454
Smart-016-355455,Mobile,+855016355455
Smart-016-355456,Mobile,+855016355456
Smart-016-355457,Mobile,+855016355457
Smart-016-355458,Mobile,+855016355458
Smart-016-355459,Mobile,+855016355459
Smart-016-355460,Mobile,+855016355460
Smart-016-355461,Mobile,+855016355461
Smart-016-355462,Mobile,+855016355462
Smart-016-355463,Mobile,+855016355463
Smart-016-355464,Mobile,+855016355464
Smart-016-355465,Mobile,+855016355465
Smart-016-355466,Mobile,+855016355466
Smart-016-355467,Mobile,+855016355467
Smart-016-355468,Mobile,+855016355468
Smart-016-355469,Mobile,+855016355469
Smart-016-355470,Mobile,+855016355470
Smart-016-355471,Mobile,+855016355471
Smart-016-355472,Mobile,+855016355472
Smart-016-355473,Mobile,+855016355473
Smart-016-355474,Mobile,+855016355474
Smart-016-355475,Mobile,+855016355475
Smart-016-355476,Mobile,+855016355476
Smart-016-355477,Mobile,+855016355477
Smart-016-355478,Mobile,+855016355478
Smart-016-355479,Mobile,+855016355479
Smart-016-355480,Mobile,+855016355480
Smart-016-355481,Mobile,+855016355481
Smart-016-355482,Mobile,+855016355482
Smart-016-355483,Mobile,+855016355483
Smart-016-355484,Mobile,+855016355484
Smart-016-355485,Mobile,+855016355485
Smart-016-355486,Mobile,+855016355486
Smart-016-355487,Mobile,+855016355487
Smart-016-355488,Mobile,+855016355488
Smart-016-355489,Mobile,+855016355489
Smart-016-355490,Mobile,+855016355490
Smart-016-355491,Mobile,+855016355491
Smart-016-355492,Mobile,+855016355492
Smart-016-355493,Mobile,+855016355493
Smart-016-355494,Mobile,+855016355494
Smart-016-355495,Mobile,+855016355495
Smart-016-355496,Mobile,+855016355496
Smart-016-355497,Mobile,+855016355497
Smart-016-355498,Mobile,+855016355498
Smart-016-355499,Mobile,+855016355499
Smart-016-355500,Mobile,+855016355500
Smart-016-355501,Mobile,+855016355501
Smart-016-355502,Mobile,+855016355502
Smart-016-355503,Mobile,+855016355503
Smart-016-355504,Mobile,+855016355504
Smart-016-355505,Mobile,+855016355505
Smart-016-355506,Mobile,+855016355506
Smart-016-355507,Mobile,+855016355507
Smart-016-355508,Mobile,+855016355508
Smart-016-355509,Mobile,+855016355509
Smart-016-355510,Mobile,+855016355510
Smart-016-355511,Mobile,+855016355511
Smart-016-355512,Mobile,+855016355512
Smart-016-355513,Mobile,+855016355513
Smart-016-355514,Mobile,+855016355514
Smart-016-355515,Mobile,+855016355515
Smart-016-355516,Mobile,+855016355516
Smart-016-355517,Mobile,+855016355517
Smart-016-355518,Mobile,+855016355518
Smart-016-355519,Mobile,+855016355519
Smart-016-355520,Mobile,+855016355520
Smart-016-355521,Mobile,+855016355521
Smart-016-355522,Mobile,+855016355522
Smart-016-355523,Mobile,+855016355523
Smart-016-355524,Mobile,+855016355524
Smart-016-355525,Mobile,+855016355525
Smart-016-355526,Mobile,+855016355526
Smart-016-355527,Mobile,+855016355527
Smart-016-355528,Mobile,+855016355528
Smart-016-355529,Mobile,+855016355529
Smart-016-355530,Mobile,+855016355530
Smart-016-355531,Mobile,+855016355531
Smart-016-355532,Mobile,+855016355532
Smart-016-355533,Mobile,+855016355533
Smart-016-355534,Mobile,+855016355534
Smart-016-355535,Mobile,+855016355535
Smart-016-355536,Mobile,+855016355536
Smart-016-355537,Mobile,+855016355537
Smart-016-355538,Mobile,+855016355538
Smart-016-355539,Mobile,+855016355539
Smart-016-355540,Mobile,+855016355540
Smart-016-355541,Mobile,+855016355541
Smart-016-355542,Mobile,+855016355542
Smart-016-355543,Mobile,+855016355543
Smart-016-355544,Mobile,+855016355544
Smart-016-355545,Mobile,+855016355545
Smart-016-355546,Mobile,+855016355546
Smart-016-355547,Mobile,+855016355547
Smart-016-355548,Mobile,+855016355548
Smart-016-355549,Mobile,+855016355549
Smart-016-355550,Mobile,+855016355550
Smart-016-355551,Mobile,+855016355551
Smart-016-355552,Mobile,+855016355552
Smart-016-355553,Mobile,+855016355553
Smart-016-355554,Mobile,+855016355554
Smart-016-355555,Mobile,+855016355555
Smart-016-355556,Mobile,+855016355556
Smart-016-355557,Mobile,+855016355557
Smart-016-355558,Mobile,+855016355558
Smart-016-355559,Mobile,+855016355559
Smart-016-355560,Mobile,+855016355560
Smart-016-355561,Mobile,+855016355561
Smart-016-355562,Mobile,+855016355562
Smart-016-355563,Mobile,+855016355563
Smart-016-355564,Mobile,+855016355564
Smart-016-355565,Mobile,+855016355565
Smart-016-355566,Mobile,+855016355566
Smart-016-355567,Mobile,+855016355567
Smart-016-355568,Mobile,+855016355568
Smart-016-355569,Mobile,+855016355569
Smart-016-355570,Mobile,+855016355570
Smart-016-355571,Mobile,+855016355571
Smart-016-355572,Mobile,+855016355572
Smart-016-355573,Mobile,+855016355573
Smart-016-355574,Mobile,+855016355574
Smart-016-355575,Mobile,+855016355575
Smart-016-355576,Mobile,+855016355576
Smart-016-355577,Mobile,+855016355577
Smart-016-355578,Mobile,+855016355578
Smart-016-355579,Mobile,+855016355579
Smart-016-355580,Mobile,+855016355580
Smart-016-355581,Mobile,+855016355581
Smart-016-355582,Mobile,+855016355582
Smart-016-355583,Mobile,+855016355583
Smart-016-355584,Mobile,+855016355584
Smart-016-355585,Mobile,+855016355585
Smart-016-355586,Mobile,+855016355586
Smart-016-355587,Mobile,+855016355587
Smart-016-355588,Mobile,+855016355588
Smart-016-355589,Mobile,+855016355589
Smart-016-355590,Mobile,+855016355590
Smart-016-355591,Mobile,+855016355591
Smart-016-355592,Mobile,+855016355592
Smart-016-355593,Mobile,+855016355593
Smart-016-355594,Mobile,+855016355594
Smart-016-355595,Mobile,+855016355595
Smart-016-355596,Mobile,+855016355596
Smart-016-355597,Mobile,+855016355597
Smart-016-355598,Mobile,+855016355598
Smart-016-355599,Mobile,+855016355599
Smart-016-355600,Mobile,+855016355600
Smart-016-355601,Mobile,+855016355601
Smart-016-355602,Mobile,+855016355602
Smart-016-355603,Mobile,+855016355603
Smart-016-355604,Mobile,+855016355604
Smart-016-355605,Mobile,+855016355605
Smart-016-355606,Mobile,+855016355606
Smart-016-355607,Mobile,+855016355607
Smart-016-355608,Mobile,+855016355608
Smart-016-355609,Mobile,+855016355609
Smart-016-355610,Mobile,+855016355610
Smart-016-355611,Mobile,+855016355611
Smart-016-355612,Mobile,+855016355612
Smart-016-355613,Mobile,+855016355613
Smart-016-355614,Mobile,+855016355614
Smart-016-355615,Mobile,+855016355615
Smart-016-355616,Mobile,+855016355616
Smart-016-355617,Mobile,+855016355617
Smart-016-355618,Mobile,+855016355618
Smart-016-355619,Mobile,+855016355619
Smart-016-355620,Mobile,+855016355620
Smart-016-355621,Mobile,+855016355621
Smart-016-355622,Mobile,+855016355622
Smart-016-355623,Mobile,+855016355623
Smart-016-355624,Mobile,+855016355624
Smart-016-355625,Mobile,+855016355625
Smart-016-355626,Mobile,+855016355626
Smart-016-355627,Mobile,+855016355627
Smart-016-355628,Mobile,+855016355628
Smart-016-355629,Mobile,+855016355629
Smart-016-355630,Mobile,+855016355630
Smart-016-355631,Mobile,+855016355631
Smart-016-355632,Mobile,+855016355632
Smart-016-355633,Mobile,+855016355633
Smart-016-355634,Mobile,+855016355634
Smart-016-355635,Mobile,+855016355635
Smart-016-355636,Mobile,+855016355636
Smart-016-355637,Mobile,+855016355637
Smart-016-355638,Mobile,+855016355638
Smart-016-355639,Mobile,+855016355639
Smart-016-355640,Mobile,+855016355640
Smart-016-355641,Mobile,+855016355641
Smart-016-355642,Mobile,+855016355642
Smart-016-355643,Mobile,+855016355643
Smart-016-355644,Mobile,+855016355644
Smart-016-355645,Mobile,+855016355645
Smart-016-355646,Mobile,+855016355646
Smart-016-355647,Mobile,+855016355647
Smart-016-355648,Mobile,+855016355648
Smart-016-355649,Mobile,+855016355649
Smart-016-355650,Mobile,+855016355650
Smart-016-355651,Mobile,+855016355651
Smart-016-355652,Mobile,+855016355652
Smart-016-355653,Mobile,+855016355653
Smart-016-355654,Mobile,+855016355654
Smart-016-355655,Mobile,+855016355655
Smart-016-355656,Mobile,+855016355656
Smart-016-355657,Mobile,+855016355657
Smart-016-355658,Mobile,+855016355658
Smart-016-355659,Mobile,+855016355659
Smart-016-355660,Mobile,+855016355660
Smart-016-355661,Mobile,+855016355661
Smart-016-355662,Mobile,+855016355662
Smart-016-355663,Mobile,+855016355663
Smart-016-355664,Mobile,+855016355664
Smart-016-355665,Mobile,+855016355665
Smart-016-355666,Mobile,+855016355666
Smart-016-355667,Mobile,+855016355667
Smart-016-355668,Mobile,+855016355668
Smart-016-355669,Mobile,+855016355669
Smart-016-355670,Mobile,+855016355670
Smart-016-355671,Mobile,+855016355671
Smart-016-355672,Mobile,+855016355672
Smart-016-355673,Mobile,+855016355673
Smart-016-355674,Mobile,+855016355674
Smart-016-355675,Mobile,+855016355675
Smart-016-355676,Mobile,+855016355676
Smart-016-355677,Mobile,+855016355677
Smart-016-355678,Mobile,+855016355678
Smart-016-355679,Mobile,+855016355679
Smart-016-355680,Mobile,+855016355680
Smart-016-355681,Mobile,+855016355681
Smart-016-355682,Mobile,+855016355682
Smart-016-355683,Mobile,+855016355683
Smart-016-355684,Mobile,+855016355684
Smart-016-355685,Mobile,+855016355685
Smart-016-355686,Mobile,+855016355686
Smart-016-355687,Mobile,+855016355687
Smart-016-355688,Mobile,+855016355688
Smart-016-355689,Mobile,+855016355689
Smart-016-355690,Mobile,+855016355690
Smart-016-355691,Mobile,+855016355691
Smart-016-355692,Mobile,+855016355692
Smart-016-355693,Mobile,+855016355693
Smart-016-355694,Mobile,+855016355694
Smart-016-355695,Mobile,+855016355695
Smart-016-355696,Mobile,+855016355696
Smart-016-355697,Mobile,+855016355697
Smart-016-355698,Mobile,+855016355698
Smart-016-355699,Mobile,+855016355699
Smart-016-355700,Mobile,+855016355700
Smart-016-355701,Mobile,+855016355701
Smart-016-355702,Mobile,+855016355702
Smart-016-355703,Mobile,+855016355703
Smart-016-355704,Mobile,+855016355704
Smart-016-355705,Mobile,+855016355705
Smart-016-355706,Mobile,+855016355706
Smart-016-355707,Mobile,+855016355707
Smart-016-355708,Mobile,+855016355708
Smart-016-355709,Mobile,+855016355709
Smart-016-355710,Mobile,+855016355710
Smart-016-355711,Mobile,+855016355711
Smart-016-355712,Mobile,+855016355712
Smart-016-355713,Mobile,+855016355713
Smart-016-355714,Mobile,+855016355714
Smart-016-355715,Mobile,+855016355715
Smart-016-355716,Mobile,+855016355716
Smart-016-355717,Mobile,+855016355717
Smart-016-355718,Mobile,+855016355718
Smart-016-355719,Mobile,+855016355719
Smart-016-355720,Mobile,+855016355720
Smart-016-355721,Mobile,+855016355721
Smart-016-355722,Mobile,+855016355722
Smart-016-355723,Mobile,+855016355723
Smart-016-355724,Mobile,+855016355724
Smart-016-355725,Mobile,+855016355725
Smart-016-355726,Mobile,+855016355726
Smart-016-355727,Mobile,+855016355727
Smart-016-355728,Mobile,+855016355728
Smart-016-355729,Mobile,+855016355729
Smart-016-355730,Mobile,+855016355730
Smart-016-355731,Mobile,+855016355731
Smart-016-355732,Mobile,+855016355732
Smart-016-355733,Mobile,+855016355733
Smart-016-355734,Mobile,+855016355734
Smart-016-355735,Mobile,+855016355735
Smart-016-355736,Mobile,+855016355736
Smart-016-355737,Mobile,+855016355737
Smart-016-355738,Mobile,+855016355738
Smart-016-355739,Mobile,+855016355739
Smart-016-355740,Mobile,+855016355740
Smart-016-355741,Mobile,+855016355741
Smart-016-355742,Mobile,+855016355742
Smart-016-355743,Mobile,+855016355743
Smart-016-355744,Mobile,+855016355744
Smart-016-355745,Mobile,+855016355745
Smart-016-355746,Mobile,+855016355746
Smart-016-355747,Mobile,+855016355747
Smart-016-355748,Mobile,+855016355748
Smart-016-355749,Mobile,+855016355749
Smart-016-355750,Mobile,+855016355750
Smart-016-355751,Mobile,+855016355751
Smart-016-355752,Mobile,+855016355752
Smart-016-355753,Mobile,+855016355753
Smart-016-355754,Mobile,+855016355754
Smart-016-355755,Mobile,+855016355755
Smart-016-355756,Mobile,+855016355756
Smart-016-355757,Mobile,+855016355757
Smart-016-355758,Mobile,+855016355758
Smart-016-355759,Mobile,+855016355759
Smart-016-355760,Mobile,+855016355760
Smart-016-355761,Mobile,+855016355761
Smart-016-355762,Mobile,+855016355762
Smart-016-355763,Mobile,+855016355763
Smart-016-355764,Mobile,+855016355764
Smart-016-355765,Mobile,+855016355765
Smart-016-355766,Mobile,+855016355766
Smart-016-355767,Mobile,+855016355767
Smart-016-355768,Mobile,+855016355768
Smart-016-355769,Mobile,+855016355769
Smart-016-355770,Mobile,+855016355770
Smart-016-355771,Mobile,+855016355771
Smart-016-355772,Mobile,+855016355772
Smart-016-355773,Mobile,+855016355773
Smart-016-355774,Mobile,+855016355774
Smart-016-355775,Mobile,+855016355775
Smart-016-355776,Mobile,+855016355776
Smart-016-355777,Mobile,+855016355777
Smart-016-355778,Mobile,+855016355778
Smart-016-355779,Mobile,+855016355779
Smart-016-355780,Mobile,+855016355780
Smart-016-355781,Mobile,+855016355781
Smart-016-355782,Mobile,+855016355782
Smart-016-355783,Mobile,+855016355783
Smart-016-355784,Mobile,+855016355784
Smart-016-355785,Mobile,+855016355785
Smart-016-355786,Mobile,+855016355786
Smart-016-355787,Mobile,+855016355787
Smart-016-355788,Mobile,+855016355788
Smart-016-355789,Mobile,+855016355789
Smart-016-355790,Mobile,+855016355790
Smart-016-355791,Mobile,+855016355791
Smart-016-355792,Mobile,+855016355792
Smart-016-355793,Mobile,+855016355793
Smart-016-355794,Mobile,+855016355794
Smart-016-355795,Mobile,+855016355795
Smart-016-355796,Mobile,+855016355796
Smart-016-355797,Mobile,+855016355797
Smart-016-355798,Mobile,+855016355798
Smart-016-355799,Mobile,+855016355799
Smart-016-355800,Mobile,+855016355800
Smart-016-355801,Mobile,+855016355801
Smart-016-355802,Mobile,+855016355802
Smart-016-355803,Mobile,+855016355803
Smart-016-355804,Mobile,+855016355804
Smart-016-355805,Mobile,+855016355805
Smart-016-355806,Mobile,+855016355806
Smart-016-355807,Mobile,+855016355807
Smart-016-355808,Mobile,+855016355808
Smart-016-355809,Mobile,+855016355809
Smart-016-355810,Mobile,+855016355810
Smart-016-355811,Mobile,+855016355811
Smart-016-355812,Mobile,+855016355812
Smart-016-355813,Mobile,+855016355813
Smart-016-355814,Mobile,+855016355814
Smart-016-355815,Mobile,+855016355815
Smart-016-355816,Mobile,+855016355816
Smart-016-355817,Mobile,+855016355817
Smart-016-355818,Mobile,+855016355818
Smart-016-355819,Mobile,+855016355819
Smart-016-355820,Mobile,+855016355820
Smart-016-355821,Mobile,+855016355821
Smart-016-355822,Mobile,+855016355822
Smart-016-355823,Mobile,+855016355823
Smart-016-355824,Mobile,+855016355824
Smart-016-355825,Mobile,+855016355825
Smart-016-355826,Mobile,+855016355826
Smart-016-355827,Mobile,+855016355827
Smart-016-355828,Mobile,+855016355828
Smart-016-355829,Mobile,+855016355829
Smart-016-355830,Mobile,+855016355830
Smart-016-355831,Mobile,+855016355831
Smart-016-355832,Mobile,+855016355832
Smart-016-355833,Mobile,+855016355833
Smart-016-355834,Mobile,+855016355834
Smart-016-355835,Mobile,+855016355835
Smart-016-355836,Mobile,+855016355836
Smart-016-355837,Mobile,+855016355837
Smart-016-355838,Mobile,+855016355838
Smart-016-355839,Mobile,+855016355839
Smart-016-355840,Mobile,+855016355840
Smart-016-355841,Mobile,+855016355841
Smart-016-355842,Mobile,+855016355842
Smart-016-355843,Mobile,+855016355843
Smart-016-355844,Mobile,+855016355844
Smart-016-355845,Mobile,+855016355845
Smart-016-355846,Mobile,+855016355846
Smart-016-355847,Mobile,+855016355847
Smart-016-355848,Mobile,+855016355848
Smart-016-355849,Mobile,+855016355849
Smart-016-355850,Mobile,+855016355850
Smart-016-355851,Mobile,+855016355851
Smart-016-355852,Mobile,+855016355852
Smart-016-355853,Mobile,+855016355853
Smart-016-355854,Mobile,+855016355854
Smart-016-355855,Mobile,+855016355855
Smart-016-355856,Mobile,+855016355856
Smart-016-355857,Mobile,+855016355857
Smart-016-355858,Mobile,+855016355858
Smart-016-355859,Mobile,+855016355859
Smart-016-355860,Mobile,+855016355860
Smart-016-355861,Mobile,+855016355861
Smart-016-355862,Mobile,+855016355862
Smart-016-355863,Mobile,+855016355863
Smart-016-355864,Mobile,+855016355864
Smart-016-355865,Mobile,+855016355865
Smart-016-355866,Mobile,+855016355866
Smart-016-355867,Mobile,+855016355867
Smart-016-355868,Mobile,+855016355868
Smart-016-355869,Mobile,+855016355869
Smart-016-355870,Mobile,+855016355870
Smart-016-355871,Mobile,+855016355871
Smart-016-355872,Mobile,+855016355872
Smart-016-355873,Mobile,+855016355873
Smart-016-355874,Mobile,+855016355874
Smart-016-355875,Mobile,+855016355875
Smart-016-355876,Mobile,+855016355876
Smart-016-355877,Mobile,+855016355877
Smart-016-355878,Mobile,+855016355878
Smart-016-355879,Mobile,+855016355879
Smart-016-355880,Mobile,+855016355880
Smart-016-355881,Mobile,+855016355881
Smart-016-355882,Mobile,+855016355882
Smart-016-355883,Mobile,+855016355883
Smart-016-355884,Mobile,+855016355884
Smart-016-355885,Mobile,+855016355885
Smart-016-355886,Mobile,+855016355886
Smart-016-355887,Mobile,+855016355887
Smart-016-355888,Mobile,+855016355888
Smart-016-355889,Mobile,+855016355889
Smart-016-355890,Mobile,+855016355890
Smart-016-355891,Mobile,+855016355891
Smart-016-355892,Mobile,+855016355892
Smart-016-355893,Mobile,+855016355893
Smart-016-355894,Mobile,+855016355894
Smart-016-355895,Mobile,+855016355895
Smart-016-355896,Mobile,+855016355896
Smart-016-355897,Mobile,+855016355897
Smart-016-355898,Mobile,+855016355898
Smart-016-355899,Mobile,+855016355899
Smart-016-355900,Mobile,+855016355900
Smart-016-355901,Mobile,+855016355901
Smart-016-355902,Mobile,+855016355902
Smart-016-355903,Mobile,+855016355903
Smart-016-355904,Mobile,+855016355904
Smart-016-355905,Mobile,+855016355905
Smart-016-355906,Mobile,+855016355906
Smart-016-355907,Mobile,+855016355907
Smart-016-355908,Mobile,+855016355908
Smart-016-355909,Mobile,+855016355909
Smart-016-355910,Mobile,+855016355910
Smart-016-355911,Mobile,+855016355911
Smart-016-355912,Mobile,+855016355912
Smart-016-355913,Mobile,+855016355913
Smart-016-355914,Mobile,+855016355914
Smart-016-355915,Mobile,+855016355915
Smart-016-355916,Mobile,+855016355916
Smart-016-355917,Mobile,+855016355917
Smart-016-355918,Mobile,+855016355918
Smart-016-355919,Mobile,+855016355919
Smart-016-355920,Mobile,+855016355920
Smart-016-355921,Mobile,+855016355921
Smart-016-355922,Mobile,+855016355922
Smart-016-355923,Mobile,+855016355923
Smart-016-355924,Mobile,+855016355924
Smart-016-355925,Mobile,+855016355925
Smart-016-355926,Mobile,+855016355926
Smart-016-355927,Mobile,+855016355927
Smart-016-355928,Mobile,+855016355928
Smart-016-355929,Mobile,+855016355929
Smart-016-355930,Mobile,+855016355930
Smart-016-355931,Mobile,+855016355931
Smart-016-355932,Mobile,+855016355932
Smart-016-355933,Mobile,+855016355933
Smart-016-355934,Mobile,+855016355934
Smart-016-355935,Mobile,+855016355935
Smart-016-355936,Mobile,+855016355936
Smart-016-355937,Mobile,+855016355937
Smart-016-355938,Mobile,+855016355938
Smart-016-355939,Mobile,+855016355939
Smart-016-355940,Mobile,+855016355940
Smart-016-355941,Mobile,+855016355941
Smart-016-355942,Mobile,+855016355942
Smart-016-355943,Mobile,+855016355943
Smart-016-355944,Mobile,+855016355944
Smart-016-355945,Mobile,+855016355945
Smart-016-355946,Mobile,+855016355946
Smart-016-355947,Mobile,+855016355947
Smart-016-355948,Mobile,+855016355948
Smart-016-355949,Mobile,+855016355949
Smart-016-355950,Mobile,+855016355950
Smart-016-355951,Mobile,+855016355951
Smart-016-355952,Mobile,+855016355952
Smart-016-355953,Mobile,+855016355953
Smart-016-355954,Mobile,+855016355954
Smart-016-355955,Mobile,+855016355955
Smart-016-355956,Mobile,+855016355956
Smart-016-355957,Mobile,+855016355957
Smart-016-355958,Mobile,+855016355958
Smart-016-355959,Mobile,+855016355959
Smart-016-355960,Mobile,+855016355960
Smart-016-355961,Mobile,+855016355961
Smart-016-355962,Mobile,+855016355962
Smart-016-355963,Mobile,+855016355963
Smart-016-355964,Mobile,+855016355964
Smart-016-355965,Mobile,+855016355965
Smart-016-355966,Mobile,+855016355966
Smart-016-355967,Mobile,+855016355967
Smart-016-355968,Mobile,+855016355968
Smart-016-355969,Mobile,+855016355969
Smart-016-355970,Mobile,+855016355970
Smart-016-355971,Mobile,+855016355971
Smart-016-355972,Mobile,+855016355972
Smart-016-355973,Mobile,+855016355973
Smart-016-355974,Mobile,+855016355974
Smart-016-355975,Mobile,+855016355975
Smart-016-355976,Mobile,+855016355976
Smart-016-355977,Mobile,+855016355977
Smart-016-355978,Mobile,+855016355978
Smart-016-355979,Mobile,+855016355979
Smart-016-355980,Mobile,+855016355980
Smart-016-355981,Mobile,+855016355981
Smart-016-355982,Mobile,+855016355982
Smart-016-355983,Mobile,+855016355983
Smart-016-355984,Mobile,+855016355984
Smart-016-355985,Mobile,+855016355985
Smart-016-355986,Mobile,+855016355986
Smart-016-355987,Mobile,+855016355987
Smart-016-355988,Mobile,+855016355988
Smart-016-355989,Mobile,+855016355989
Smart-016-355990,Mobile,+855016355990
Smart-016-355991,Mobile,+855016355991
Smart-016-355992,Mobile,+855016355992
Smart-016-355993,Mobile,+855016355993
Smart-016-355994,Mobile,+855016355994
Smart-016-355995,Mobile,+855016355995
Smart-016-355996,Mobile,+855016355996
Smart-016-355997,Mobile,+855016355997
Smart-016-355998,Mobile,+855016355998
Smart-016-355999,Mobile,+855016355999
Smart-016-356000,Mobile,+855016356000
Smart-016-356001,Mobile,+855016356001
Smart-016-356002,Mobile,+855016356002
Smart-016-356003,Mobile,+855016356003
Smart-016-356004,Mobile,+855016356004
Smart-016-356005,Mobile,+855016356005
Smart-016-356006,Mobile,+855016356006
Smart-016-356007,Mobile,+855016356007
Smart-016-356008,Mobile,+855016356008
Smart-016-356009,Mobile,+855016356009
Smart-016-356010,Mobile,+855016356010
Smart-016-356011,Mobile,+855016356011
Smart-016-356012,Mobile,+855016356012
Smart-016-356013,Mobile,+855016356013
Smart-016-356014,Mobile,+855016356014
Smart-016-356015,Mobile,+855016356015
Smart-016-356016,Mobile,+855016356016
Smart-016-356017,Mobile,+855016356017
Smart-016-356018,Mobile,+855016356018
Smart-016-356019,Mobile,+855016356019
Smart-016-356020,Mobile,+855016356020
Smart-016-356021,Mobile,+855016356021
Smart-016-356022,Mobile,+855016356022
Smart-016-356023,Mobile,+855016356023
Smart-016-356024,Mobile,+855016356024
Smart-016-356025,Mobile,+855016356025
Smart-016-356026,Mobile,+855016356026
Smart-016-356027,Mobile,+855016356027
Smart-016-356028,Mobile,+855016356028
Smart-016-356029,Mobile,+855016356029
Smart-016-356030,Mobile,+855016356030
Smart-016-356031,Mobile,+855016356031
Smart-016-356032,Mobile,+855016356032
Smart-016-356033,Mobile,+855016356033
Smart-016-356034,Mobile,+855016356034
Smart-016-356035,Mobile,+855016356035
Smart-016-356036,Mobile,+855016356036
Smart-016-356037,Mobile,+855016356037
Smart-016-356038,Mobile,+855016356038
Smart-016-356039,Mobile,+855016356039
Smart-016-356040,Mobile,+855016356040
Smart-016-356041,Mobile,+855016356041
Smart-016-356042,Mobile,+855016356042
Smart-016-356043,Mobile,+855016356043
Smart-016-356044,Mobile,+855016356044
Smart-016-356045,Mobile,+855016356045
Smart-016-356046,Mobile,+855016356046
Smart-016-356047,Mobile,+855016356047
Smart-016-356048,Mobile,+855016356048
Smart-016-356049,Mobile,+855016356049
Smart-016-356050,Mobile,+855016356050
Smart-016-356051,Mobile,+855016356051
Smart-016-356052,Mobile,+855016356052
Smart-016-356053,Mobile,+855016356053
Smart-016-356054,Mobile,+855016356054
Smart-016-356055,Mobile,+855016356055
Smart-016-356056,Mobile,+855016356056
Smart-016-356057,Mobile,+855016356057
Smart-016-356058,Mobile,+855016356058
Smart-016-356059,Mobile,+855016356059
Smart-016-356060,Mobile,+855016356060
Smart-016-356061,Mobile,+855016356061
Smart-016-356062,Mobile,+855016356062
Smart-016-356063,Mobile,+855016356063
Smart-016-356064,Mobile,+855016356064
Smart-016-356065,Mobile,+855016356065
Smart-016-356066,Mobile,+855016356066
Smart-016-356067,Mobile,+855016356067
Smart-016-356068,Mobile,+855016356068
Smart-016-356069,Mobile,+855016356069
Smart-016-356070,Mobile,+855016356070
Smart-016-356071,Mobile,+855016356071
Smart-016-356072,Mobile,+855016356072
Smart-016-356073,Mobile,+855016356073
Smart-016-356074,Mobile,+855016356074
Smart-016-356075,Mobile,+855016356075
Smart-016-356076,Mobile,+855016356076
Smart-016-356077,Mobile,+855016356077
Smart-016-356078,Mobile,+855016356078
Smart-016-356079,Mobile,+855016356079
Smart-016-356080,Mobile,+855016356080
Smart-016-356081,Mobile,+855016356081
Smart-016-356082,Mobile,+855016356082
Smart-016-356083,Mobile,+855016356083
Smart-016-356084,Mobile,+855016356084
Smart-016-356085,Mobile,+855016356085
Smart-016-356086,Mobile,+855016356086
Smart-016-356087,Mobile,+855016356087
Smart-016-356088,Mobile,+855016356088
Smart-016-356089,Mobile,+855016356089
Smart-016-356090,Mobile,+855016356090
Smart-016-356091,Mobile,+855016356091
Smart-016-356092,Mobile,+855016356092
Smart-016-356093,Mobile,+855016356093
Smart-016-356094,Mobile,+855016356094
Smart-016-356095,Mobile,+855016356095
Smart-016-356096,Mobile,+855016356096
Smart-016-356097,Mobile,+855016356097
Smart-016-356098,Mobile,+855016356098
Smart-016-356099,Mobile,+855016356099
Smart-016-356100,Mobile,+855016356100
Smart-016-356101,Mobile,+855016356101
Smart-016-356102,Mobile,+855016356102
Smart-016-356103,Mobile,+855016356103
Smart-016-356104,Mobile,+855016356104
Smart-016-356105,Mobile,+855016356105
Smart-016-356106,Mobile,+855016356106
Smart-016-356107,Mobile,+855016356107
Smart-016-356108,Mobile,+855016356108
Smart-016-356109,Mobile,+855016356109
Smart-016-356110,Mobile,+855016356110
Smart-016-356111,Mobile,+855016356111
Smart-016-356112,Mobile,+855016356112
Smart-016-356113,Mobile,+855016356113
Smart-016-356114,Mobile,+855016356114
Smart-016-356115,Mobile,+855016356115
Smart-016-356116,Mobile,+855016356116
Smart-016-356117,Mobile,+855016356117
Smart-016-356118,Mobile,+855016356118
Smart-016-356119,Mobile,+855016356119
Smart-016-356120,Mobile,+855016356120
Smart-016-356121,Mobile,+855016356121
Smart-016-356122,Mobile,+855016356122
Smart-016-356123,Mobile,+855016356123
Smart-016-356124,Mobile,+855016356124
Smart-016-356125,Mobile,+855016356125
Smart-016-356126,Mobile,+855016356126
Smart-016-356127,Mobile,+855016356127
Smart-016-356128,Mobile,+855016356128
Smart-016-356129,Mobile,+855016356129
Smart-016-356130,Mobile,+855016356130
Smart-016-356131,Mobile,+855016356131
Smart-016-356132,Mobile,+855016356132
Smart-016-356133,Mobile,+855016356133
Smart-016-356134,Mobile,+855016356134
Smart-016-356135,Mobile,+855016356135
Smart-016-356136,Mobile,+855016356136
Smart-016-356137,Mobile,+855016356137
Smart-016-356138,Mobile,+855016356138
Smart-016-356139,Mobile,+855016356139
Smart-016-356140,Mobile,+855016356140
Smart-016-356141,Mobile,+855016356141
Smart-016-356142,Mobile,+855016356142
Smart-016-356143,Mobile,+855016356143
Smart-016-356144,Mobile,+855016356144
Smart-016-356145,Mobile,+855016356145
Smart-016-356146,Mobile,+855016356146
Smart-016-356147,Mobile,+855016356147
Smart-016-356148,Mobile,+855016356148
Smart-016-356149,Mobile,+855016356149
Smart-016-356150,Mobile,+855016356150
Smart-016-356151,Mobile,+855016356151
Smart-016-356152,Mobile,+855016356152
Smart-016-356153,Mobile,+855016356153
Smart-016-356154,Mobile,+855016356154
Smart-016-356155,Mobile,+855016356155
Smart-016-356156,Mobile,+855016356156
Smart-016-356157,Mobile,+855016356157
Smart-016-356158,Mobile,+855016356158
Smart-016-356159,Mobile,+855016356159
Smart-016-356160,Mobile,+855016356160
Smart-016-356161,Mobile,+855016356161
Smart-016-356162,Mobile,+855016356162
Smart-016-356163,Mobile,+855016356163
Smart-016-356164,Mobile,+855016356164
Smart-016-356165,Mobile,+855016356165
Smart-016-356166,Mobile,+855016356166
Smart-016-356167,Mobile,+855016356167
Smart-016-356168,Mobile,+855016356168
Smart-016-356169,Mobile,+855016356169
Smart-016-356170,Mobile,+855016356170
Smart-016-356171,Mobile,+855016356171
Smart-016-356172,Mobile,+855016356172
Smart-016-356173,Mobile,+855016356173
Smart-016-356174,Mobile,+855016356174
Smart-016-356175,Mobile,+855016356175
Smart-016-356176,Mobile,+855016356176
Smart-016-356177,Mobile,+855016356177
Smart-016-356178,Mobile,+855016356178
Smart-016-356179,Mobile,+855016356179
Smart-016-356180,Mobile,+855016356180
Smart-016-356181,Mobile,+855016356181
Smart-016-356182,Mobile,+855016356182
Smart-016-356183,Mobile,+855016356183
Smart-016-356184,Mobile,+855016356184
Smart-016-356185,Mobile,+855016356185
Smart-016-356186,Mobile,+855016356186
Smart-016-356187,Mobile,+855016356187
Smart-016-356188,Mobile,+855016356188
Smart-016-356189,Mobile,+855016356189
